item_id,split,instrument_family_str,instrument_str,pitch,pitch_bin,velocity,audio_relpath,selection_seed
bass_synthetic_135-044-025,test,bass,bass_synthetic_135,44,lower,25,data/raw/nsynth/extracted/nsynth-test/audio/bass_synthetic_135-044-025.wav,5305
bass_synthetic_033-044-050,test,bass,bass_synthetic_033,44,lower,50,data/raw/nsynth/extracted/nsynth-test/audio/bass_synthetic_033-044-050.wav,5305
bass_synthetic_134-044-075,test,bass,bass_synthetic_134,44,lower,75,data/raw/nsynth/extracted/nsynth-test/audio/bass_synthetic_134-044-075.wav,5305
bass_electronic_027-044-100,test,bass,bass_electronic_027,44,lower,100,data/raw/nsynth/extracted/nsynth-test/audio/bass_electronic_027-044-100.wav,5305
bass_synthetic_009-044-127,test,bass,bass_synthetic_009,44,lower,127,data/raw/nsynth/extracted/nsynth-test/audio/bass_synthetic_009-044-127.wav,5305
bass_synthetic_009-045-025,test,bass,bass_synthetic_009,45,lower,25,data/raw/nsynth/extracted/nsynth-test/audio/bass_synthetic_009-045-025.wav,5305
bass_synthetic_068-045-050,test,bass,bass_synthetic_068,45,lower,50,data/raw/nsynth/extracted/nsynth-test/audio/bass_synthetic_068-045-050.wav,5305
bass_synthetic_135-045-050,test,bass,bass_synthetic_135,45,lower,50,data/raw/nsynth/extracted/nsynth-test/audio/bass_synthetic_135-045-050.wav,5305
bass_synthetic_033-045-100,test,bass,bass_synthetic_033,45,lower,100,data/raw/nsynth/extracted/nsynth-test/audio/bass_synthetic_033-045-100.wav,5305
bass_electronic_027-046-100,test,bass,bass_electronic_027,46,lower,100,data/raw/nsynth/extracted/nsynth-test/audio/bass_electronic_027-046-100.wav,5305
bass_synthetic_098-046-127,test,bass,bass_synthetic_098,46,lower,127,data/raw/nsynth/extracted/nsynth-test/audio/bass_synthetic_098-046-127.wav,5305
bass_electronic_027-047-025,test,bass,bass_electronic_027,47,lower,25,data/raw/nsynth/extracted/nsynth-test/audio/bass_electronic_027-047-025.wav,5305
bass_electronic_027-047-050,test,bass,bass_electronic_027,47,lower,50,data/raw/nsynth/extracted/nsynth-test/audio/bass_electronic_027-047-050.wav,5305
bass_electronic_025-047-100,test,bass,bass_electronic_025,47,lower,100,data/raw/nsynth/extracted/nsynth-test/audio/bass_electronic_025-047-100.wav,5305
bass_synthetic_009-047-100,test,bass,bass_synthetic_009,47,lower,100,data/raw/nsynth/extracted/nsynth-test/audio/bass_synthetic_009-047-100.wav,5305
bass_synthetic_134-047-100,test,bass,bass_synthetic_134,47,lower,100,data/raw/nsynth/extracted/nsynth-test/audio/bass_synthetic_134-047-100.wav,5305
bass_electronic_025-048-025,test,bass,bass_electronic_025,48,lower,25,data/raw/nsynth/extracted/nsynth-test/audio/bass_electronic_025-048-025.wav,5305
bass_synthetic_098-048-025,test,bass,bass_synthetic_098,48,lower,25,data/raw/nsynth/extracted/nsynth-test/audio/bass_synthetic_098-048-025.wav,5305
bass_synthetic_068-048-075,test,bass,bass_synthetic_068,48,lower,75,data/raw/nsynth/extracted/nsynth-test/audio/bass_synthetic_068-048-075.wav,5305
bass_synthetic_098-049-025,test,bass,bass_synthetic_098,49,lower,25,data/raw/nsynth/extracted/nsynth-test/audio/bass_synthetic_098-049-025.wav,5305
bass_electronic_018-049-050,test,bass,bass_electronic_018,49,lower,50,data/raw/nsynth/extracted/nsynth-test/audio/bass_electronic_018-049-050.wav,5305
bass_synthetic_033-049-050,test,bass,bass_synthetic_033,49,lower,50,data/raw/nsynth/extracted/nsynth-test/audio/bass_synthetic_033-049-050.wav,5305
bass_electronic_018-049-075,test,bass,bass_electronic_018,49,lower,75,data/raw/nsynth/extracted/nsynth-test/audio/bass_electronic_018-049-075.wav,5305
bass_synthetic_009-049-075,test,bass,bass_synthetic_009,49,lower,75,data/raw/nsynth/extracted/nsynth-test/audio/bass_synthetic_009-049-075.wav,5305
bass_synthetic_033-049-100,test,bass,bass_synthetic_033,49,lower,100,data/raw/nsynth/extracted/nsynth-test/audio/bass_synthetic_033-049-100.wav,5305
bass_synthetic_098-049-127,test,bass,bass_synthetic_098,49,lower,127,data/raw/nsynth/extracted/nsynth-test/audio/bass_synthetic_098-049-127.wav,5305
bass_synthetic_135-049-127,test,bass,bass_synthetic_135,49,lower,127,data/raw/nsynth/extracted/nsynth-test/audio/bass_synthetic_135-049-127.wav,5305
bass_synthetic_068-051-075,test,bass,bass_synthetic_068,51,lower,75,data/raw/nsynth/extracted/nsynth-test/audio/bass_synthetic_068-051-075.wav,5305
bass_electronic_027-051-100,test,bass,bass_electronic_027,51,lower,100,data/raw/nsynth/extracted/nsynth-test/audio/bass_electronic_027-051-100.wav,5305
bass_synthetic_068-051-127,test,bass,bass_synthetic_068,51,lower,127,data/raw/nsynth/extracted/nsynth-test/audio/bass_synthetic_068-051-127.wav,5305
bass_synthetic_135-051-127,test,bass,bass_synthetic_135,51,lower,127,data/raw/nsynth/extracted/nsynth-test/audio/bass_synthetic_135-051-127.wav,5305
bass_electronic_027-052-025,test,bass,bass_electronic_027,52,middle,25,data/raw/nsynth/extracted/nsynth-test/audio/bass_electronic_027-052-025.wav,5305
bass_electronic_025-052-050,test,bass,bass_electronic_025,52,middle,50,data/raw/nsynth/extracted/nsynth-test/audio/bass_electronic_025-052-050.wav,5305
bass_synthetic_135-052-100,test,bass,bass_synthetic_135,52,middle,100,data/raw/nsynth/extracted/nsynth-test/audio/bass_synthetic_135-052-100.wav,5305
bass_electronic_018-053-075,test,bass,bass_electronic_018,53,middle,75,data/raw/nsynth/extracted/nsynth-test/audio/bass_electronic_018-053-075.wav,5305
bass_electronic_025-053-075,test,bass,bass_electronic_025,53,middle,75,data/raw/nsynth/extracted/nsynth-test/audio/bass_electronic_025-053-075.wav,5305
bass_electronic_018-054-050,test,bass,bass_electronic_018,54,middle,50,data/raw/nsynth/extracted/nsynth-test/audio/bass_electronic_018-054-050.wav,5305
bass_synthetic_068-054-050,test,bass,bass_synthetic_068,54,middle,50,data/raw/nsynth/extracted/nsynth-test/audio/bass_synthetic_068-054-050.wav,5305
bass_synthetic_034-054-100,test,bass,bass_synthetic_034,54,middle,100,data/raw/nsynth/extracted/nsynth-test/audio/bass_synthetic_034-054-100.wav,5305
bass_synthetic_135-054-100,test,bass,bass_synthetic_135,54,middle,100,data/raw/nsynth/extracted/nsynth-test/audio/bass_synthetic_135-054-100.wav,5305
bass_electronic_025-055-025,test,bass,bass_electronic_025,55,middle,25,data/raw/nsynth/extracted/nsynth-test/audio/bass_electronic_025-055-025.wav,5305
bass_synthetic_033-055-050,test,bass,bass_synthetic_033,55,middle,50,data/raw/nsynth/extracted/nsynth-test/audio/bass_synthetic_033-055-050.wav,5305
bass_synthetic_068-055-050,test,bass,bass_synthetic_068,55,middle,50,data/raw/nsynth/extracted/nsynth-test/audio/bass_synthetic_068-055-050.wav,5305
bass_synthetic_135-055-050,test,bass,bass_synthetic_135,55,middle,50,data/raw/nsynth/extracted/nsynth-test/audio/bass_synthetic_135-055-050.wav,5305
bass_synthetic_098-055-075,test,bass,bass_synthetic_098,55,middle,75,data/raw/nsynth/extracted/nsynth-test/audio/bass_synthetic_098-055-075.wav,5305
bass_synthetic_134-055-075,test,bass,bass_synthetic_134,55,middle,75,data/raw/nsynth/extracted/nsynth-test/audio/bass_synthetic_134-055-075.wav,5305
bass_electronic_027-056-050,test,bass,bass_electronic_027,56,middle,50,data/raw/nsynth/extracted/nsynth-test/audio/bass_electronic_027-056-050.wav,5305
bass_electronic_025-056-127,test,bass,bass_electronic_025,56,middle,127,data/raw/nsynth/extracted/nsynth-test/audio/bass_electronic_025-056-127.wav,5305
bass_synthetic_098-057-025,test,bass,bass_synthetic_098,57,middle,25,data/raw/nsynth/extracted/nsynth-test/audio/bass_synthetic_098-057-025.wav,5305
bass_synthetic_134-057-025,test,bass,bass_synthetic_134,57,middle,25,data/raw/nsynth/extracted/nsynth-test/audio/bass_synthetic_134-057-025.wav,5305
bass_synthetic_134-057-075,test,bass,bass_synthetic_134,57,middle,75,data/raw/nsynth/extracted/nsynth-test/audio/bass_synthetic_134-057-075.wav,5305
bass_electronic_018-057-100,test,bass,bass_electronic_018,57,middle,100,data/raw/nsynth/extracted/nsynth-test/audio/bass_electronic_018-057-100.wav,5305
bass_electronic_027-057-100,test,bass,bass_electronic_027,57,middle,100,data/raw/nsynth/extracted/nsynth-test/audio/bass_electronic_027-057-100.wav,5305
bass_synthetic_009-057-127,test,bass,bass_synthetic_009,57,middle,127,data/raw/nsynth/extracted/nsynth-test/audio/bass_synthetic_009-057-127.wav,5305
bass_synthetic_068-057-127,test,bass,bass_synthetic_068,57,middle,127,data/raw/nsynth/extracted/nsynth-test/audio/bass_synthetic_068-057-127.wav,5305
bass_electronic_027-058-025,test,bass,bass_electronic_027,58,middle,25,data/raw/nsynth/extracted/nsynth-test/audio/bass_electronic_027-058-025.wav,5305
bass_synthetic_034-058-025,test,bass,bass_synthetic_034,58,middle,25,data/raw/nsynth/extracted/nsynth-test/audio/bass_synthetic_034-058-025.wav,5305
bass_electronic_025-058-075,test,bass,bass_electronic_025,58,middle,75,data/raw/nsynth/extracted/nsynth-test/audio/bass_electronic_025-058-075.wav,5305
bass_electronic_027-058-075,test,bass,bass_electronic_027,58,middle,75,data/raw/nsynth/extracted/nsynth-test/audio/bass_electronic_027-058-075.wav,5305
bass_electronic_025-058-100,test,bass,bass_electronic_025,58,middle,100,data/raw/nsynth/extracted/nsynth-test/audio/bass_electronic_025-058-100.wav,5305
bass_synthetic_009-058-127,test,bass,bass_synthetic_009,58,middle,127,data/raw/nsynth/extracted/nsynth-test/audio/bass_synthetic_009-058-127.wav,5305
bass_electronic_018-059-025,test,bass,bass_electronic_018,59,middle,25,data/raw/nsynth/extracted/nsynth-test/audio/bass_electronic_018-059-025.wav,5305
bass_synthetic_135-059-025,test,bass,bass_synthetic_135,59,middle,25,data/raw/nsynth/extracted/nsynth-test/audio/bass_synthetic_135-059-025.wav,5305
bass_synthetic_068-059-100,test,bass,bass_synthetic_068,59,middle,100,data/raw/nsynth/extracted/nsynth-test/audio/bass_synthetic_068-059-100.wav,5305
bass_synthetic_033-059-127,test,bass,bass_synthetic_033,59,middle,127,data/raw/nsynth/extracted/nsynth-test/audio/bass_synthetic_033-059-127.wav,5305
bass_electronic_018-060-075,test,bass,bass_electronic_018,60,middle,75,data/raw/nsynth/extracted/nsynth-test/audio/bass_electronic_018-060-075.wav,5305
bass_synthetic_135-060-127,test,bass,bass_synthetic_135,60,middle,127,data/raw/nsynth/extracted/nsynth-test/audio/bass_synthetic_135-060-127.wav,5305
bass_electronic_018-061-050,test,bass,bass_electronic_018,61,upper,50,data/raw/nsynth/extracted/nsynth-test/audio/bass_electronic_018-061-050.wav,5305
bass_electronic_018-061-075,test,bass,bass_electronic_018,61,upper,75,data/raw/nsynth/extracted/nsynth-test/audio/bass_electronic_018-061-075.wav,5305
bass_synthetic_009-061-075,test,bass,bass_synthetic_009,61,upper,75,data/raw/nsynth/extracted/nsynth-test/audio/bass_synthetic_009-061-075.wav,5305
bass_synthetic_033-061-100,test,bass,bass_synthetic_033,61,upper,100,data/raw/nsynth/extracted/nsynth-test/audio/bass_synthetic_033-061-100.wav,5305
bass_electronic_025-061-127,test,bass,bass_electronic_025,61,upper,127,data/raw/nsynth/extracted/nsynth-test/audio/bass_electronic_025-061-127.wav,5305
bass_synthetic_134-062-050,test,bass,bass_synthetic_134,62,upper,50,data/raw/nsynth/extracted/nsynth-test/audio/bass_synthetic_134-062-050.wav,5305
bass_electronic_027-062-075,test,bass,bass_electronic_027,62,upper,75,data/raw/nsynth/extracted/nsynth-test/audio/bass_electronic_027-062-075.wav,5305
bass_synthetic_034-062-100,test,bass,bass_synthetic_034,62,upper,100,data/raw/nsynth/extracted/nsynth-test/audio/bass_synthetic_034-062-100.wav,5305
bass_electronic_025-062-127,test,bass,bass_electronic_025,62,upper,127,data/raw/nsynth/extracted/nsynth-test/audio/bass_electronic_025-062-127.wav,5305
bass_electronic_018-063-075,test,bass,bass_electronic_018,63,upper,75,data/raw/nsynth/extracted/nsynth-test/audio/bass_electronic_018-063-075.wav,5305
bass_synthetic_135-063-075,test,bass,bass_synthetic_135,63,upper,75,data/raw/nsynth/extracted/nsynth-test/audio/bass_synthetic_135-063-075.wav,5305
bass_synthetic_068-063-100,test,bass,bass_synthetic_068,63,upper,100,data/raw/nsynth/extracted/nsynth-test/audio/bass_synthetic_068-063-100.wav,5305
bass_synthetic_134-064-025,test,bass,bass_synthetic_134,64,upper,25,data/raw/nsynth/extracted/nsynth-test/audio/bass_synthetic_134-064-025.wav,5305
bass_synthetic_135-064-050,test,bass,bass_synthetic_135,64,upper,50,data/raw/nsynth/extracted/nsynth-test/audio/bass_synthetic_135-064-050.wav,5305
bass_synthetic_009-064-127,test,bass,bass_synthetic_009,64,upper,127,data/raw/nsynth/extracted/nsynth-test/audio/bass_synthetic_009-064-127.wav,5305
bass_synthetic_034-065-025,test,bass,bass_synthetic_034,65,upper,25,data/raw/nsynth/extracted/nsynth-test/audio/bass_synthetic_034-065-025.wav,5305
bass_synthetic_068-065-025,test,bass,bass_synthetic_068,65,upper,25,data/raw/nsynth/extracted/nsynth-test/audio/bass_synthetic_068-065-025.wav,5305
bass_synthetic_068-065-075,test,bass,bass_synthetic_068,65,upper,75,data/raw/nsynth/extracted/nsynth-test/audio/bass_synthetic_068-065-075.wav,5305
bass_synthetic_009-065-100,test,bass,bass_synthetic_009,65,upper,100,data/raw/nsynth/extracted/nsynth-test/audio/bass_synthetic_009-065-100.wav,5305
bass_synthetic_068-065-100,test,bass,bass_synthetic_068,65,upper,100,data/raw/nsynth/extracted/nsynth-test/audio/bass_synthetic_068-065-100.wav,5305
bass_synthetic_134-065-100,test,bass,bass_synthetic_134,65,upper,100,data/raw/nsynth/extracted/nsynth-test/audio/bass_synthetic_134-065-100.wav,5305
bass_synthetic_135-065-100,test,bass,bass_synthetic_135,65,upper,100,data/raw/nsynth/extracted/nsynth-test/audio/bass_synthetic_135-065-100.wav,5305
bass_synthetic_068-066-050,test,bass,bass_synthetic_068,66,upper,50,data/raw/nsynth/extracted/nsynth-test/audio/bass_synthetic_068-066-050.wav,5305
bass_synthetic_009-066-075,test,bass,bass_synthetic_009,66,upper,75,data/raw/nsynth/extracted/nsynth-test/audio/bass_synthetic_009-066-075.wav,5305
bass_synthetic_034-066-127,test,bass,bass_synthetic_034,66,upper,127,data/raw/nsynth/extracted/nsynth-test/audio/bass_synthetic_034-066-127.wav,5305
bass_synthetic_098-067-127,test,bass,bass_synthetic_098,67,upper,127,data/raw/nsynth/extracted/nsynth-test/audio/bass_synthetic_098-067-127.wav,5305
bass_synthetic_033-068-025,test,bass,bass_synthetic_033,68,upper,25,data/raw/nsynth/extracted/nsynth-test/audio/bass_synthetic_033-068-025.wav,5305
bass_synthetic_009-068-127,test,bass,bass_synthetic_009,68,upper,127,data/raw/nsynth/extracted/nsynth-test/audio/bass_synthetic_009-068-127.wav,5305
bass_synthetic_033-068-127,test,bass,bass_synthetic_033,68,upper,127,data/raw/nsynth/extracted/nsynth-test/audio/bass_synthetic_033-068-127.wav,5305
bass_synthetic_134-069-075,test,bass,bass_synthetic_134,69,upper,75,data/raw/nsynth/extracted/nsynth-test/audio/bass_synthetic_134-069-075.wav,5305
bass_synthetic_098-069-100,test,bass,bass_synthetic_098,69,upper,100,data/raw/nsynth/extracted/nsynth-test/audio/bass_synthetic_098-069-100.wav,5305
bass_synthetic_009-069-127,test,bass,bass_synthetic_009,69,upper,127,data/raw/nsynth/extracted/nsynth-test/audio/bass_synthetic_009-069-127.wav,5305
brass_acoustic_006-043-050,test,brass,brass_acoustic_006,43,lower,50,data/raw/nsynth/extracted/nsynth-test/audio/brass_acoustic_006-043-050.wav,5305
brass_acoustic_006-043-075,test,brass,brass_acoustic_006,43,lower,75,data/raw/nsynth/extracted/nsynth-test/audio/brass_acoustic_006-043-075.wav,5305
brass_acoustic_059-043-075,test,brass,brass_acoustic_059,43,lower,75,data/raw/nsynth/extracted/nsynth-test/audio/brass_acoustic_059-043-075.wav,5305
brass_acoustic_059-043-127,test,brass,brass_acoustic_059,43,lower,127,data/raw/nsynth/extracted/nsynth-test/audio/brass_acoustic_059-043-127.wav,5305
brass_acoustic_006-044-025,test,brass,brass_acoustic_006,44,lower,25,data/raw/nsynth/extracted/nsynth-test/audio/brass_acoustic_006-044-025.wav,5305
brass_acoustic_006-044-100,test,brass,brass_acoustic_006,44,lower,100,data/raw/nsynth/extracted/nsynth-test/audio/brass_acoustic_006-044-100.wav,5305
brass_acoustic_006-045-050,test,brass,brass_acoustic_006,45,lower,50,data/raw/nsynth/extracted/nsynth-test/audio/brass_acoustic_006-045-050.wav,5305
brass_acoustic_059-045-050,test,brass,brass_acoustic_059,45,lower,50,data/raw/nsynth/extracted/nsynth-test/audio/brass_acoustic_059-045-050.wav,5305
brass_acoustic_015-045-100,test,brass,brass_acoustic_015,45,lower,100,data/raw/nsynth/extracted/nsynth-test/audio/brass_acoustic_015-045-100.wav,5305
brass_acoustic_006-045-127,test,brass,brass_acoustic_006,45,lower,127,data/raw/nsynth/extracted/nsynth-test/audio/brass_acoustic_006-045-127.wav,5305
brass_acoustic_059-046-025,test,brass,brass_acoustic_059,46,lower,25,data/raw/nsynth/extracted/nsynth-test/audio/brass_acoustic_059-046-025.wav,5305
brass_acoustic_006-047-025,test,brass,brass_acoustic_006,47,lower,25,data/raw/nsynth/extracted/nsynth-test/audio/brass_acoustic_006-047-025.wav,5305
brass_acoustic_059-047-025,test,brass,brass_acoustic_059,47,lower,25,data/raw/nsynth/extracted/nsynth-test/audio/brass_acoustic_059-047-025.wav,5305
brass_acoustic_015-047-050,test,brass,brass_acoustic_015,47,lower,50,data/raw/nsynth/extracted/nsynth-test/audio/brass_acoustic_015-047-050.wav,5305
brass_acoustic_059-047-050,test,brass,brass_acoustic_059,47,lower,50,data/raw/nsynth/extracted/nsynth-test/audio/brass_acoustic_059-047-050.wav,5305
brass_acoustic_006-047-100,test,brass,brass_acoustic_006,47,lower,100,data/raw/nsynth/extracted/nsynth-test/audio/brass_acoustic_006-047-100.wav,5305
brass_acoustic_015-047-100,test,brass,brass_acoustic_015,47,lower,100,data/raw/nsynth/extracted/nsynth-test/audio/brass_acoustic_015-047-100.wav,5305
brass_acoustic_006-048-025,test,brass,brass_acoustic_006,48,lower,25,data/raw/nsynth/extracted/nsynth-test/audio/brass_acoustic_006-048-025.wav,5305
brass_acoustic_015-048-100,test,brass,brass_acoustic_015,48,lower,100,data/raw/nsynth/extracted/nsynth-test/audio/brass_acoustic_015-048-100.wav,5305
brass_acoustic_006-048-127,test,brass,brass_acoustic_006,48,lower,127,data/raw/nsynth/extracted/nsynth-test/audio/brass_acoustic_006-048-127.wav,5305
brass_acoustic_015-049-050,test,brass,brass_acoustic_015,49,lower,50,data/raw/nsynth/extracted/nsynth-test/audio/brass_acoustic_015-049-050.wav,5305
brass_acoustic_006-049-075,test,brass,brass_acoustic_006,49,lower,75,data/raw/nsynth/extracted/nsynth-test/audio/brass_acoustic_006-049-075.wav,5305
brass_acoustic_015-049-075,test,brass,brass_acoustic_015,49,lower,75,data/raw/nsynth/extracted/nsynth-test/audio/brass_acoustic_015-049-075.wav,5305
brass_acoustic_059-049-100,test,brass,brass_acoustic_059,49,lower,100,data/raw/nsynth/extracted/nsynth-test/audio/brass_acoustic_059-049-100.wav,5305
brass_acoustic_006-050-100,test,brass,brass_acoustic_006,50,lower,100,data/raw/nsynth/extracted/nsynth-test/audio/brass_acoustic_006-050-100.wav,5305
brass_acoustic_015-050-100,test,brass,brass_acoustic_015,50,lower,100,data/raw/nsynth/extracted/nsynth-test/audio/brass_acoustic_015-050-100.wav,5305
brass_acoustic_015-050-127,test,brass,brass_acoustic_015,50,lower,127,data/raw/nsynth/extracted/nsynth-test/audio/brass_acoustic_015-050-127.wav,5305
brass_acoustic_059-051-025,test,brass,brass_acoustic_059,51,lower,25,data/raw/nsynth/extracted/nsynth-test/audio/brass_acoustic_059-051-025.wav,5305
brass_acoustic_015-051-075,test,brass,brass_acoustic_015,51,lower,75,data/raw/nsynth/extracted/nsynth-test/audio/brass_acoustic_015-051-075.wav,5305
brass_acoustic_006-051-127,test,brass,brass_acoustic_006,51,lower,127,data/raw/nsynth/extracted/nsynth-test/audio/brass_acoustic_006-051-127.wav,5305
brass_acoustic_059-051-127,test,brass,brass_acoustic_059,51,lower,127,data/raw/nsynth/extracted/nsynth-test/audio/brass_acoustic_059-051-127.wav,5305
brass_acoustic_015-052-025,test,brass,brass_acoustic_015,52,middle,25,data/raw/nsynth/extracted/nsynth-test/audio/brass_acoustic_015-052-025.wav,5305
brass_acoustic_015-052-075,test,brass,brass_acoustic_015,52,middle,75,data/raw/nsynth/extracted/nsynth-test/audio/brass_acoustic_015-052-075.wav,5305
brass_acoustic_046-053-025,test,brass,brass_acoustic_046,53,middle,25,data/raw/nsynth/extracted/nsynth-test/audio/brass_acoustic_046-053-025.wav,5305
brass_acoustic_046-053-050,test,brass,brass_acoustic_046,53,middle,50,data/raw/nsynth/extracted/nsynth-test/audio/brass_acoustic_046-053-050.wav,5305
brass_acoustic_046-053-075,test,brass,brass_acoustic_046,53,middle,75,data/raw/nsynth/extracted/nsynth-test/audio/brass_acoustic_046-053-075.wav,5305
brass_acoustic_015-054-050,test,brass,brass_acoustic_015,54,middle,50,data/raw/nsynth/extracted/nsynth-test/audio/brass_acoustic_015-054-050.wav,5305
brass_acoustic_006-055-050,test,brass,brass_acoustic_006,55,middle,50,data/raw/nsynth/extracted/nsynth-test/audio/brass_acoustic_006-055-050.wav,5305
brass_acoustic_015-055-050,test,brass,brass_acoustic_015,55,middle,50,data/raw/nsynth/extracted/nsynth-test/audio/brass_acoustic_015-055-050.wav,5305
brass_acoustic_016-055-050,test,brass,brass_acoustic_016,55,middle,50,data/raw/nsynth/extracted/nsynth-test/audio/brass_acoustic_016-055-050.wav,5305
brass_acoustic_016-055-100,test,brass,brass_acoustic_016,55,middle,100,data/raw/nsynth/extracted/nsynth-test/audio/brass_acoustic_016-055-100.wav,5305
brass_acoustic_059-055-127,test,brass,brass_acoustic_059,55,middle,127,data/raw/nsynth/extracted/nsynth-test/audio/brass_acoustic_059-055-127.wav,5305
brass_acoustic_015-056-025,test,brass,brass_acoustic_015,56,middle,25,data/raw/nsynth/extracted/nsynth-test/audio/brass_acoustic_015-056-025.wav,5305
brass_acoustic_015-056-075,test,brass,brass_acoustic_015,56,middle,75,data/raw/nsynth/extracted/nsynth-test/audio/brass_acoustic_015-056-075.wav,5305
brass_acoustic_006-056-127,test,brass,brass_acoustic_006,56,middle,127,data/raw/nsynth/extracted/nsynth-test/audio/brass_acoustic_006-056-127.wav,5305
brass_acoustic_046-056-127,test,brass,brass_acoustic_046,56,middle,127,data/raw/nsynth/extracted/nsynth-test/audio/brass_acoustic_046-056-127.wav,5305
brass_acoustic_015-057-025,test,brass,brass_acoustic_015,57,middle,25,data/raw/nsynth/extracted/nsynth-test/audio/brass_acoustic_015-057-025.wav,5305
brass_acoustic_016-057-100,test,brass,brass_acoustic_016,57,middle,100,data/raw/nsynth/extracted/nsynth-test/audio/brass_acoustic_016-057-100.wav,5305
brass_acoustic_046-057-100,test,brass,brass_acoustic_046,57,middle,100,data/raw/nsynth/extracted/nsynth-test/audio/brass_acoustic_046-057-100.wav,5305
brass_acoustic_016-057-127,test,brass,brass_acoustic_016,57,middle,127,data/raw/nsynth/extracted/nsynth-test/audio/brass_acoustic_016-057-127.wav,5305
brass_acoustic_016-058-025,test,brass,brass_acoustic_016,58,middle,25,data/raw/nsynth/extracted/nsynth-test/audio/brass_acoustic_016-058-025.wav,5305
brass_acoustic_046-058-025,test,brass,brass_acoustic_046,58,middle,25,data/raw/nsynth/extracted/nsynth-test/audio/brass_acoustic_046-058-025.wav,5305
brass_acoustic_059-058-025,test,brass,brass_acoustic_059,58,middle,25,data/raw/nsynth/extracted/nsynth-test/audio/brass_acoustic_059-058-025.wav,5305
brass_acoustic_015-058-050,test,brass,brass_acoustic_015,58,middle,50,data/raw/nsynth/extracted/nsynth-test/audio/brass_acoustic_015-058-050.wav,5305
brass_acoustic_046-058-075,test,brass,brass_acoustic_046,58,middle,75,data/raw/nsynth/extracted/nsynth-test/audio/brass_acoustic_046-058-075.wav,5305
brass_acoustic_015-058-100,test,brass,brass_acoustic_015,58,middle,100,data/raw/nsynth/extracted/nsynth-test/audio/brass_acoustic_015-058-100.wav,5305
brass_acoustic_059-058-100,test,brass,brass_acoustic_059,58,middle,100,data/raw/nsynth/extracted/nsynth-test/audio/brass_acoustic_059-058-100.wav,5305
brass_acoustic_015-059-025,test,brass,brass_acoustic_015,59,middle,25,data/raw/nsynth/extracted/nsynth-test/audio/brass_acoustic_015-059-025.wav,5305
brass_acoustic_016-059-075,test,brass,brass_acoustic_016,59,middle,75,data/raw/nsynth/extracted/nsynth-test/audio/brass_acoustic_016-059-075.wav,5305
brass_acoustic_046-059-075,test,brass,brass_acoustic_046,59,middle,75,data/raw/nsynth/extracted/nsynth-test/audio/brass_acoustic_046-059-075.wav,5305
brass_acoustic_059-059-075,test,brass,brass_acoustic_059,59,middle,75,data/raw/nsynth/extracted/nsynth-test/audio/brass_acoustic_059-059-075.wav,5305
brass_acoustic_016-060-050,test,brass,brass_acoustic_016,60,middle,50,data/raw/nsynth/extracted/nsynth-test/audio/brass_acoustic_016-060-050.wav,5305
brass_acoustic_059-060-075,test,brass,brass_acoustic_059,60,middle,75,data/raw/nsynth/extracted/nsynth-test/audio/brass_acoustic_059-060-075.wav,5305
brass_acoustic_006-060-100,test,brass,brass_acoustic_006,60,middle,100,data/raw/nsynth/extracted/nsynth-test/audio/brass_acoustic_006-060-100.wav,5305
brass_acoustic_059-060-100,test,brass,brass_acoustic_059,60,middle,100,data/raw/nsynth/extracted/nsynth-test/audio/brass_acoustic_059-060-100.wav,5305
brass_acoustic_015-060-127,test,brass,brass_acoustic_015,60,middle,127,data/raw/nsynth/extracted/nsynth-test/audio/brass_acoustic_015-060-127.wav,5305
brass_acoustic_016-060-127,test,brass,brass_acoustic_016,60,middle,127,data/raw/nsynth/extracted/nsynth-test/audio/brass_acoustic_016-060-127.wav,5305
brass_acoustic_046-061-025,test,brass,brass_acoustic_046,61,upper,25,data/raw/nsynth/extracted/nsynth-test/audio/brass_acoustic_046-061-025.wav,5305
brass_acoustic_015-061-050,test,brass,brass_acoustic_015,61,upper,50,data/raw/nsynth/extracted/nsynth-test/audio/brass_acoustic_015-061-050.wav,5305
brass_acoustic_015-061-075,test,brass,brass_acoustic_015,61,upper,75,data/raw/nsynth/extracted/nsynth-test/audio/brass_acoustic_015-061-075.wav,5305
brass_acoustic_006-061-100,test,brass,brass_acoustic_006,61,upper,100,data/raw/nsynth/extracted/nsynth-test/audio/brass_acoustic_006-061-100.wav,5305
brass_acoustic_046-061-127,test,brass,brass_acoustic_046,61,upper,127,data/raw/nsynth/extracted/nsynth-test/audio/brass_acoustic_046-061-127.wav,5305
brass_acoustic_059-062-075,test,brass,brass_acoustic_059,62,upper,75,data/raw/nsynth/extracted/nsynth-test/audio/brass_acoustic_059-062-075.wav,5305
brass_acoustic_006-062-127,test,brass,brass_acoustic_006,62,upper,127,data/raw/nsynth/extracted/nsynth-test/audio/brass_acoustic_006-062-127.wav,5305
brass_acoustic_006-063-075,test,brass,brass_acoustic_006,63,upper,75,data/raw/nsynth/extracted/nsynth-test/audio/brass_acoustic_006-063-075.wav,5305
brass_acoustic_016-063-075,test,brass,brass_acoustic_016,63,upper,75,data/raw/nsynth/extracted/nsynth-test/audio/brass_acoustic_016-063-075.wav,5305
brass_acoustic_006-063-127,test,brass,brass_acoustic_006,63,upper,127,data/raw/nsynth/extracted/nsynth-test/audio/brass_acoustic_006-063-127.wav,5305
brass_acoustic_059-064-025,test,brass,brass_acoustic_059,64,upper,25,data/raw/nsynth/extracted/nsynth-test/audio/brass_acoustic_059-064-025.wav,5305
brass_acoustic_046-064-075,test,brass,brass_acoustic_046,64,upper,75,data/raw/nsynth/extracted/nsynth-test/audio/brass_acoustic_046-064-075.wav,5305
brass_acoustic_006-064-100,test,brass,brass_acoustic_006,64,upper,100,data/raw/nsynth/extracted/nsynth-test/audio/brass_acoustic_006-064-100.wav,5305
brass_acoustic_015-064-100,test,brass,brass_acoustic_015,64,upper,100,data/raw/nsynth/extracted/nsynth-test/audio/brass_acoustic_015-064-100.wav,5305
brass_acoustic_016-064-100,test,brass,brass_acoustic_016,64,upper,100,data/raw/nsynth/extracted/nsynth-test/audio/brass_acoustic_016-064-100.wav,5305
brass_acoustic_006-065-025,test,brass,brass_acoustic_006,65,upper,25,data/raw/nsynth/extracted/nsynth-test/audio/brass_acoustic_006-065-025.wav,5305
brass_acoustic_016-065-075,test,brass,brass_acoustic_016,65,upper,75,data/raw/nsynth/extracted/nsynth-test/audio/brass_acoustic_016-065-075.wav,5305
brass_acoustic_015-065-100,test,brass,brass_acoustic_015,65,upper,100,data/raw/nsynth/extracted/nsynth-test/audio/brass_acoustic_015-065-100.wav,5305
brass_acoustic_016-065-100,test,brass,brass_acoustic_016,65,upper,100,data/raw/nsynth/extracted/nsynth-test/audio/brass_acoustic_016-065-100.wav,5305
brass_acoustic_046-065-100,test,brass,brass_acoustic_046,65,upper,100,data/raw/nsynth/extracted/nsynth-test/audio/brass_acoustic_046-065-100.wav,5305
brass_acoustic_006-065-127,test,brass,brass_acoustic_006,65,upper,127,data/raw/nsynth/extracted/nsynth-test/audio/brass_acoustic_006-065-127.wav,5305
brass_acoustic_016-065-127,test,brass,brass_acoustic_016,65,upper,127,data/raw/nsynth/extracted/nsynth-test/audio/brass_acoustic_016-065-127.wav,5305
brass_acoustic_016-066-025,test,brass,brass_acoustic_016,66,upper,25,data/raw/nsynth/extracted/nsynth-test/audio/brass_acoustic_016-066-025.wav,5305
brass_acoustic_015-066-050,test,brass,brass_acoustic_015,66,upper,50,data/raw/nsynth/extracted/nsynth-test/audio/brass_acoustic_015-066-050.wav,5305
brass_acoustic_006-066-100,test,brass,brass_acoustic_006,66,upper,100,data/raw/nsynth/extracted/nsynth-test/audio/brass_acoustic_006-066-100.wav,5305
brass_acoustic_016-066-127,test,brass,brass_acoustic_016,66,upper,127,data/raw/nsynth/extracted/nsynth-test/audio/brass_acoustic_016-066-127.wav,5305
brass_acoustic_046-067-075,test,brass,brass_acoustic_046,67,upper,75,data/raw/nsynth/extracted/nsynth-test/audio/brass_acoustic_046-067-075.wav,5305
brass_acoustic_016-067-127,test,brass,brass_acoustic_016,67,upper,127,data/raw/nsynth/extracted/nsynth-test/audio/brass_acoustic_016-067-127.wav,5305
brass_acoustic_006-068-050,test,brass,brass_acoustic_006,68,upper,50,data/raw/nsynth/extracted/nsynth-test/audio/brass_acoustic_006-068-050.wav,5305
brass_acoustic_046-068-050,test,brass,brass_acoustic_046,68,upper,50,data/raw/nsynth/extracted/nsynth-test/audio/brass_acoustic_046-068-050.wav,5305
brass_acoustic_015-068-075,test,brass,brass_acoustic_015,68,upper,75,data/raw/nsynth/extracted/nsynth-test/audio/brass_acoustic_015-068-075.wav,5305
brass_acoustic_046-069-127,test,brass,brass_acoustic_046,69,upper,127,data/raw/nsynth/extracted/nsynth-test/audio/brass_acoustic_046-069-127.wav,5305
guitar_acoustic_014-043-050,test,guitar,guitar_acoustic_014,43,lower,50,data/raw/nsynth/extracted/nsynth-test/audio/guitar_acoustic_014-043-050.wav,5305
guitar_acoustic_014-043-075,test,guitar,guitar_acoustic_014,43,lower,75,data/raw/nsynth/extracted/nsynth-test/audio/guitar_acoustic_014-043-075.wav,5305
guitar_acoustic_030-043-075,test,guitar,guitar_acoustic_030,43,lower,75,data/raw/nsynth/extracted/nsynth-test/audio/guitar_acoustic_030-043-075.wav,5305
guitar_acoustic_014-044-100,test,guitar,guitar_acoustic_014,44,lower,100,data/raw/nsynth/extracted/nsynth-test/audio/guitar_acoustic_014-044-100.wav,5305
guitar_acoustic_015-044-100,test,guitar,guitar_acoustic_015,44,lower,100,data/raw/nsynth/extracted/nsynth-test/audio/guitar_acoustic_015-044-100.wav,5305
guitar_acoustic_014-045-025,test,guitar,guitar_acoustic_014,45,lower,25,data/raw/nsynth/extracted/nsynth-test/audio/guitar_acoustic_014-045-025.wav,5305
guitar_electronic_028-045-075,test,guitar,guitar_electronic_028,45,lower,75,data/raw/nsynth/extracted/nsynth-test/audio/guitar_electronic_028-045-075.wav,5305
guitar_acoustic_030-045-100,test,guitar,guitar_acoustic_030,45,lower,100,data/raw/nsynth/extracted/nsynth-test/audio/guitar_acoustic_030-045-100.wav,5305
guitar_electronic_022-046-025,test,guitar,guitar_electronic_022,46,lower,25,data/raw/nsynth/extracted/nsynth-test/audio/guitar_electronic_022-046-025.wav,5305
guitar_acoustic_021-046-100,test,guitar,guitar_acoustic_021,46,lower,100,data/raw/nsynth/extracted/nsynth-test/audio/guitar_acoustic_021-046-100.wav,5305
guitar_electronic_028-046-100,test,guitar,guitar_electronic_028,46,lower,100,data/raw/nsynth/extracted/nsynth-test/audio/guitar_electronic_028-046-100.wav,5305
guitar_electronic_022-047-100,test,guitar,guitar_electronic_022,47,lower,100,data/raw/nsynth/extracted/nsynth-test/audio/guitar_electronic_022-047-100.wav,5305
guitar_acoustic_015-048-025,test,guitar,guitar_acoustic_015,48,lower,25,data/raw/nsynth/extracted/nsynth-test/audio/guitar_acoustic_015-048-025.wav,5305
guitar_acoustic_030-048-025,test,guitar,guitar_acoustic_030,48,lower,25,data/raw/nsynth/extracted/nsynth-test/audio/guitar_acoustic_030-048-025.wav,5305
guitar_acoustic_021-048-050,test,guitar,guitar_acoustic_021,48,lower,50,data/raw/nsynth/extracted/nsynth-test/audio/guitar_acoustic_021-048-050.wav,5305
guitar_acoustic_030-048-050,test,guitar,guitar_acoustic_030,48,lower,50,data/raw/nsynth/extracted/nsynth-test/audio/guitar_acoustic_030-048-050.wav,5305
guitar_electronic_028-048-050,test,guitar,guitar_electronic_028,48,lower,50,data/raw/nsynth/extracted/nsynth-test/audio/guitar_electronic_028-048-050.wav,5305
guitar_acoustic_014-048-100,test,guitar,guitar_acoustic_014,48,lower,100,data/raw/nsynth/extracted/nsynth-test/audio/guitar_acoustic_014-048-100.wav,5305
guitar_electronic_028-048-127,test,guitar,guitar_electronic_028,48,lower,127,data/raw/nsynth/extracted/nsynth-test/audio/guitar_electronic_028-048-127.wav,5305
guitar_acoustic_010-049-127,test,guitar,guitar_acoustic_010,49,lower,127,data/raw/nsynth/extracted/nsynth-test/audio/guitar_acoustic_010-049-127.wav,5305
guitar_acoustic_021-050-025,test,guitar,guitar_acoustic_021,50,lower,25,data/raw/nsynth/extracted/nsynth-test/audio/guitar_acoustic_021-050-025.wav,5305
guitar_acoustic_010-050-050,test,guitar,guitar_acoustic_010,50,lower,50,data/raw/nsynth/extracted/nsynth-test/audio/guitar_acoustic_010-050-050.wav,5305
guitar_acoustic_010-050-100,test,guitar,guitar_acoustic_010,50,lower,100,data/raw/nsynth/extracted/nsynth-test/audio/guitar_acoustic_010-050-100.wav,5305
guitar_electronic_022-050-127,test,guitar,guitar_electronic_022,50,lower,127,data/raw/nsynth/extracted/nsynth-test/audio/guitar_electronic_022-050-127.wav,5305
guitar_acoustic_021-051-025,test,guitar,guitar_acoustic_021,51,lower,25,data/raw/nsynth/extracted/nsynth-test/audio/guitar_acoustic_021-051-025.wav,5305
guitar_acoustic_021-051-050,test,guitar,guitar_acoustic_021,51,lower,50,data/raw/nsynth/extracted/nsynth-test/audio/guitar_acoustic_021-051-050.wav,5305
guitar_electronic_022-051-075,test,guitar,guitar_electronic_022,51,lower,75,data/raw/nsynth/extracted/nsynth-test/audio/guitar_electronic_022-051-075.wav,5305
guitar_electronic_028-051-075,test,guitar,guitar_electronic_028,51,lower,75,data/raw/nsynth/extracted/nsynth-test/audio/guitar_electronic_028-051-075.wav,5305
guitar_acoustic_015-051-127,test,guitar,guitar_acoustic_015,51,lower,127,data/raw/nsynth/extracted/nsynth-test/audio/guitar_acoustic_015-051-127.wav,5305
guitar_acoustic_021-051-127,test,guitar,guitar_acoustic_021,51,lower,127,data/raw/nsynth/extracted/nsynth-test/audio/guitar_acoustic_021-051-127.wav,5305
guitar_acoustic_030-051-127,test,guitar,guitar_acoustic_030,51,lower,127,data/raw/nsynth/extracted/nsynth-test/audio/guitar_acoustic_030-051-127.wav,5305
guitar_acoustic_010-052-025,test,guitar,guitar_acoustic_010,52,middle,25,data/raw/nsynth/extracted/nsynth-test/audio/guitar_acoustic_010-052-025.wav,5305
guitar_acoustic_014-052-025,test,guitar,guitar_acoustic_014,52,middle,25,data/raw/nsynth/extracted/nsynth-test/audio/guitar_acoustic_014-052-025.wav,5305
guitar_acoustic_014-052-050,test,guitar,guitar_acoustic_014,52,middle,50,data/raw/nsynth/extracted/nsynth-test/audio/guitar_acoustic_014-052-050.wav,5305
guitar_electronic_028-052-050,test,guitar,guitar_electronic_028,52,middle,50,data/raw/nsynth/extracted/nsynth-test/audio/guitar_electronic_028-052-050.wav,5305
guitar_electronic_022-052-075,test,guitar,guitar_electronic_022,52,middle,75,data/raw/nsynth/extracted/nsynth-test/audio/guitar_electronic_022-052-075.wav,5305
guitar_acoustic_015-052-100,test,guitar,guitar_acoustic_015,52,middle,100,data/raw/nsynth/extracted/nsynth-test/audio/guitar_acoustic_015-052-100.wav,5305
guitar_acoustic_030-054-075,test,guitar,guitar_acoustic_030,54,middle,75,data/raw/nsynth/extracted/nsynth-test/audio/guitar_acoustic_030-054-075.wav,5305
guitar_acoustic_014-054-100,test,guitar,guitar_acoustic_014,54,middle,100,data/raw/nsynth/extracted/nsynth-test/audio/guitar_acoustic_014-054-100.wav,5305
guitar_acoustic_015-054-100,test,guitar,guitar_acoustic_015,54,middle,100,data/raw/nsynth/extracted/nsynth-test/audio/guitar_acoustic_015-054-100.wav,5305
guitar_electronic_022-054-100,test,guitar,guitar_electronic_022,54,middle,100,data/raw/nsynth/extracted/nsynth-test/audio/guitar_electronic_022-054-100.wav,5305
guitar_acoustic_014-054-127,test,guitar,guitar_acoustic_014,54,middle,127,data/raw/nsynth/extracted/nsynth-test/audio/guitar_acoustic_014-054-127.wav,5305
guitar_acoustic_015-055-075,test,guitar,guitar_acoustic_015,55,middle,75,data/raw/nsynth/extracted/nsynth-test/audio/guitar_acoustic_015-055-075.wav,5305
guitar_electronic_022-055-100,test,guitar,guitar_electronic_022,55,middle,100,data/raw/nsynth/extracted/nsynth-test/audio/guitar_electronic_022-055-100.wav,5305
guitar_acoustic_014-056-025,test,guitar,guitar_acoustic_014,56,middle,25,data/raw/nsynth/extracted/nsynth-test/audio/guitar_acoustic_014-056-025.wav,5305
guitar_acoustic_015-056-050,test,guitar,guitar_acoustic_015,56,middle,50,data/raw/nsynth/extracted/nsynth-test/audio/guitar_acoustic_015-056-050.wav,5305
guitar_acoustic_021-056-075,test,guitar,guitar_acoustic_021,56,middle,75,data/raw/nsynth/extracted/nsynth-test/audio/guitar_acoustic_021-056-075.wav,5305
guitar_electronic_022-056-127,test,guitar,guitar_electronic_022,56,middle,127,data/raw/nsynth/extracted/nsynth-test/audio/guitar_electronic_022-056-127.wav,5305
guitar_acoustic_010-057-025,test,guitar,guitar_acoustic_010,57,middle,25,data/raw/nsynth/extracted/nsynth-test/audio/guitar_acoustic_010-057-025.wav,5305
guitar_acoustic_014-057-025,test,guitar,guitar_acoustic_014,57,middle,25,data/raw/nsynth/extracted/nsynth-test/audio/guitar_acoustic_014-057-025.wav,5305
guitar_electronic_028-057-025,test,guitar,guitar_electronic_028,57,middle,25,data/raw/nsynth/extracted/nsynth-test/audio/guitar_electronic_028-057-025.wav,5305
guitar_acoustic_014-057-075,test,guitar,guitar_acoustic_014,57,middle,75,data/raw/nsynth/extracted/nsynth-test/audio/guitar_acoustic_014-057-075.wav,5305
guitar_electronic_028-057-075,test,guitar,guitar_electronic_028,57,middle,75,data/raw/nsynth/extracted/nsynth-test/audio/guitar_electronic_028-057-075.wav,5305
guitar_acoustic_010-057-100,test,guitar,guitar_acoustic_010,57,middle,100,data/raw/nsynth/extracted/nsynth-test/audio/guitar_acoustic_010-057-100.wav,5305
guitar_acoustic_015-057-100,test,guitar,guitar_acoustic_015,57,middle,100,data/raw/nsynth/extracted/nsynth-test/audio/guitar_acoustic_015-057-100.wav,5305
guitar_acoustic_021-057-127,test,guitar,guitar_acoustic_021,57,middle,127,data/raw/nsynth/extracted/nsynth-test/audio/guitar_acoustic_021-057-127.wav,5305
guitar_acoustic_021-058-050,test,guitar,guitar_acoustic_021,58,middle,50,data/raw/nsynth/extracted/nsynth-test/audio/guitar_acoustic_021-058-050.wav,5305
guitar_electronic_022-058-050,test,guitar,guitar_electronic_022,58,middle,50,data/raw/nsynth/extracted/nsynth-test/audio/guitar_electronic_022-058-050.wav,5305
guitar_electronic_028-059-025,test,guitar,guitar_electronic_028,59,middle,25,data/raw/nsynth/extracted/nsynth-test/audio/guitar_electronic_028-059-025.wav,5305
guitar_electronic_022-059-050,test,guitar,guitar_electronic_022,59,middle,50,data/raw/nsynth/extracted/nsynth-test/audio/guitar_electronic_022-059-050.wav,5305
guitar_electronic_022-059-075,test,guitar,guitar_electronic_022,59,middle,75,data/raw/nsynth/extracted/nsynth-test/audio/guitar_electronic_022-059-075.wav,5305
guitar_acoustic_010-059-127,test,guitar,guitar_acoustic_010,59,middle,127,data/raw/nsynth/extracted/nsynth-test/audio/guitar_acoustic_010-059-127.wav,5305
guitar_acoustic_015-060-025,test,guitar,guitar_acoustic_015,60,middle,25,data/raw/nsynth/extracted/nsynth-test/audio/guitar_acoustic_015-060-025.wav,5305
guitar_acoustic_015-060-050,test,guitar,guitar_acoustic_015,60,middle,50,data/raw/nsynth/extracted/nsynth-test/audio/guitar_acoustic_015-060-050.wav,5305
guitar_electronic_028-060-075,test,guitar,guitar_electronic_028,60,middle,75,data/raw/nsynth/extracted/nsynth-test/audio/guitar_electronic_028-060-075.wav,5305
guitar_acoustic_010-060-127,test,guitar,guitar_acoustic_010,60,middle,127,data/raw/nsynth/extracted/nsynth-test/audio/guitar_acoustic_010-060-127.wav,5305
guitar_acoustic_014-060-127,test,guitar,guitar_acoustic_014,60,middle,127,data/raw/nsynth/extracted/nsynth-test/audio/guitar_acoustic_014-060-127.wav,5305
guitar_acoustic_021-061-075,test,guitar,guitar_acoustic_021,61,upper,75,data/raw/nsynth/extracted/nsynth-test/audio/guitar_acoustic_021-061-075.wav,5305
guitar_electronic_022-061-075,test,guitar,guitar_electronic_022,61,upper,75,data/raw/nsynth/extracted/nsynth-test/audio/guitar_electronic_022-061-075.wav,5305
guitar_acoustic_030-061-100,test,guitar,guitar_acoustic_030,61,upper,100,data/raw/nsynth/extracted/nsynth-test/audio/guitar_acoustic_030-061-100.wav,5305
guitar_acoustic_014-061-127,test,guitar,guitar_acoustic_014,61,upper,127,data/raw/nsynth/extracted/nsynth-test/audio/guitar_acoustic_014-061-127.wav,5305
guitar_acoustic_030-061-127,test,guitar,guitar_acoustic_030,61,upper,127,data/raw/nsynth/extracted/nsynth-test/audio/guitar_acoustic_030-061-127.wav,5305
guitar_acoustic_030-062-025,test,guitar,guitar_acoustic_030,62,upper,25,data/raw/nsynth/extracted/nsynth-test/audio/guitar_acoustic_030-062-025.wav,5305
guitar_acoustic_015-062-050,test,guitar,guitar_acoustic_015,62,upper,50,data/raw/nsynth/extracted/nsynth-test/audio/guitar_acoustic_015-062-050.wav,5305
guitar_acoustic_014-062-075,test,guitar,guitar_acoustic_014,62,upper,75,data/raw/nsynth/extracted/nsynth-test/audio/guitar_acoustic_014-062-075.wav,5305
guitar_acoustic_021-062-075,test,guitar,guitar_acoustic_021,62,upper,75,data/raw/nsynth/extracted/nsynth-test/audio/guitar_acoustic_021-062-075.wav,5305
guitar_acoustic_014-062-127,test,guitar,guitar_acoustic_014,62,upper,127,data/raw/nsynth/extracted/nsynth-test/audio/guitar_acoustic_014-062-127.wav,5305
guitar_electronic_022-063-075,test,guitar,guitar_electronic_022,63,upper,75,data/raw/nsynth/extracted/nsynth-test/audio/guitar_electronic_022-063-075.wav,5305
guitar_acoustic_014-063-127,test,guitar,guitar_acoustic_014,63,upper,127,data/raw/nsynth/extracted/nsynth-test/audio/guitar_acoustic_014-063-127.wav,5305
guitar_acoustic_015-063-127,test,guitar,guitar_acoustic_015,63,upper,127,data/raw/nsynth/extracted/nsynth-test/audio/guitar_acoustic_015-063-127.wav,5305
guitar_acoustic_014-064-025,test,guitar,guitar_acoustic_014,64,upper,25,data/raw/nsynth/extracted/nsynth-test/audio/guitar_acoustic_014-064-025.wav,5305
guitar_acoustic_030-064-075,test,guitar,guitar_acoustic_030,64,upper,75,data/raw/nsynth/extracted/nsynth-test/audio/guitar_acoustic_030-064-075.wav,5305
guitar_acoustic_015-064-100,test,guitar,guitar_acoustic_015,64,upper,100,data/raw/nsynth/extracted/nsynth-test/audio/guitar_acoustic_015-064-100.wav,5305
guitar_electronic_022-064-127,test,guitar,guitar_electronic_022,64,upper,127,data/raw/nsynth/extracted/nsynth-test/audio/guitar_electronic_022-064-127.wav,5305
guitar_acoustic_021-065-075,test,guitar,guitar_acoustic_021,65,upper,75,data/raw/nsynth/extracted/nsynth-test/audio/guitar_acoustic_021-065-075.wav,5305
guitar_acoustic_010-066-100,test,guitar,guitar_acoustic_010,66,upper,100,data/raw/nsynth/extracted/nsynth-test/audio/guitar_acoustic_010-066-100.wav,5305
guitar_electronic_022-067-025,test,guitar,guitar_electronic_022,67,upper,25,data/raw/nsynth/extracted/nsynth-test/audio/guitar_electronic_022-067-025.wav,5305
guitar_acoustic_015-067-050,test,guitar,guitar_acoustic_015,67,upper,50,data/raw/nsynth/extracted/nsynth-test/audio/guitar_acoustic_015-067-050.wav,5305
guitar_acoustic_014-067-100,test,guitar,guitar_acoustic_014,67,upper,100,data/raw/nsynth/extracted/nsynth-test/audio/guitar_acoustic_014-067-100.wav,5305
guitar_acoustic_010-067-127,test,guitar,guitar_acoustic_010,67,upper,127,data/raw/nsynth/extracted/nsynth-test/audio/guitar_acoustic_010-067-127.wav,5305
guitar_acoustic_021-067-127,test,guitar,guitar_acoustic_021,67,upper,127,data/raw/nsynth/extracted/nsynth-test/audio/guitar_acoustic_021-067-127.wav,5305
guitar_acoustic_014-068-050,test,guitar,guitar_acoustic_014,68,upper,50,data/raw/nsynth/extracted/nsynth-test/audio/guitar_acoustic_014-068-050.wav,5305
guitar_acoustic_021-068-050,test,guitar,guitar_acoustic_021,68,upper,50,data/raw/nsynth/extracted/nsynth-test/audio/guitar_acoustic_021-068-050.wav,5305
guitar_electronic_028-068-075,test,guitar,guitar_electronic_028,68,upper,75,data/raw/nsynth/extracted/nsynth-test/audio/guitar_electronic_028-068-075.wav,5305
guitar_acoustic_014-068-100,test,guitar,guitar_acoustic_014,68,upper,100,data/raw/nsynth/extracted/nsynth-test/audio/guitar_acoustic_014-068-100.wav,5305
guitar_acoustic_021-068-100,test,guitar,guitar_acoustic_021,68,upper,100,data/raw/nsynth/extracted/nsynth-test/audio/guitar_acoustic_021-068-100.wav,5305
guitar_electronic_028-068-100,test,guitar,guitar_electronic_028,68,upper,100,data/raw/nsynth/extracted/nsynth-test/audio/guitar_electronic_028-068-100.wav,5305
guitar_acoustic_014-069-025,test,guitar,guitar_acoustic_014,69,upper,25,data/raw/nsynth/extracted/nsynth-test/audio/guitar_acoustic_014-069-025.wav,5305
guitar_acoustic_010-069-100,test,guitar,guitar_acoustic_010,69,upper,100,data/raw/nsynth/extracted/nsynth-test/audio/guitar_acoustic_010-069-100.wav,5305
keyboard_electronic_078-043-100,test,keyboard,keyboard_electronic_078,43,lower,100,data/raw/nsynth/extracted/nsynth-test/audio/keyboard_electronic_078-043-100.wav,5305
keyboard_electronic_098-044-025,test,keyboard,keyboard_electronic_098,44,lower,25,data/raw/nsynth/extracted/nsynth-test/audio/keyboard_electronic_098-044-025.wav,5305
keyboard_synthetic_000-044-025,test,keyboard,keyboard_synthetic_000,44,lower,25,data/raw/nsynth/extracted/nsynth-test/audio/keyboard_synthetic_000-044-025.wav,5305
keyboard_electronic_078-044-050,test,keyboard,keyboard_electronic_078,44,lower,50,data/raw/nsynth/extracted/nsynth-test/audio/keyboard_electronic_078-044-050.wav,5305
keyboard_synthetic_000-044-050,test,keyboard,keyboard_synthetic_000,44,lower,50,data/raw/nsynth/extracted/nsynth-test/audio/keyboard_synthetic_000-044-050.wav,5305
keyboard_electronic_003-045-075,test,keyboard,keyboard_electronic_003,45,lower,75,data/raw/nsynth/extracted/nsynth-test/audio/keyboard_electronic_003-045-075.wav,5305
keyboard_electronic_002-045-100,test,keyboard,keyboard_electronic_002,45,lower,100,data/raw/nsynth/extracted/nsynth-test/audio/keyboard_electronic_002-045-100.wav,5305
keyboard_electronic_098-045-100,test,keyboard,keyboard_electronic_098,45,lower,100,data/raw/nsynth/extracted/nsynth-test/audio/keyboard_electronic_098-045-100.wav,5305
keyboard_acoustic_004-046-025,test,keyboard,keyboard_acoustic_004,46,lower,25,data/raw/nsynth/extracted/nsynth-test/audio/keyboard_acoustic_004-046-025.wav,5305
keyboard_acoustic_004-046-075,test,keyboard,keyboard_acoustic_004,46,lower,75,data/raw/nsynth/extracted/nsynth-test/audio/keyboard_acoustic_004-046-075.wav,5305
keyboard_electronic_098-046-127,test,keyboard,keyboard_electronic_098,46,lower,127,data/raw/nsynth/extracted/nsynth-test/audio/keyboard_electronic_098-046-127.wav,5305
keyboard_electronic_002-047-025,test,keyboard,keyboard_electronic_002,47,lower,25,data/raw/nsynth/extracted/nsynth-test/audio/keyboard_electronic_002-047-025.wav,5305
keyboard_electronic_069-048-025,test,keyboard,keyboard_electronic_069,48,lower,25,data/raw/nsynth/extracted/nsynth-test/audio/keyboard_electronic_069-048-025.wav,5305
keyboard_synthetic_000-048-025,test,keyboard,keyboard_synthetic_000,48,lower,25,data/raw/nsynth/extracted/nsynth-test/audio/keyboard_synthetic_000-048-025.wav,5305
keyboard_electronic_001-048-050,test,keyboard,keyboard_electronic_001,48,lower,50,data/raw/nsynth/extracted/nsynth-test/audio/keyboard_electronic_001-048-050.wav,5305
keyboard_electronic_002-048-050,test,keyboard,keyboard_electronic_002,48,lower,50,data/raw/nsynth/extracted/nsynth-test/audio/keyboard_electronic_002-048-050.wav,5305
keyboard_electronic_001-048-075,test,keyboard,keyboard_electronic_001,48,lower,75,data/raw/nsynth/extracted/nsynth-test/audio/keyboard_electronic_001-048-075.wav,5305
keyboard_synthetic_000-048-075,test,keyboard,keyboard_synthetic_000,48,lower,75,data/raw/nsynth/extracted/nsynth-test/audio/keyboard_synthetic_000-048-075.wav,5305
keyboard_acoustic_004-048-100,test,keyboard,keyboard_acoustic_004,48,lower,100,data/raw/nsynth/extracted/nsynth-test/audio/keyboard_acoustic_004-048-100.wav,5305
keyboard_synthetic_000-048-127,test,keyboard,keyboard_synthetic_000,48,lower,127,data/raw/nsynth/extracted/nsynth-test/audio/keyboard_synthetic_000-048-127.wav,5305
keyboard_electronic_002-049-050,test,keyboard,keyboard_electronic_002,49,lower,50,data/raw/nsynth/extracted/nsynth-test/audio/keyboard_electronic_002-049-050.wav,5305
keyboard_synthetic_000-049-075,test,keyboard,keyboard_synthetic_000,49,lower,75,data/raw/nsynth/extracted/nsynth-test/audio/keyboard_synthetic_000-049-075.wav,5305
keyboard_synthetic_000-049-100,test,keyboard,keyboard_synthetic_000,49,lower,100,data/raw/nsynth/extracted/nsynth-test/audio/keyboard_synthetic_000-049-100.wav,5305
keyboard_electronic_002-049-127,test,keyboard,keyboard_electronic_002,49,lower,127,data/raw/nsynth/extracted/nsynth-test/audio/keyboard_electronic_002-049-127.wav,5305
keyboard_electronic_003-050-050,test,keyboard,keyboard_electronic_003,50,lower,50,data/raw/nsynth/extracted/nsynth-test/audio/keyboard_electronic_003-050-050.wav,5305
keyboard_synthetic_000-050-100,test,keyboard,keyboard_synthetic_000,50,lower,100,data/raw/nsynth/extracted/nsynth-test/audio/keyboard_synthetic_000-050-100.wav,5305
keyboard_electronic_069-050-127,test,keyboard,keyboard_electronic_069,50,lower,127,data/raw/nsynth/extracted/nsynth-test/audio/keyboard_electronic_069-050-127.wav,5305
keyboard_electronic_002-051-100,test,keyboard,keyboard_electronic_002,51,lower,100,data/raw/nsynth/extracted/nsynth-test/audio/keyboard_electronic_002-051-100.wav,5305
keyboard_electronic_069-051-100,test,keyboard,keyboard_electronic_069,51,lower,100,data/raw/nsynth/extracted/nsynth-test/audio/keyboard_electronic_069-051-100.wav,5305
keyboard_electronic_001-051-127,test,keyboard,keyboard_electronic_001,51,lower,127,data/raw/nsynth/extracted/nsynth-test/audio/keyboard_electronic_001-051-127.wav,5305
keyboard_electronic_078-051-127,test,keyboard,keyboard_electronic_078,51,lower,127,data/raw/nsynth/extracted/nsynth-test/audio/keyboard_electronic_078-051-127.wav,5305
keyboard_electronic_002-052-025,test,keyboard,keyboard_electronic_002,52,middle,25,data/raw/nsynth/extracted/nsynth-test/audio/keyboard_electronic_002-052-025.wav,5305
keyboard_electronic_002-052-050,test,keyboard,keyboard_electronic_002,52,middle,50,data/raw/nsynth/extracted/nsynth-test/audio/keyboard_electronic_002-052-050.wav,5305
keyboard_electronic_003-052-050,test,keyboard,keyboard_electronic_003,52,middle,50,data/raw/nsynth/extracted/nsynth-test/audio/keyboard_electronic_003-052-050.wav,5305
keyboard_electronic_002-052-075,test,keyboard,keyboard_electronic_002,52,middle,75,data/raw/nsynth/extracted/nsynth-test/audio/keyboard_electronic_002-052-075.wav,5305
keyboard_synthetic_000-052-100,test,keyboard,keyboard_synthetic_000,52,middle,100,data/raw/nsynth/extracted/nsynth-test/audio/keyboard_synthetic_000-052-100.wav,5305
keyboard_electronic_069-052-127,test,keyboard,keyboard_electronic_069,52,middle,127,data/raw/nsynth/extracted/nsynth-test/audio/keyboard_electronic_069-052-127.wav,5305
keyboard_electronic_001-053-025,test,keyboard,keyboard_electronic_001,53,middle,25,data/raw/nsynth/extracted/nsynth-test/audio/keyboard_electronic_001-053-025.wav,5305
keyboard_electronic_001-053-050,test,keyboard,keyboard_electronic_001,53,middle,50,data/raw/nsynth/extracted/nsynth-test/audio/keyboard_electronic_001-053-050.wav,5305
keyboard_electronic_002-053-127,test,keyboard,keyboard_electronic_002,53,middle,127,data/raw/nsynth/extracted/nsynth-test/audio/keyboard_electronic_002-053-127.wav,5305
keyboard_electronic_003-053-127,test,keyboard,keyboard_electronic_003,53,middle,127,data/raw/nsynth/extracted/nsynth-test/audio/keyboard_electronic_003-053-127.wav,5305
keyboard_electronic_098-054-025,test,keyboard,keyboard_electronic_098,54,middle,25,data/raw/nsynth/extracted/nsynth-test/audio/keyboard_electronic_098-054-025.wav,5305
keyboard_electronic_002-054-050,test,keyboard,keyboard_electronic_002,54,middle,50,data/raw/nsynth/extracted/nsynth-test/audio/keyboard_electronic_002-054-050.wav,5305
keyboard_electronic_003-054-075,test,keyboard,keyboard_electronic_003,54,middle,75,data/raw/nsynth/extracted/nsynth-test/audio/keyboard_electronic_003-054-075.wav,5305
keyboard_electronic_069-054-127,test,keyboard,keyboard_electronic_069,54,middle,127,data/raw/nsynth/extracted/nsynth-test/audio/keyboard_electronic_069-054-127.wav,5305
keyboard_electronic_078-055-025,test,keyboard,keyboard_electronic_078,55,middle,25,data/raw/nsynth/extracted/nsynth-test/audio/keyboard_electronic_078-055-025.wav,5305
keyboard_synthetic_000-055-025,test,keyboard,keyboard_synthetic_000,55,middle,25,data/raw/nsynth/extracted/nsynth-test/audio/keyboard_synthetic_000-055-025.wav,5305
keyboard_electronic_002-055-075,test,keyboard,keyboard_electronic_002,55,middle,75,data/raw/nsynth/extracted/nsynth-test/audio/keyboard_electronic_002-055-075.wav,5305
keyboard_synthetic_000-055-075,test,keyboard,keyboard_synthetic_000,55,middle,75,data/raw/nsynth/extracted/nsynth-test/audio/keyboard_synthetic_000-055-075.wav,5305
keyboard_synthetic_000-056-075,test,keyboard,keyboard_synthetic_000,56,middle,75,data/raw/nsynth/extracted/nsynth-test/audio/keyboard_synthetic_000-056-075.wav,5305
keyboard_acoustic_004-056-127,test,keyboard,keyboard_acoustic_004,56,middle,127,data/raw/nsynth/extracted/nsynth-test/audio/keyboard_acoustic_004-056-127.wav,5305
keyboard_electronic_003-056-127,test,keyboard,keyboard_electronic_003,56,middle,127,data/raw/nsynth/extracted/nsynth-test/audio/keyboard_electronic_003-056-127.wav,5305
keyboard_electronic_069-057-050,test,keyboard,keyboard_electronic_069,57,middle,50,data/raw/nsynth/extracted/nsynth-test/audio/keyboard_electronic_069-057-050.wav,5305
keyboard_electronic_001-057-075,test,keyboard,keyboard_electronic_001,57,middle,75,data/raw/nsynth/extracted/nsynth-test/audio/keyboard_electronic_001-057-075.wav,5305
keyboard_electronic_098-057-075,test,keyboard,keyboard_electronic_098,57,middle,75,data/raw/nsynth/extracted/nsynth-test/audio/keyboard_electronic_098-057-075.wav,5305
keyboard_electronic_001-057-100,test,keyboard,keyboard_electronic_001,57,middle,100,data/raw/nsynth/extracted/nsynth-test/audio/keyboard_electronic_001-057-100.wav,5305
keyboard_electronic_003-057-100,test,keyboard,keyboard_electronic_003,57,middle,100,data/raw/nsynth/extracted/nsynth-test/audio/keyboard_electronic_003-057-100.wav,5305
keyboard_electronic_001-058-025,test,keyboard,keyboard_electronic_001,58,middle,25,data/raw/nsynth/extracted/nsynth-test/audio/keyboard_electronic_001-058-025.wav,5305
keyboard_electronic_098-058-025,test,keyboard,keyboard_electronic_098,58,middle,25,data/raw/nsynth/extracted/nsynth-test/audio/keyboard_electronic_098-058-025.wav,5305
keyboard_electronic_003-058-100,test,keyboard,keyboard_electronic_003,58,middle,100,data/raw/nsynth/extracted/nsynth-test/audio/keyboard_electronic_003-058-100.wav,5305
keyboard_synthetic_000-058-100,test,keyboard,keyboard_synthetic_000,58,middle,100,data/raw/nsynth/extracted/nsynth-test/audio/keyboard_synthetic_000-058-100.wav,5305
keyboard_electronic_002-059-025,test,keyboard,keyboard_electronic_002,59,middle,25,data/raw/nsynth/extracted/nsynth-test/audio/keyboard_electronic_002-059-025.wav,5305
keyboard_electronic_001-059-050,test,keyboard,keyboard_electronic_001,59,middle,50,data/raw/nsynth/extracted/nsynth-test/audio/keyboard_electronic_001-059-050.wav,5305
keyboard_electronic_078-059-100,test,keyboard,keyboard_electronic_078,59,middle,100,data/raw/nsynth/extracted/nsynth-test/audio/keyboard_electronic_078-059-100.wav,5305
keyboard_electronic_098-059-100,test,keyboard,keyboard_electronic_098,59,middle,100,data/raw/nsynth/extracted/nsynth-test/audio/keyboard_electronic_098-059-100.wav,5305
keyboard_electronic_002-060-050,test,keyboard,keyboard_electronic_002,60,middle,50,data/raw/nsynth/extracted/nsynth-test/audio/keyboard_electronic_002-060-050.wav,5305
keyboard_electronic_078-060-075,test,keyboard,keyboard_electronic_078,60,middle,75,data/raw/nsynth/extracted/nsynth-test/audio/keyboard_electronic_078-060-075.wav,5305
keyboard_electronic_069-061-025,test,keyboard,keyboard_electronic_069,61,upper,25,data/raw/nsynth/extracted/nsynth-test/audio/keyboard_electronic_069-061-025.wav,5305
keyboard_electronic_078-061-025,test,keyboard,keyboard_electronic_078,61,upper,25,data/raw/nsynth/extracted/nsynth-test/audio/keyboard_electronic_078-061-025.wav,5305
keyboard_synthetic_000-061-100,test,keyboard,keyboard_synthetic_000,61,upper,100,data/raw/nsynth/extracted/nsynth-test/audio/keyboard_synthetic_000-061-100.wav,5305
keyboard_electronic_002-061-127,test,keyboard,keyboard_electronic_002,61,upper,127,data/raw/nsynth/extracted/nsynth-test/audio/keyboard_electronic_002-061-127.wav,5305
keyboard_electronic_069-061-127,test,keyboard,keyboard_electronic_069,61,upper,127,data/raw/nsynth/extracted/nsynth-test/audio/keyboard_electronic_069-061-127.wav,5305
keyboard_synthetic_000-061-127,test,keyboard,keyboard_synthetic_000,61,upper,127,data/raw/nsynth/extracted/nsynth-test/audio/keyboard_synthetic_000-061-127.wav,5305
keyboard_electronic_078-062-050,test,keyboard,keyboard_electronic_078,62,upper,50,data/raw/nsynth/extracted/nsynth-test/audio/keyboard_electronic_078-062-050.wav,5305
keyboard_acoustic_004-062-075,test,keyboard,keyboard_acoustic_004,62,upper,75,data/raw/nsynth/extracted/nsynth-test/audio/keyboard_acoustic_004-062-075.wav,5305
keyboard_synthetic_000-062-075,test,keyboard,keyboard_synthetic_000,62,upper,75,data/raw/nsynth/extracted/nsynth-test/audio/keyboard_synthetic_000-062-075.wav,5305
keyboard_electronic_078-062-100,test,keyboard,keyboard_electronic_078,62,upper,100,data/raw/nsynth/extracted/nsynth-test/audio/keyboard_electronic_078-062-100.wav,5305
keyboard_electronic_098-062-127,test,keyboard,keyboard_electronic_098,62,upper,127,data/raw/nsynth/extracted/nsynth-test/audio/keyboard_electronic_098-062-127.wav,5305
keyboard_electronic_001-063-075,test,keyboard,keyboard_electronic_001,63,upper,75,data/raw/nsynth/extracted/nsynth-test/audio/keyboard_electronic_001-063-075.wav,5305
keyboard_electronic_002-063-075,test,keyboard,keyboard_electronic_002,63,upper,75,data/raw/nsynth/extracted/nsynth-test/audio/keyboard_electronic_002-063-075.wav,5305
keyboard_electronic_003-063-075,test,keyboard,keyboard_electronic_003,63,upper,75,data/raw/nsynth/extracted/nsynth-test/audio/keyboard_electronic_003-063-075.wav,5305
keyboard_acoustic_004-063-127,test,keyboard,keyboard_acoustic_004,63,upper,127,data/raw/nsynth/extracted/nsynth-test/audio/keyboard_acoustic_004-063-127.wav,5305
keyboard_electronic_078-063-127,test,keyboard,keyboard_electronic_078,63,upper,127,data/raw/nsynth/extracted/nsynth-test/audio/keyboard_electronic_078-063-127.wav,5305
keyboard_electronic_002-064-050,test,keyboard,keyboard_electronic_002,64,upper,50,data/raw/nsynth/extracted/nsynth-test/audio/keyboard_electronic_002-064-050.wav,5305
keyboard_electronic_003-065-050,test,keyboard,keyboard_electronic_003,65,upper,50,data/raw/nsynth/extracted/nsynth-test/audio/keyboard_electronic_003-065-050.wav,5305
keyboard_electronic_078-065-075,test,keyboard,keyboard_electronic_078,65,upper,75,data/raw/nsynth/extracted/nsynth-test/audio/keyboard_electronic_078-065-075.wav,5305
keyboard_electronic_001-065-100,test,keyboard,keyboard_electronic_001,65,upper,100,data/raw/nsynth/extracted/nsynth-test/audio/keyboard_electronic_001-065-100.wav,5305
keyboard_electronic_098-065-100,test,keyboard,keyboard_electronic_098,65,upper,100,data/raw/nsynth/extracted/nsynth-test/audio/keyboard_electronic_098-065-100.wav,5305
keyboard_electronic_003-066-025,test,keyboard,keyboard_electronic_003,66,upper,25,data/raw/nsynth/extracted/nsynth-test/audio/keyboard_electronic_003-066-025.wav,5305
keyboard_electronic_069-066-025,test,keyboard,keyboard_electronic_069,66,upper,25,data/raw/nsynth/extracted/nsynth-test/audio/keyboard_electronic_069-066-025.wav,5305
keyboard_synthetic_000-066-127,test,keyboard,keyboard_synthetic_000,66,upper,127,data/raw/nsynth/extracted/nsynth-test/audio/keyboard_synthetic_000-066-127.wav,5305
keyboard_electronic_002-067-075,test,keyboard,keyboard_electronic_002,67,upper,75,data/raw/nsynth/extracted/nsynth-test/audio/keyboard_electronic_002-067-075.wav,5305
keyboard_electronic_069-067-075,test,keyboard,keyboard_electronic_069,67,upper,75,data/raw/nsynth/extracted/nsynth-test/audio/keyboard_electronic_069-067-075.wav,5305
keyboard_electronic_078-067-100,test,keyboard,keyboard_electronic_078,67,upper,100,data/raw/nsynth/extracted/nsynth-test/audio/keyboard_electronic_078-067-100.wav,5305
keyboard_acoustic_004-068-100,test,keyboard,keyboard_acoustic_004,68,upper,100,data/raw/nsynth/extracted/nsynth-test/audio/keyboard_acoustic_004-068-100.wav,5305
keyboard_electronic_098-069-050,test,keyboard,keyboard_electronic_098,69,upper,50,data/raw/nsynth/extracted/nsynth-test/audio/keyboard_electronic_098-069-050.wav,5305
keyboard_acoustic_004-069-100,test,keyboard,keyboard_acoustic_004,69,upper,100,data/raw/nsynth/extracted/nsynth-test/audio/keyboard_acoustic_004-069-100.wav,5305
keyboard_electronic_003-069-100,test,keyboard,keyboard_electronic_003,69,upper,100,data/raw/nsynth/extracted/nsynth-test/audio/keyboard_electronic_003-069-100.wav,5305
keyboard_electronic_001-069-127,test,keyboard,keyboard_electronic_001,69,upper,127,data/raw/nsynth/extracted/nsynth-test/audio/keyboard_electronic_001-069-127.wav,5305
organ_electronic_007-043-025,test,organ,organ_electronic_007,43,lower,25,data/raw/nsynth/extracted/nsynth-test/audio/organ_electronic_007-043-025.wav,5305
organ_electronic_007-043-050,test,organ,organ_electronic_007,43,lower,50,data/raw/nsynth/extracted/nsynth-test/audio/organ_electronic_007-043-050.wav,5305
organ_electronic_028-043-100,test,organ,organ_electronic_028,43,lower,100,data/raw/nsynth/extracted/nsynth-test/audio/organ_electronic_028-043-100.wav,5305
organ_electronic_104-043-100,test,organ,organ_electronic_104,43,lower,100,data/raw/nsynth/extracted/nsynth-test/audio/organ_electronic_104-043-100.wav,5305
organ_electronic_001-043-127,test,organ,organ_electronic_001,43,lower,127,data/raw/nsynth/extracted/nsynth-test/audio/organ_electronic_001-043-127.wav,5305
organ_electronic_104-044-025,test,organ,organ_electronic_104,44,lower,25,data/raw/nsynth/extracted/nsynth-test/audio/organ_electronic_104-044-025.wav,5305
organ_electronic_104-044-050,test,organ,organ_electronic_104,44,lower,50,data/raw/nsynth/extracted/nsynth-test/audio/organ_electronic_104-044-050.wav,5305
organ_electronic_113-044-075,test,organ,organ_electronic_113,44,lower,75,data/raw/nsynth/extracted/nsynth-test/audio/organ_electronic_113-044-075.wav,5305
organ_electronic_104-044-100,test,organ,organ_electronic_104,44,lower,100,data/raw/nsynth/extracted/nsynth-test/audio/organ_electronic_104-044-100.wav,5305
organ_electronic_057-044-127,test,organ,organ_electronic_057,44,lower,127,data/raw/nsynth/extracted/nsynth-test/audio/organ_electronic_057-044-127.wav,5305
organ_electronic_104-045-025,test,organ,organ_electronic_104,45,lower,25,data/raw/nsynth/extracted/nsynth-test/audio/organ_electronic_104-045-025.wav,5305
organ_electronic_057-045-050,test,organ,organ_electronic_057,45,lower,50,data/raw/nsynth/extracted/nsynth-test/audio/organ_electronic_057-045-050.wav,5305
organ_electronic_113-045-050,test,organ,organ_electronic_113,45,lower,50,data/raw/nsynth/extracted/nsynth-test/audio/organ_electronic_113-045-050.wav,5305
organ_electronic_028-045-075,test,organ,organ_electronic_028,45,lower,75,data/raw/nsynth/extracted/nsynth-test/audio/organ_electronic_028-045-075.wav,5305
organ_electronic_007-045-100,test,organ,organ_electronic_007,45,lower,100,data/raw/nsynth/extracted/nsynth-test/audio/organ_electronic_007-045-100.wav,5305
organ_electronic_057-045-100,test,organ,organ_electronic_057,45,lower,100,data/raw/nsynth/extracted/nsynth-test/audio/organ_electronic_057-045-100.wav,5305
organ_electronic_113-046-025,test,organ,organ_electronic_113,46,lower,25,data/raw/nsynth/extracted/nsynth-test/audio/organ_electronic_113-046-025.wav,5305
organ_electronic_113-046-100,test,organ,organ_electronic_113,46,lower,100,data/raw/nsynth/extracted/nsynth-test/audio/organ_electronic_113-046-100.wav,5305
organ_electronic_104-047-075,test,organ,organ_electronic_104,47,lower,75,data/raw/nsynth/extracted/nsynth-test/audio/organ_electronic_104-047-075.wav,5305
organ_electronic_057-047-127,test,organ,organ_electronic_057,47,lower,127,data/raw/nsynth/extracted/nsynth-test/audio/organ_electronic_057-047-127.wav,5305
organ_electronic_113-048-050,test,organ,organ_electronic_113,48,lower,50,data/raw/nsynth/extracted/nsynth-test/audio/organ_electronic_113-048-050.wav,5305
organ_electronic_001-048-127,test,organ,organ_electronic_001,48,lower,127,data/raw/nsynth/extracted/nsynth-test/audio/organ_electronic_001-048-127.wav,5305
organ_electronic_028-049-025,test,organ,organ_electronic_028,49,lower,25,data/raw/nsynth/extracted/nsynth-test/audio/organ_electronic_028-049-025.wav,5305
organ_electronic_104-049-127,test,organ,organ_electronic_104,49,lower,127,data/raw/nsynth/extracted/nsynth-test/audio/organ_electronic_104-049-127.wav,5305
organ_electronic_057-050-075,test,organ,organ_electronic_057,50,lower,75,data/raw/nsynth/extracted/nsynth-test/audio/organ_electronic_057-050-075.wav,5305
organ_electronic_007-050-100,test,organ,organ_electronic_007,50,lower,100,data/raw/nsynth/extracted/nsynth-test/audio/organ_electronic_007-050-100.wav,5305
organ_electronic_113-050-127,test,organ,organ_electronic_113,50,lower,127,data/raw/nsynth/extracted/nsynth-test/audio/organ_electronic_113-050-127.wav,5305
organ_electronic_028-051-025,test,organ,organ_electronic_028,51,lower,25,data/raw/nsynth/extracted/nsynth-test/audio/organ_electronic_028-051-025.wav,5305
organ_electronic_104-051-050,test,organ,organ_electronic_104,51,lower,50,data/raw/nsynth/extracted/nsynth-test/audio/organ_electronic_104-051-050.wav,5305
organ_electronic_001-051-075,test,organ,organ_electronic_001,51,lower,75,data/raw/nsynth/extracted/nsynth-test/audio/organ_electronic_001-051-075.wav,5305
organ_electronic_104-051-100,test,organ,organ_electronic_104,51,lower,100,data/raw/nsynth/extracted/nsynth-test/audio/organ_electronic_104-051-100.wav,5305
organ_electronic_007-052-025,test,organ,organ_electronic_007,52,middle,25,data/raw/nsynth/extracted/nsynth-test/audio/organ_electronic_007-052-025.wav,5305
organ_electronic_028-052-050,test,organ,organ_electronic_028,52,middle,50,data/raw/nsynth/extracted/nsynth-test/audio/organ_electronic_028-052-050.wav,5305
organ_electronic_007-052-075,test,organ,organ_electronic_007,52,middle,75,data/raw/nsynth/extracted/nsynth-test/audio/organ_electronic_007-052-075.wav,5305
organ_electronic_057-052-100,test,organ,organ_electronic_057,52,middle,100,data/raw/nsynth/extracted/nsynth-test/audio/organ_electronic_057-052-100.wav,5305
organ_electronic_104-052-100,test,organ,organ_electronic_104,52,middle,100,data/raw/nsynth/extracted/nsynth-test/audio/organ_electronic_104-052-100.wav,5305
organ_electronic_001-053-025,test,organ,organ_electronic_001,53,middle,25,data/raw/nsynth/extracted/nsynth-test/audio/organ_electronic_001-053-025.wav,5305
organ_electronic_057-053-025,test,organ,organ_electronic_057,53,middle,25,data/raw/nsynth/extracted/nsynth-test/audio/organ_electronic_057-053-025.wav,5305
organ_electronic_113-053-025,test,organ,organ_electronic_113,53,middle,25,data/raw/nsynth/extracted/nsynth-test/audio/organ_electronic_113-053-025.wav,5305
organ_electronic_113-053-050,test,organ,organ_electronic_113,53,middle,50,data/raw/nsynth/extracted/nsynth-test/audio/organ_electronic_113-053-050.wav,5305
organ_electronic_104-053-100,test,organ,organ_electronic_104,53,middle,100,data/raw/nsynth/extracted/nsynth-test/audio/organ_electronic_104-053-100.wav,5305
organ_electronic_113-053-127,test,organ,organ_electronic_113,53,middle,127,data/raw/nsynth/extracted/nsynth-test/audio/organ_electronic_113-053-127.wav,5305
organ_electronic_028-054-050,test,organ,organ_electronic_028,54,middle,50,data/raw/nsynth/extracted/nsynth-test/audio/organ_electronic_028-054-050.wav,5305
organ_electronic_028-055-025,test,organ,organ_electronic_028,55,middle,25,data/raw/nsynth/extracted/nsynth-test/audio/organ_electronic_028-055-025.wav,5305
organ_electronic_007-055-050,test,organ,organ_electronic_007,55,middle,50,data/raw/nsynth/extracted/nsynth-test/audio/organ_electronic_007-055-050.wav,5305
organ_electronic_007-055-075,test,organ,organ_electronic_007,55,middle,75,data/raw/nsynth/extracted/nsynth-test/audio/organ_electronic_007-055-075.wav,5305
organ_electronic_104-055-075,test,organ,organ_electronic_104,55,middle,75,data/raw/nsynth/extracted/nsynth-test/audio/organ_electronic_104-055-075.wav,5305
organ_electronic_001-055-100,test,organ,organ_electronic_001,55,middle,100,data/raw/nsynth/extracted/nsynth-test/audio/organ_electronic_001-055-100.wav,5305
organ_electronic_007-056-075,test,organ,organ_electronic_007,56,middle,75,data/raw/nsynth/extracted/nsynth-test/audio/organ_electronic_007-056-075.wav,5305
organ_electronic_104-056-075,test,organ,organ_electronic_104,56,middle,75,data/raw/nsynth/extracted/nsynth-test/audio/organ_electronic_104-056-075.wav,5305
organ_electronic_007-056-100,test,organ,organ_electronic_007,56,middle,100,data/raw/nsynth/extracted/nsynth-test/audio/organ_electronic_007-056-100.wav,5305
organ_electronic_028-056-100,test,organ,organ_electronic_028,56,middle,100,data/raw/nsynth/extracted/nsynth-test/audio/organ_electronic_028-056-100.wav,5305
organ_electronic_028-056-127,test,organ,organ_electronic_028,56,middle,127,data/raw/nsynth/extracted/nsynth-test/audio/organ_electronic_028-056-127.wav,5305
organ_electronic_001-057-050,test,organ,organ_electronic_001,57,middle,50,data/raw/nsynth/extracted/nsynth-test/audio/organ_electronic_001-057-050.wav,5305
organ_electronic_001-057-075,test,organ,organ_electronic_001,57,middle,75,data/raw/nsynth/extracted/nsynth-test/audio/organ_electronic_001-057-075.wav,5305
organ_electronic_007-057-075,test,organ,organ_electronic_007,57,middle,75,data/raw/nsynth/extracted/nsynth-test/audio/organ_electronic_007-057-075.wav,5305
organ_electronic_113-058-050,test,organ,organ_electronic_113,58,middle,50,data/raw/nsynth/extracted/nsynth-test/audio/organ_electronic_113-058-050.wav,5305
organ_electronic_028-058-127,test,organ,organ_electronic_028,58,middle,127,data/raw/nsynth/extracted/nsynth-test/audio/organ_electronic_028-058-127.wav,5305
organ_electronic_007-059-025,test,organ,organ_electronic_007,59,middle,25,data/raw/nsynth/extracted/nsynth-test/audio/organ_electronic_007-059-025.wav,5305
organ_electronic_028-059-025,test,organ,organ_electronic_028,59,middle,25,data/raw/nsynth/extracted/nsynth-test/audio/organ_electronic_028-059-025.wav,5305
organ_electronic_104-059-050,test,organ,organ_electronic_104,59,middle,50,data/raw/nsynth/extracted/nsynth-test/audio/organ_electronic_104-059-050.wav,5305
organ_electronic_001-059-127,test,organ,organ_electronic_001,59,middle,127,data/raw/nsynth/extracted/nsynth-test/audio/organ_electronic_001-059-127.wav,5305
organ_electronic_057-059-127,test,organ,organ_electronic_057,59,middle,127,data/raw/nsynth/extracted/nsynth-test/audio/organ_electronic_057-059-127.wav,5305
organ_electronic_113-060-025,test,organ,organ_electronic_113,60,middle,25,data/raw/nsynth/extracted/nsynth-test/audio/organ_electronic_113-060-025.wav,5305
organ_electronic_001-060-075,test,organ,organ_electronic_001,60,middle,75,data/raw/nsynth/extracted/nsynth-test/audio/organ_electronic_001-060-075.wav,5305
organ_electronic_001-060-100,test,organ,organ_electronic_001,60,middle,100,data/raw/nsynth/extracted/nsynth-test/audio/organ_electronic_001-060-100.wav,5305
organ_electronic_007-060-127,test,organ,organ_electronic_007,60,middle,127,data/raw/nsynth/extracted/nsynth-test/audio/organ_electronic_007-060-127.wav,5305
organ_electronic_028-061-127,test,organ,organ_electronic_028,61,upper,127,data/raw/nsynth/extracted/nsynth-test/audio/organ_electronic_028-061-127.wav,5305
organ_electronic_001-062-050,test,organ,organ_electronic_001,62,upper,50,data/raw/nsynth/extracted/nsynth-test/audio/organ_electronic_001-062-050.wav,5305
organ_electronic_007-062-100,test,organ,organ_electronic_007,62,upper,100,data/raw/nsynth/extracted/nsynth-test/audio/organ_electronic_007-062-100.wav,5305
organ_electronic_028-062-100,test,organ,organ_electronic_028,62,upper,100,data/raw/nsynth/extracted/nsynth-test/audio/organ_electronic_028-062-100.wav,5305
organ_electronic_007-063-127,test,organ,organ_electronic_007,63,upper,127,data/raw/nsynth/extracted/nsynth-test/audio/organ_electronic_007-063-127.wav,5305
organ_electronic_057-063-127,test,organ,organ_electronic_057,63,upper,127,data/raw/nsynth/extracted/nsynth-test/audio/organ_electronic_057-063-127.wav,5305
organ_electronic_104-063-127,test,organ,organ_electronic_104,63,upper,127,data/raw/nsynth/extracted/nsynth-test/audio/organ_electronic_104-063-127.wav,5305
organ_electronic_113-064-025,test,organ,organ_electronic_113,64,upper,25,data/raw/nsynth/extracted/nsynth-test/audio/organ_electronic_113-064-025.wav,5305
organ_electronic_057-064-050,test,organ,organ_electronic_057,64,upper,50,data/raw/nsynth/extracted/nsynth-test/audio/organ_electronic_057-064-050.wav,5305
organ_electronic_007-064-075,test,organ,organ_electronic_007,64,upper,75,data/raw/nsynth/extracted/nsynth-test/audio/organ_electronic_007-064-075.wav,5305
organ_electronic_057-064-075,test,organ,organ_electronic_057,64,upper,75,data/raw/nsynth/extracted/nsynth-test/audio/organ_electronic_057-064-075.wav,5305
organ_electronic_007-064-100,test,organ,organ_electronic_007,64,upper,100,data/raw/nsynth/extracted/nsynth-test/audio/organ_electronic_007-064-100.wav,5305
organ_electronic_057-064-100,test,organ,organ_electronic_057,64,upper,100,data/raw/nsynth/extracted/nsynth-test/audio/organ_electronic_057-064-100.wav,5305
organ_electronic_001-064-127,test,organ,organ_electronic_001,64,upper,127,data/raw/nsynth/extracted/nsynth-test/audio/organ_electronic_001-064-127.wav,5305
organ_electronic_028-065-025,test,organ,organ_electronic_028,65,upper,25,data/raw/nsynth/extracted/nsynth-test/audio/organ_electronic_028-065-025.wav,5305
organ_electronic_113-065-075,test,organ,organ_electronic_113,65,upper,75,data/raw/nsynth/extracted/nsynth-test/audio/organ_electronic_113-065-075.wav,5305
organ_electronic_001-065-100,test,organ,organ_electronic_001,65,upper,100,data/raw/nsynth/extracted/nsynth-test/audio/organ_electronic_001-065-100.wav,5305
organ_electronic_028-065-100,test,organ,organ_electronic_028,65,upper,100,data/raw/nsynth/extracted/nsynth-test/audio/organ_electronic_028-065-100.wav,5305
organ_electronic_057-066-075,test,organ,organ_electronic_057,66,upper,75,data/raw/nsynth/extracted/nsynth-test/audio/organ_electronic_057-066-075.wav,5305
organ_electronic_104-066-127,test,organ,organ_electronic_104,66,upper,127,data/raw/nsynth/extracted/nsynth-test/audio/organ_electronic_104-066-127.wav,5305
organ_electronic_104-067-075,test,organ,organ_electronic_104,67,upper,75,data/raw/nsynth/extracted/nsynth-test/audio/organ_electronic_104-067-075.wav,5305
organ_electronic_028-067-100,test,organ,organ_electronic_028,67,upper,100,data/raw/nsynth/extracted/nsynth-test/audio/organ_electronic_028-067-100.wav,5305
organ_electronic_057-067-127,test,organ,organ_electronic_057,67,upper,127,data/raw/nsynth/extracted/nsynth-test/audio/organ_electronic_057-067-127.wav,5305
organ_electronic_001-068-025,test,organ,organ_electronic_001,68,upper,25,data/raw/nsynth/extracted/nsynth-test/audio/organ_electronic_001-068-025.wav,5305
organ_electronic_007-068-025,test,organ,organ_electronic_007,68,upper,25,data/raw/nsynth/extracted/nsynth-test/audio/organ_electronic_007-068-025.wav,5305
organ_electronic_007-068-050,test,organ,organ_electronic_007,68,upper,50,data/raw/nsynth/extracted/nsynth-test/audio/organ_electronic_007-068-050.wav,5305
organ_electronic_113-068-050,test,organ,organ_electronic_113,68,upper,50,data/raw/nsynth/extracted/nsynth-test/audio/organ_electronic_113-068-050.wav,5305
organ_electronic_028-068-100,test,organ,organ_electronic_028,68,upper,100,data/raw/nsynth/extracted/nsynth-test/audio/organ_electronic_028-068-100.wav,5305
organ_electronic_007-069-075,test,organ,organ_electronic_007,69,upper,75,data/raw/nsynth/extracted/nsynth-test/audio/organ_electronic_007-069-075.wav,5305
organ_electronic_057-069-075,test,organ,organ_electronic_057,69,upper,75,data/raw/nsynth/extracted/nsynth-test/audio/organ_electronic_057-069-075.wav,5305
organ_electronic_113-069-075,test,organ,organ_electronic_113,69,upper,75,data/raw/nsynth/extracted/nsynth-test/audio/organ_electronic_113-069-075.wav,5305
organ_electronic_001-069-127,test,organ,organ_electronic_001,69,upper,127,data/raw/nsynth/extracted/nsynth-test/audio/organ_electronic_001-069-127.wav,5305
string_acoustic_071-043-050,test,string,string_acoustic_071,43,lower,50,data/raw/nsynth/extracted/nsynth-test/audio/string_acoustic_071-043-050.wav,5305
string_acoustic_012-043-075,test,string,string_acoustic_012,43,lower,75,data/raw/nsynth/extracted/nsynth-test/audio/string_acoustic_012-043-075.wav,5305
string_acoustic_056-043-100,test,string,string_acoustic_056,43,lower,100,data/raw/nsynth/extracted/nsynth-test/audio/string_acoustic_056-043-100.wav,5305
string_acoustic_012-044-025,test,string,string_acoustic_012,44,lower,25,data/raw/nsynth/extracted/nsynth-test/audio/string_acoustic_012-044-025.wav,5305
string_acoustic_071-044-075,test,string,string_acoustic_071,44,lower,75,data/raw/nsynth/extracted/nsynth-test/audio/string_acoustic_071-044-075.wav,5305
string_acoustic_012-044-100,test,string,string_acoustic_012,44,lower,100,data/raw/nsynth/extracted/nsynth-test/audio/string_acoustic_012-044-100.wav,5305
string_acoustic_071-044-127,test,string,string_acoustic_071,44,lower,127,data/raw/nsynth/extracted/nsynth-test/audio/string_acoustic_071-044-127.wav,5305
string_acoustic_080-044-127,test,string,string_acoustic_080,44,lower,127,data/raw/nsynth/extracted/nsynth-test/audio/string_acoustic_080-044-127.wav,5305
string_acoustic_071-045-050,test,string,string_acoustic_071,45,lower,50,data/raw/nsynth/extracted/nsynth-test/audio/string_acoustic_071-045-050.wav,5305
string_acoustic_080-045-050,test,string,string_acoustic_080,45,lower,50,data/raw/nsynth/extracted/nsynth-test/audio/string_acoustic_080-045-050.wav,5305
string_acoustic_012-045-100,test,string,string_acoustic_012,45,lower,100,data/raw/nsynth/extracted/nsynth-test/audio/string_acoustic_012-045-100.wav,5305
string_acoustic_012-046-100,test,string,string_acoustic_012,46,lower,100,data/raw/nsynth/extracted/nsynth-test/audio/string_acoustic_012-046-100.wav,5305
string_acoustic_080-046-127,test,string,string_acoustic_080,46,lower,127,data/raw/nsynth/extracted/nsynth-test/audio/string_acoustic_080-046-127.wav,5305
string_acoustic_056-047-025,test,string,string_acoustic_056,47,lower,25,data/raw/nsynth/extracted/nsynth-test/audio/string_acoustic_056-047-025.wav,5305
string_acoustic_071-047-025,test,string,string_acoustic_071,47,lower,25,data/raw/nsynth/extracted/nsynth-test/audio/string_acoustic_071-047-025.wav,5305
string_acoustic_080-047-025,test,string,string_acoustic_080,47,lower,25,data/raw/nsynth/extracted/nsynth-test/audio/string_acoustic_080-047-025.wav,5305
string_acoustic_056-047-050,test,string,string_acoustic_056,47,lower,50,data/raw/nsynth/extracted/nsynth-test/audio/string_acoustic_056-047-050.wav,5305
string_acoustic_056-047-075,test,string,string_acoustic_056,47,lower,75,data/raw/nsynth/extracted/nsynth-test/audio/string_acoustic_056-047-075.wav,5305
string_acoustic_056-047-100,test,string,string_acoustic_056,47,lower,100,data/raw/nsynth/extracted/nsynth-test/audio/string_acoustic_056-047-100.wav,5305
string_acoustic_080-047-100,test,string,string_acoustic_080,47,lower,100,data/raw/nsynth/extracted/nsynth-test/audio/string_acoustic_080-047-100.wav,5305
string_acoustic_080-048-025,test,string,string_acoustic_080,48,lower,25,data/raw/nsynth/extracted/nsynth-test/audio/string_acoustic_080-048-025.wav,5305
string_acoustic_014-048-075,test,string,string_acoustic_014,48,lower,75,data/raw/nsynth/extracted/nsynth-test/audio/string_acoustic_014-048-075.wav,5305
string_acoustic_012-048-100,test,string,string_acoustic_012,48,lower,100,data/raw/nsynth/extracted/nsynth-test/audio/string_acoustic_012-048-100.wav,5305
string_acoustic_012-049-050,test,string,string_acoustic_012,49,lower,50,data/raw/nsynth/extracted/nsynth-test/audio/string_acoustic_012-049-050.wav,5305
string_acoustic_014-049-100,test,string,string_acoustic_014,49,lower,100,data/raw/nsynth/extracted/nsynth-test/audio/string_acoustic_014-049-100.wav,5305
string_acoustic_071-050-050,test,string,string_acoustic_071,50,lower,50,data/raw/nsynth/extracted/nsynth-test/audio/string_acoustic_071-050-050.wav,5305
string_acoustic_080-050-075,test,string,string_acoustic_080,50,lower,75,data/raw/nsynth/extracted/nsynth-test/audio/string_acoustic_080-050-075.wav,5305
string_acoustic_056-051-025,test,string,string_acoustic_056,51,lower,25,data/raw/nsynth/extracted/nsynth-test/audio/string_acoustic_056-051-025.wav,5305
string_acoustic_012-051-127,test,string,string_acoustic_012,51,lower,127,data/raw/nsynth/extracted/nsynth-test/audio/string_acoustic_012-051-127.wav,5305
string_acoustic_071-051-127,test,string,string_acoustic_071,51,lower,127,data/raw/nsynth/extracted/nsynth-test/audio/string_acoustic_071-051-127.wav,5305
string_acoustic_080-051-127,test,string,string_acoustic_080,51,lower,127,data/raw/nsynth/extracted/nsynth-test/audio/string_acoustic_080-051-127.wav,5305
string_acoustic_071-052-025,test,string,string_acoustic_071,52,middle,25,data/raw/nsynth/extracted/nsynth-test/audio/string_acoustic_071-052-025.wav,5305
string_acoustic_056-052-075,test,string,string_acoustic_056,52,middle,75,data/raw/nsynth/extracted/nsynth-test/audio/string_acoustic_056-052-075.wav,5305
string_acoustic_071-052-075,test,string,string_acoustic_071,52,middle,75,data/raw/nsynth/extracted/nsynth-test/audio/string_acoustic_071-052-075.wav,5305
string_acoustic_071-052-127,test,string,string_acoustic_071,52,middle,127,data/raw/nsynth/extracted/nsynth-test/audio/string_acoustic_071-052-127.wav,5305
string_acoustic_012-053-025,test,string,string_acoustic_012,53,middle,25,data/raw/nsynth/extracted/nsynth-test/audio/string_acoustic_012-053-025.wav,5305
string_acoustic_014-053-025,test,string,string_acoustic_014,53,middle,25,data/raw/nsynth/extracted/nsynth-test/audio/string_acoustic_014-053-025.wav,5305
string_acoustic_056-053-025,test,string,string_acoustic_056,53,middle,25,data/raw/nsynth/extracted/nsynth-test/audio/string_acoustic_056-053-025.wav,5305
string_acoustic_014-053-050,test,string,string_acoustic_014,53,middle,50,data/raw/nsynth/extracted/nsynth-test/audio/string_acoustic_014-053-050.wav,5305
string_acoustic_080-053-050,test,string,string_acoustic_080,53,middle,50,data/raw/nsynth/extracted/nsynth-test/audio/string_acoustic_080-053-050.wav,5305
string_acoustic_071-053-075,test,string,string_acoustic_071,53,middle,75,data/raw/nsynth/extracted/nsynth-test/audio/string_acoustic_071-053-075.wav,5305
string_acoustic_012-054-050,test,string,string_acoustic_012,54,middle,50,data/raw/nsynth/extracted/nsynth-test/audio/string_acoustic_012-054-050.wav,5305
string_acoustic_080-054-050,test,string,string_acoustic_080,54,middle,50,data/raw/nsynth/extracted/nsynth-test/audio/string_acoustic_080-054-050.wav,5305
string_acoustic_071-054-075,test,string,string_acoustic_071,54,middle,75,data/raw/nsynth/extracted/nsynth-test/audio/string_acoustic_071-054-075.wav,5305
string_acoustic_014-054-100,test,string,string_acoustic_014,54,middle,100,data/raw/nsynth/extracted/nsynth-test/audio/string_acoustic_014-054-100.wav,5305
string_acoustic_056-054-100,test,string,string_acoustic_056,54,middle,100,data/raw/nsynth/extracted/nsynth-test/audio/string_acoustic_056-054-100.wav,5305
string_acoustic_014-054-127,test,string,string_acoustic_014,54,middle,127,data/raw/nsynth/extracted/nsynth-test/audio/string_acoustic_014-054-127.wav,5305
string_acoustic_012-055-025,test,string,string_acoustic_012,55,middle,25,data/raw/nsynth/extracted/nsynth-test/audio/string_acoustic_012-055-025.wav,5305
string_acoustic_014-055-025,test,string,string_acoustic_014,55,middle,25,data/raw/nsynth/extracted/nsynth-test/audio/string_acoustic_014-055-025.wav,5305
string_acoustic_012-055-050,test,string,string_acoustic_012,55,middle,50,data/raw/nsynth/extracted/nsynth-test/audio/string_acoustic_012-055-050.wav,5305
string_acoustic_056-055-100,test,string,string_acoustic_056,55,middle,100,data/raw/nsynth/extracted/nsynth-test/audio/string_acoustic_056-055-100.wav,5305
string_acoustic_057-055-100,test,string,string_acoustic_057,55,middle,100,data/raw/nsynth/extracted/nsynth-test/audio/string_acoustic_057-055-100.wav,5305
string_acoustic_056-056-075,test,string,string_acoustic_056,56,middle,75,data/raw/nsynth/extracted/nsynth-test/audio/string_acoustic_056-056-075.wav,5305
string_acoustic_056-057-127,test,string,string_acoustic_056,57,middle,127,data/raw/nsynth/extracted/nsynth-test/audio/string_acoustic_056-057-127.wav,5305
string_acoustic_056-058-025,test,string,string_acoustic_056,58,middle,25,data/raw/nsynth/extracted/nsynth-test/audio/string_acoustic_056-058-025.wav,5305
string_acoustic_014-058-050,test,string,string_acoustic_014,58,middle,50,data/raw/nsynth/extracted/nsynth-test/audio/string_acoustic_014-058-050.wav,5305
string_acoustic_014-058-100,test,string,string_acoustic_014,58,middle,100,data/raw/nsynth/extracted/nsynth-test/audio/string_acoustic_014-058-100.wav,5305
string_acoustic_056-058-127,test,string,string_acoustic_056,58,middle,127,data/raw/nsynth/extracted/nsynth-test/audio/string_acoustic_056-058-127.wav,5305
string_acoustic_014-059-050,test,string,string_acoustic_014,59,middle,50,data/raw/nsynth/extracted/nsynth-test/audio/string_acoustic_014-059-050.wav,5305
string_acoustic_014-059-075,test,string,string_acoustic_014,59,middle,75,data/raw/nsynth/extracted/nsynth-test/audio/string_acoustic_014-059-075.wav,5305
string_acoustic_056-059-075,test,string,string_acoustic_056,59,middle,75,data/raw/nsynth/extracted/nsynth-test/audio/string_acoustic_056-059-075.wav,5305
string_acoustic_056-059-100,test,string,string_acoustic_056,59,middle,100,data/raw/nsynth/extracted/nsynth-test/audio/string_acoustic_056-059-100.wav,5305
string_acoustic_014-060-025,test,string,string_acoustic_014,60,middle,25,data/raw/nsynth/extracted/nsynth-test/audio/string_acoustic_014-060-025.wav,5305
string_acoustic_056-060-075,test,string,string_acoustic_056,60,middle,75,data/raw/nsynth/extracted/nsynth-test/audio/string_acoustic_056-060-075.wav,5305
string_acoustic_057-060-100,test,string,string_acoustic_057,60,middle,100,data/raw/nsynth/extracted/nsynth-test/audio/string_acoustic_057-060-100.wav,5305
string_acoustic_056-060-127,test,string,string_acoustic_056,60,middle,127,data/raw/nsynth/extracted/nsynth-test/audio/string_acoustic_056-060-127.wav,5305
string_acoustic_057-060-127,test,string,string_acoustic_057,60,middle,127,data/raw/nsynth/extracted/nsynth-test/audio/string_acoustic_057-060-127.wav,5305
string_acoustic_014-061-025,test,string,string_acoustic_014,61,upper,25,data/raw/nsynth/extracted/nsynth-test/audio/string_acoustic_014-061-025.wav,5305
string_acoustic_056-061-075,test,string,string_acoustic_056,61,upper,75,data/raw/nsynth/extracted/nsynth-test/audio/string_acoustic_056-061-075.wav,5305
string_acoustic_014-061-100,test,string,string_acoustic_014,61,upper,100,data/raw/nsynth/extracted/nsynth-test/audio/string_acoustic_014-061-100.wav,5305
string_acoustic_056-061-100,test,string,string_acoustic_056,61,upper,100,data/raw/nsynth/extracted/nsynth-test/audio/string_acoustic_056-061-100.wav,5305
string_acoustic_057-061-100,test,string,string_acoustic_057,61,upper,100,data/raw/nsynth/extracted/nsynth-test/audio/string_acoustic_057-061-100.wav,5305
string_acoustic_014-061-127,test,string,string_acoustic_014,61,upper,127,data/raw/nsynth/extracted/nsynth-test/audio/string_acoustic_014-061-127.wav,5305
string_acoustic_057-062-050,test,string,string_acoustic_057,62,upper,50,data/raw/nsynth/extracted/nsynth-test/audio/string_acoustic_057-062-050.wav,5305
string_acoustic_014-062-075,test,string,string_acoustic_014,62,upper,75,data/raw/nsynth/extracted/nsynth-test/audio/string_acoustic_014-062-075.wav,5305
string_acoustic_056-062-075,test,string,string_acoustic_056,62,upper,75,data/raw/nsynth/extracted/nsynth-test/audio/string_acoustic_056-062-075.wav,5305
string_acoustic_014-062-127,test,string,string_acoustic_014,62,upper,127,data/raw/nsynth/extracted/nsynth-test/audio/string_acoustic_014-062-127.wav,5305
string_acoustic_056-062-127,test,string,string_acoustic_056,62,upper,127,data/raw/nsynth/extracted/nsynth-test/audio/string_acoustic_056-062-127.wav,5305
string_acoustic_014-063-050,test,string,string_acoustic_014,63,upper,50,data/raw/nsynth/extracted/nsynth-test/audio/string_acoustic_014-063-050.wav,5305
string_acoustic_057-063-075,test,string,string_acoustic_057,63,upper,75,data/raw/nsynth/extracted/nsynth-test/audio/string_acoustic_057-063-075.wav,5305
string_acoustic_057-063-100,test,string,string_acoustic_057,63,upper,100,data/raw/nsynth/extracted/nsynth-test/audio/string_acoustic_057-063-100.wav,5305
string_acoustic_056-063-127,test,string,string_acoustic_056,63,upper,127,data/raw/nsynth/extracted/nsynth-test/audio/string_acoustic_056-063-127.wav,5305
string_acoustic_057-063-127,test,string,string_acoustic_057,63,upper,127,data/raw/nsynth/extracted/nsynth-test/audio/string_acoustic_057-063-127.wav,5305
string_acoustic_057-064-025,test,string,string_acoustic_057,64,upper,25,data/raw/nsynth/extracted/nsynth-test/audio/string_acoustic_057-064-025.wav,5305
string_acoustic_014-064-050,test,string,string_acoustic_014,64,upper,50,data/raw/nsynth/extracted/nsynth-test/audio/string_acoustic_014-064-050.wav,5305
string_acoustic_057-064-050,test,string,string_acoustic_057,64,upper,50,data/raw/nsynth/extracted/nsynth-test/audio/string_acoustic_057-064-050.wav,5305
string_acoustic_014-064-075,test,string,string_acoustic_014,64,upper,75,data/raw/nsynth/extracted/nsynth-test/audio/string_acoustic_014-064-075.wav,5305
string_acoustic_057-064-075,test,string,string_acoustic_057,64,upper,75,data/raw/nsynth/extracted/nsynth-test/audio/string_acoustic_057-064-075.wav,5305
string_acoustic_056-064-100,test,string,string_acoustic_056,64,upper,100,data/raw/nsynth/extracted/nsynth-test/audio/string_acoustic_056-064-100.wav,5305
string_acoustic_014-065-075,test,string,string_acoustic_014,65,upper,75,data/raw/nsynth/extracted/nsynth-test/audio/string_acoustic_014-065-075.wav,5305
string_acoustic_056-065-100,test,string,string_acoustic_056,65,upper,100,data/raw/nsynth/extracted/nsynth-test/audio/string_acoustic_056-065-100.wav,5305
string_acoustic_014-065-127,test,string,string_acoustic_014,65,upper,127,data/raw/nsynth/extracted/nsynth-test/audio/string_acoustic_014-065-127.wav,5305
string_acoustic_056-065-127,test,string,string_acoustic_056,65,upper,127,data/raw/nsynth/extracted/nsynth-test/audio/string_acoustic_056-065-127.wav,5305
string_acoustic_056-067-025,test,string,string_acoustic_056,67,upper,25,data/raw/nsynth/extracted/nsynth-test/audio/string_acoustic_056-067-025.wav,5305
string_acoustic_057-067-100,test,string,string_acoustic_057,67,upper,100,data/raw/nsynth/extracted/nsynth-test/audio/string_acoustic_057-067-100.wav,5305
string_acoustic_056-067-127,test,string,string_acoustic_056,67,upper,127,data/raw/nsynth/extracted/nsynth-test/audio/string_acoustic_056-067-127.wav,5305
string_acoustic_057-068-100,test,string,string_acoustic_057,68,upper,100,data/raw/nsynth/extracted/nsynth-test/audio/string_acoustic_057-068-100.wav,5305
string_acoustic_056-069-025,test,string,string_acoustic_056,69,upper,25,data/raw/nsynth/extracted/nsynth-test/audio/string_acoustic_056-069-025.wav,5305
string_acoustic_057-069-075,test,string,string_acoustic_057,69,upper,75,data/raw/nsynth/extracted/nsynth-test/audio/string_acoustic_057-069-075.wav,5305
bass_acoustic_000-043-025,train,bass,bass_acoustic_000,43,lower,25,data/raw/nsynth/extracted/nsynth-train/audio/bass_acoustic_000-043-025.wav,5305
bass_synthetic_044-043-025,train,bass,bass_synthetic_044,43,lower,25,data/raw/nsynth/extracted/nsynth-train/audio/bass_synthetic_044-043-025.wav,5305
bass_synthetic_064-043-025,train,bass,bass_synthetic_064,43,lower,25,data/raw/nsynth/extracted/nsynth-train/audio/bass_synthetic_064-043-025.wav,5305
bass_electronic_007-043-050,train,bass,bass_electronic_007,43,lower,50,data/raw/nsynth/extracted/nsynth-train/audio/bass_electronic_007-043-050.wav,5305
bass_synthetic_074-043-050,train,bass,bass_synthetic_074,43,lower,50,data/raw/nsynth/extracted/nsynth-train/audio/bass_synthetic_074-043-050.wav,5305
bass_synthetic_094-043-050,train,bass,bass_synthetic_094,43,lower,50,data/raw/nsynth/extracted/nsynth-train/audio/bass_synthetic_094-043-050.wav,5305
bass_synthetic_002-043-075,train,bass,bass_synthetic_002,43,lower,75,data/raw/nsynth/extracted/nsynth-train/audio/bass_synthetic_002-043-075.wav,5305
bass_synthetic_036-043-075,train,bass,bass_synthetic_036,43,lower,75,data/raw/nsynth/extracted/nsynth-train/audio/bass_synthetic_036-043-075.wav,5305
bass_synthetic_100-043-075,train,bass,bass_synthetic_100,43,lower,75,data/raw/nsynth/extracted/nsynth-train/audio/bass_synthetic_100-043-075.wav,5305
bass_synthetic_121-043-075,train,bass,bass_synthetic_121,43,lower,75,data/raw/nsynth/extracted/nsynth-train/audio/bass_synthetic_121-043-075.wav,5305
bass_synthetic_124-043-075,train,bass,bass_synthetic_124,43,lower,75,data/raw/nsynth/extracted/nsynth-train/audio/bass_synthetic_124-043-075.wav,5305
bass_electronic_001-043-100,train,bass,bass_electronic_001,43,lower,100,data/raw/nsynth/extracted/nsynth-train/audio/bass_electronic_001-043-100.wav,5305
bass_electronic_019-043-100,train,bass,bass_electronic_019,43,lower,100,data/raw/nsynth/extracted/nsynth-train/audio/bass_electronic_019-043-100.wav,5305
bass_electronic_030-043-100,train,bass,bass_electronic_030,43,lower,100,data/raw/nsynth/extracted/nsynth-train/audio/bass_electronic_030-043-100.wav,5305
bass_synthetic_028-043-100,train,bass,bass_synthetic_028,43,lower,100,data/raw/nsynth/extracted/nsynth-train/audio/bass_synthetic_028-043-100.wav,5305
bass_synthetic_036-043-100,train,bass,bass_synthetic_036,43,lower,100,data/raw/nsynth/extracted/nsynth-train/audio/bass_synthetic_036-043-100.wav,5305
bass_synthetic_073-043-100,train,bass,bass_synthetic_073,43,lower,100,data/raw/nsynth/extracted/nsynth-train/audio/bass_synthetic_073-043-100.wav,5305
bass_synthetic_086-043-127,train,bass,bass_synthetic_086,43,lower,127,data/raw/nsynth/extracted/nsynth-train/audio/bass_synthetic_086-043-127.wav,5305
bass_synthetic_089-043-127,train,bass,bass_synthetic_089,43,lower,127,data/raw/nsynth/extracted/nsynth-train/audio/bass_synthetic_089-043-127.wav,5305
bass_synthetic_093-043-127,train,bass,bass_synthetic_093,43,lower,127,data/raw/nsynth/extracted/nsynth-train/audio/bass_synthetic_093-043-127.wav,5305
bass_synthetic_147-043-127,train,bass,bass_synthetic_147,43,lower,127,data/raw/nsynth/extracted/nsynth-train/audio/bass_synthetic_147-043-127.wav,5305
bass_electronic_003-044-025,train,bass,bass_electronic_003,44,lower,25,data/raw/nsynth/extracted/nsynth-train/audio/bass_electronic_003-044-025.wav,5305
bass_synthetic_044-044-025,train,bass,bass_synthetic_044,44,lower,25,data/raw/nsynth/extracted/nsynth-train/audio/bass_synthetic_044-044-025.wav,5305
bass_synthetic_071-044-025,train,bass,bass_synthetic_071,44,lower,25,data/raw/nsynth/extracted/nsynth-train/audio/bass_synthetic_071-044-025.wav,5305
bass_synthetic_075-044-025,train,bass,bass_synthetic_075,44,lower,25,data/raw/nsynth/extracted/nsynth-train/audio/bass_synthetic_075-044-025.wav,5305
bass_synthetic_080-044-025,train,bass,bass_synthetic_080,44,lower,25,data/raw/nsynth/extracted/nsynth-train/audio/bass_synthetic_080-044-025.wav,5305
bass_synthetic_031-044-075,train,bass,bass_synthetic_031,44,lower,75,data/raw/nsynth/extracted/nsynth-train/audio/bass_synthetic_031-044-075.wav,5305
bass_synthetic_037-044-075,train,bass,bass_synthetic_037,44,lower,75,data/raw/nsynth/extracted/nsynth-train/audio/bass_synthetic_037-044-075.wav,5305
bass_synthetic_039-044-075,train,bass,bass_synthetic_039,44,lower,75,data/raw/nsynth/extracted/nsynth-train/audio/bass_synthetic_039-044-075.wav,5305
bass_synthetic_108-044-075,train,bass,bass_synthetic_108,44,lower,75,data/raw/nsynth/extracted/nsynth-train/audio/bass_synthetic_108-044-075.wav,5305
bass_synthetic_130-044-075,train,bass,bass_synthetic_130,44,lower,75,data/raw/nsynth/extracted/nsynth-train/audio/bass_synthetic_130-044-075.wav,5305
bass_electronic_004-044-100,train,bass,bass_electronic_004,44,lower,100,data/raw/nsynth/extracted/nsynth-train/audio/bass_electronic_004-044-100.wav,5305
bass_electronic_035-044-100,train,bass,bass_electronic_035,44,lower,100,data/raw/nsynth/extracted/nsynth-train/audio/bass_electronic_035-044-100.wav,5305
bass_synthetic_032-044-100,train,bass,bass_synthetic_032,44,lower,100,data/raw/nsynth/extracted/nsynth-train/audio/bass_synthetic_032-044-100.wav,5305
bass_synthetic_048-044-100,train,bass,bass_synthetic_048,44,lower,100,data/raw/nsynth/extracted/nsynth-train/audio/bass_synthetic_048-044-100.wav,5305
bass_synthetic_084-044-100,train,bass,bass_synthetic_084,44,lower,100,data/raw/nsynth/extracted/nsynth-train/audio/bass_synthetic_084-044-100.wav,5305
bass_electronic_026-044-127,train,bass,bass_electronic_026,44,lower,127,data/raw/nsynth/extracted/nsynth-train/audio/bass_electronic_026-044-127.wav,5305
bass_synthetic_027-044-127,train,bass,bass_synthetic_027,44,lower,127,data/raw/nsynth/extracted/nsynth-train/audio/bass_synthetic_027-044-127.wav,5305
bass_synthetic_046-044-127,train,bass,bass_synthetic_046,44,lower,127,data/raw/nsynth/extracted/nsynth-train/audio/bass_synthetic_046-044-127.wav,5305
bass_synthetic_055-044-127,train,bass,bass_synthetic_055,44,lower,127,data/raw/nsynth/extracted/nsynth-train/audio/bass_synthetic_055-044-127.wav,5305
bass_synthetic_121-044-127,train,bass,bass_synthetic_121,44,lower,127,data/raw/nsynth/extracted/nsynth-train/audio/bass_synthetic_121-044-127.wav,5305
bass_synthetic_152-044-127,train,bass,bass_synthetic_152,44,lower,127,data/raw/nsynth/extracted/nsynth-train/audio/bass_synthetic_152-044-127.wav,5305
bass_electronic_031-045-025,train,bass,bass_electronic_031,45,lower,25,data/raw/nsynth/extracted/nsynth-train/audio/bass_electronic_031-045-025.wav,5305
bass_synthetic_054-045-025,train,bass,bass_synthetic_054,45,lower,25,data/raw/nsynth/extracted/nsynth-train/audio/bass_synthetic_054-045-025.wav,5305
bass_synthetic_060-045-025,train,bass,bass_synthetic_060,45,lower,25,data/raw/nsynth/extracted/nsynth-train/audio/bass_synthetic_060-045-025.wav,5305
bass_synthetic_064-045-025,train,bass,bass_synthetic_064,45,lower,25,data/raw/nsynth/extracted/nsynth-train/audio/bass_synthetic_064-045-025.wav,5305
bass_synthetic_076-045-025,train,bass,bass_synthetic_076,45,lower,25,data/raw/nsynth/extracted/nsynth-train/audio/bass_synthetic_076-045-025.wav,5305
bass_synthetic_106-045-025,train,bass,bass_synthetic_106,45,lower,25,data/raw/nsynth/extracted/nsynth-train/audio/bass_synthetic_106-045-025.wav,5305
bass_synthetic_118-045-025,train,bass,bass_synthetic_118,45,lower,25,data/raw/nsynth/extracted/nsynth-train/audio/bass_synthetic_118-045-025.wav,5305
bass_synthetic_011-045-050,train,bass,bass_synthetic_011,45,lower,50,data/raw/nsynth/extracted/nsynth-train/audio/bass_synthetic_011-045-050.wav,5305
bass_synthetic_094-045-050,train,bass,bass_synthetic_094,45,lower,50,data/raw/nsynth/extracted/nsynth-train/audio/bass_synthetic_094-045-050.wav,5305
bass_synthetic_100-045-050,train,bass,bass_synthetic_100,45,lower,50,data/raw/nsynth/extracted/nsynth-train/audio/bass_synthetic_100-045-050.wav,5305
bass_electronic_022-045-075,train,bass,bass_electronic_022,45,lower,75,data/raw/nsynth/extracted/nsynth-train/audio/bass_electronic_022-045-075.wav,5305
bass_synthetic_057-045-075,train,bass,bass_synthetic_057,45,lower,75,data/raw/nsynth/extracted/nsynth-train/audio/bass_synthetic_057-045-075.wav,5305
bass_synthetic_058-045-075,train,bass,bass_synthetic_058,45,lower,75,data/raw/nsynth/extracted/nsynth-train/audio/bass_synthetic_058-045-075.wav,5305
bass_synthetic_082-045-075,train,bass,bass_synthetic_082,45,lower,75,data/raw/nsynth/extracted/nsynth-train/audio/bass_synthetic_082-045-075.wav,5305
bass_electronic_022-045-100,train,bass,bass_electronic_022,45,lower,100,data/raw/nsynth/extracted/nsynth-train/audio/bass_electronic_022-045-100.wav,5305
bass_synthetic_038-045-100,train,bass,bass_synthetic_038,45,lower,100,data/raw/nsynth/extracted/nsynth-train/audio/bass_synthetic_038-045-100.wav,5305
bass_synthetic_069-045-100,train,bass,bass_synthetic_069,45,lower,100,data/raw/nsynth/extracted/nsynth-train/audio/bass_synthetic_069-045-100.wav,5305
bass_electronic_001-045-127,train,bass,bass_electronic_001,45,lower,127,data/raw/nsynth/extracted/nsynth-train/audio/bass_electronic_001-045-127.wav,5305
bass_electronic_003-045-127,train,bass,bass_electronic_003,45,lower,127,data/raw/nsynth/extracted/nsynth-train/audio/bass_electronic_003-045-127.wav,5305
bass_electronic_021-045-127,train,bass,bass_electronic_021,45,lower,127,data/raw/nsynth/extracted/nsynth-train/audio/bass_electronic_021-045-127.wav,5305
bass_synthetic_007-045-127,train,bass,bass_synthetic_007,45,lower,127,data/raw/nsynth/extracted/nsynth-train/audio/bass_synthetic_007-045-127.wav,5305
bass_synthetic_015-045-127,train,bass,bass_synthetic_015,45,lower,127,data/raw/nsynth/extracted/nsynth-train/audio/bass_synthetic_015-045-127.wav,5305
bass_synthetic_066-045-127,train,bass,bass_synthetic_066,45,lower,127,data/raw/nsynth/extracted/nsynth-train/audio/bass_synthetic_066-045-127.wav,5305
bass_synthetic_095-045-127,train,bass,bass_synthetic_095,45,lower,127,data/raw/nsynth/extracted/nsynth-train/audio/bass_synthetic_095-045-127.wav,5305
bass_electronic_026-046-025,train,bass,bass_electronic_026,46,lower,25,data/raw/nsynth/extracted/nsynth-train/audio/bass_electronic_026-046-025.wav,5305
bass_electronic_039-046-025,train,bass,bass_electronic_039,46,lower,25,data/raw/nsynth/extracted/nsynth-train/audio/bass_electronic_039-046-025.wav,5305
bass_synthetic_010-046-025,train,bass,bass_synthetic_010,46,lower,25,data/raw/nsynth/extracted/nsynth-train/audio/bass_synthetic_010-046-025.wav,5305
bass_synthetic_025-046-025,train,bass,bass_synthetic_025,46,lower,25,data/raw/nsynth/extracted/nsynth-train/audio/bass_synthetic_025-046-025.wav,5305
bass_synthetic_027-046-025,train,bass,bass_synthetic_027,46,lower,25,data/raw/nsynth/extracted/nsynth-train/audio/bass_synthetic_027-046-025.wav,5305
bass_synthetic_051-046-025,train,bass,bass_synthetic_051,46,lower,25,data/raw/nsynth/extracted/nsynth-train/audio/bass_synthetic_051-046-025.wav,5305
bass_synthetic_090-046-025,train,bass,bass_synthetic_090,46,lower,25,data/raw/nsynth/extracted/nsynth-train/audio/bass_synthetic_090-046-025.wav,5305
bass_electronic_014-046-050,train,bass,bass_electronic_014,46,lower,50,data/raw/nsynth/extracted/nsynth-train/audio/bass_electronic_014-046-050.wav,5305
bass_electronic_019-046-050,train,bass,bass_electronic_019,46,lower,50,data/raw/nsynth/extracted/nsynth-train/audio/bass_electronic_019-046-050.wav,5305
bass_electronic_023-046-050,train,bass,bass_electronic_023,46,lower,50,data/raw/nsynth/extracted/nsynth-train/audio/bass_electronic_023-046-050.wav,5305
bass_electronic_032-046-050,train,bass,bass_electronic_032,46,lower,50,data/raw/nsynth/extracted/nsynth-train/audio/bass_electronic_032-046-050.wav,5305
bass_synthetic_000-046-050,train,bass,bass_synthetic_000,46,lower,50,data/raw/nsynth/extracted/nsynth-train/audio/bass_synthetic_000-046-050.wav,5305
bass_synthetic_022-046-050,train,bass,bass_synthetic_022,46,lower,50,data/raw/nsynth/extracted/nsynth-train/audio/bass_synthetic_022-046-050.wav,5305
bass_synthetic_032-046-050,train,bass,bass_synthetic_032,46,lower,50,data/raw/nsynth/extracted/nsynth-train/audio/bass_synthetic_032-046-050.wav,5305
bass_synthetic_043-046-050,train,bass,bass_synthetic_043,46,lower,50,data/raw/nsynth/extracted/nsynth-train/audio/bass_synthetic_043-046-050.wav,5305
bass_synthetic_109-046-050,train,bass,bass_synthetic_109,46,lower,50,data/raw/nsynth/extracted/nsynth-train/audio/bass_synthetic_109-046-050.wav,5305
bass_electronic_024-046-075,train,bass,bass_electronic_024,46,lower,75,data/raw/nsynth/extracted/nsynth-train/audio/bass_electronic_024-046-075.wav,5305
bass_electronic_031-046-075,train,bass,bass_electronic_031,46,lower,75,data/raw/nsynth/extracted/nsynth-train/audio/bass_electronic_031-046-075.wav,5305
bass_synthetic_005-046-075,train,bass,bass_synthetic_005,46,lower,75,data/raw/nsynth/extracted/nsynth-train/audio/bass_synthetic_005-046-075.wav,5305
bass_synthetic_012-046-075,train,bass,bass_synthetic_012,46,lower,75,data/raw/nsynth/extracted/nsynth-train/audio/bass_synthetic_012-046-075.wav,5305
bass_synthetic_042-046-075,train,bass,bass_synthetic_042,46,lower,75,data/raw/nsynth/extracted/nsynth-train/audio/bass_synthetic_042-046-075.wav,5305
bass_synthetic_051-046-075,train,bass,bass_synthetic_051,46,lower,75,data/raw/nsynth/extracted/nsynth-train/audio/bass_synthetic_051-046-075.wav,5305
bass_synthetic_145-046-075,train,bass,bass_synthetic_145,46,lower,75,data/raw/nsynth/extracted/nsynth-train/audio/bass_synthetic_145-046-075.wav,5305
bass_electronic_031-046-100,train,bass,bass_electronic_031,46,lower,100,data/raw/nsynth/extracted/nsynth-train/audio/bass_electronic_031-046-100.wav,5305
bass_synthetic_020-046-100,train,bass,bass_synthetic_020,46,lower,100,data/raw/nsynth/extracted/nsynth-train/audio/bass_synthetic_020-046-100.wav,5305
bass_synthetic_082-046-100,train,bass,bass_synthetic_082,46,lower,100,data/raw/nsynth/extracted/nsynth-train/audio/bass_synthetic_082-046-100.wav,5305
bass_synthetic_108-046-100,train,bass,bass_synthetic_108,46,lower,100,data/raw/nsynth/extracted/nsynth-train/audio/bass_synthetic_108-046-100.wav,5305
bass_electronic_033-046-127,train,bass,bass_electronic_033,46,lower,127,data/raw/nsynth/extracted/nsynth-train/audio/bass_electronic_033-046-127.wav,5305
bass_synthetic_087-046-127,train,bass,bass_synthetic_087,46,lower,127,data/raw/nsynth/extracted/nsynth-train/audio/bass_synthetic_087-046-127.wav,5305
bass_synthetic_124-046-127,train,bass,bass_synthetic_124,46,lower,127,data/raw/nsynth/extracted/nsynth-train/audio/bass_synthetic_124-046-127.wav,5305
bass_electronic_013-047-025,train,bass,bass_electronic_013,47,lower,25,data/raw/nsynth/extracted/nsynth-train/audio/bass_electronic_013-047-025.wav,5305
bass_synthetic_021-047-025,train,bass,bass_synthetic_021,47,lower,25,data/raw/nsynth/extracted/nsynth-train/audio/bass_synthetic_021-047-025.wav,5305
bass_synthetic_143-047-025,train,bass,bass_synthetic_143,47,lower,25,data/raw/nsynth/extracted/nsynth-train/audio/bass_synthetic_143-047-025.wav,5305
bass_synthetic_000-047-050,train,bass,bass_synthetic_000,47,lower,50,data/raw/nsynth/extracted/nsynth-train/audio/bass_synthetic_000-047-050.wav,5305
bass_synthetic_004-047-050,train,bass,bass_synthetic_004,47,lower,50,data/raw/nsynth/extracted/nsynth-train/audio/bass_synthetic_004-047-050.wav,5305
bass_synthetic_006-047-050,train,bass,bass_synthetic_006,47,lower,50,data/raw/nsynth/extracted/nsynth-train/audio/bass_synthetic_006-047-050.wav,5305
bass_synthetic_038-047-050,train,bass,bass_synthetic_038,47,lower,50,data/raw/nsynth/extracted/nsynth-train/audio/bass_synthetic_038-047-050.wav,5305
bass_synthetic_060-047-050,train,bass,bass_synthetic_060,47,lower,50,data/raw/nsynth/extracted/nsynth-train/audio/bass_synthetic_060-047-050.wav,5305
bass_synthetic_101-047-050,train,bass,bass_synthetic_101,47,lower,50,data/raw/nsynth/extracted/nsynth-train/audio/bass_synthetic_101-047-050.wav,5305
bass_synthetic_120-047-050,train,bass,bass_synthetic_120,47,lower,50,data/raw/nsynth/extracted/nsynth-train/audio/bass_synthetic_120-047-050.wav,5305
bass_electronic_008-047-075,train,bass,bass_electronic_008,47,lower,75,data/raw/nsynth/extracted/nsynth-train/audio/bass_electronic_008-047-075.wav,5305
bass_synthetic_010-047-075,train,bass,bass_synthetic_010,47,lower,75,data/raw/nsynth/extracted/nsynth-train/audio/bass_synthetic_010-047-075.wav,5305
bass_synthetic_022-047-075,train,bass,bass_synthetic_022,47,lower,75,data/raw/nsynth/extracted/nsynth-train/audio/bass_synthetic_022-047-075.wav,5305
bass_synthetic_105-047-075,train,bass,bass_synthetic_105,47,lower,75,data/raw/nsynth/extracted/nsynth-train/audio/bass_synthetic_105-047-075.wav,5305
bass_electronic_024-047-100,train,bass,bass_electronic_024,47,lower,100,data/raw/nsynth/extracted/nsynth-train/audio/bass_electronic_024-047-100.wav,5305
bass_electronic_037-047-100,train,bass,bass_electronic_037,47,lower,100,data/raw/nsynth/extracted/nsynth-train/audio/bass_electronic_037-047-100.wav,5305
bass_synthetic_003-047-100,train,bass,bass_synthetic_003,47,lower,100,data/raw/nsynth/extracted/nsynth-train/audio/bass_synthetic_003-047-100.wav,5305
bass_synthetic_007-047-100,train,bass,bass_synthetic_007,47,lower,100,data/raw/nsynth/extracted/nsynth-train/audio/bass_synthetic_007-047-100.wav,5305
bass_synthetic_085-047-100,train,bass,bass_synthetic_085,47,lower,100,data/raw/nsynth/extracted/nsynth-train/audio/bass_synthetic_085-047-100.wav,5305
bass_synthetic_024-047-127,train,bass,bass_synthetic_024,47,lower,127,data/raw/nsynth/extracted/nsynth-train/audio/bass_synthetic_024-047-127.wav,5305
bass_synthetic_100-047-127,train,bass,bass_synthetic_100,47,lower,127,data/raw/nsynth/extracted/nsynth-train/audio/bass_synthetic_100-047-127.wav,5305
bass_synthetic_122-047-127,train,bass,bass_synthetic_122,47,lower,127,data/raw/nsynth/extracted/nsynth-train/audio/bass_synthetic_122-047-127.wav,5305
bass_synthetic_129-047-127,train,bass,bass_synthetic_129,47,lower,127,data/raw/nsynth/extracted/nsynth-train/audio/bass_synthetic_129-047-127.wav,5305
bass_electronic_030-048-025,train,bass,bass_electronic_030,48,lower,25,data/raw/nsynth/extracted/nsynth-train/audio/bass_electronic_030-048-025.wav,5305
bass_synthetic_001-048-025,train,bass,bass_synthetic_001,48,lower,25,data/raw/nsynth/extracted/nsynth-train/audio/bass_synthetic_001-048-025.wav,5305
bass_synthetic_035-048-025,train,bass,bass_synthetic_035,48,lower,25,data/raw/nsynth/extracted/nsynth-train/audio/bass_synthetic_035-048-025.wav,5305
bass_synthetic_052-048-025,train,bass,bass_synthetic_052,48,lower,25,data/raw/nsynth/extracted/nsynth-train/audio/bass_synthetic_052-048-025.wav,5305
bass_synthetic_132-048-025,train,bass,bass_synthetic_132,48,lower,25,data/raw/nsynth/extracted/nsynth-train/audio/bass_synthetic_132-048-025.wav,5305
bass_electronic_010-048-050,train,bass,bass_electronic_010,48,lower,50,data/raw/nsynth/extracted/nsynth-train/audio/bass_electronic_010-048-050.wav,5305
bass_synthetic_001-048-050,train,bass,bass_synthetic_001,48,lower,50,data/raw/nsynth/extracted/nsynth-train/audio/bass_synthetic_001-048-050.wav,5305
bass_synthetic_024-048-050,train,bass,bass_synthetic_024,48,lower,50,data/raw/nsynth/extracted/nsynth-train/audio/bass_synthetic_024-048-050.wav,5305
bass_synthetic_137-048-050,train,bass,bass_synthetic_137,48,lower,50,data/raw/nsynth/extracted/nsynth-train/audio/bass_synthetic_137-048-050.wav,5305
bass_electronic_005-048-075,train,bass,bass_electronic_005,48,lower,75,data/raw/nsynth/extracted/nsynth-train/audio/bass_electronic_005-048-075.wav,5305
bass_electronic_006-048-075,train,bass,bass_electronic_006,48,lower,75,data/raw/nsynth/extracted/nsynth-train/audio/bass_electronic_006-048-075.wav,5305
bass_synthetic_103-048-075,train,bass,bass_synthetic_103,48,lower,75,data/raw/nsynth/extracted/nsynth-train/audio/bass_synthetic_103-048-075.wav,5305
bass_synthetic_002-048-100,train,bass,bass_synthetic_002,48,lower,100,data/raw/nsynth/extracted/nsynth-train/audio/bass_synthetic_002-048-100.wav,5305
bass_synthetic_057-048-100,train,bass,bass_synthetic_057,48,lower,100,data/raw/nsynth/extracted/nsynth-train/audio/bass_synthetic_057-048-100.wav,5305
bass_synthetic_085-048-127,train,bass,bass_synthetic_085,48,lower,127,data/raw/nsynth/extracted/nsynth-train/audio/bass_synthetic_085-048-127.wav,5305
bass_synthetic_011-049-025,train,bass,bass_synthetic_011,49,lower,25,data/raw/nsynth/extracted/nsynth-train/audio/bass_synthetic_011-049-025.wav,5305
bass_synthetic_030-049-025,train,bass,bass_synthetic_030,49,lower,25,data/raw/nsynth/extracted/nsynth-train/audio/bass_synthetic_030-049-025.wav,5305
bass_synthetic_065-049-025,train,bass,bass_synthetic_065,49,lower,25,data/raw/nsynth/extracted/nsynth-train/audio/bass_synthetic_065-049-025.wav,5305
bass_synthetic_073-049-025,train,bass,bass_synthetic_073,49,lower,25,data/raw/nsynth/extracted/nsynth-train/audio/bass_synthetic_073-049-025.wav,5305
bass_synthetic_063-049-050,train,bass,bass_synthetic_063,49,lower,50,data/raw/nsynth/extracted/nsynth-train/audio/bass_synthetic_063-049-050.wav,5305
bass_synthetic_086-049-050,train,bass,bass_synthetic_086,49,lower,50,data/raw/nsynth/extracted/nsynth-train/audio/bass_synthetic_086-049-050.wav,5305
bass_synthetic_010-049-075,train,bass,bass_synthetic_010,49,lower,75,data/raw/nsynth/extracted/nsynth-train/audio/bass_synthetic_010-049-075.wav,5305
bass_synthetic_070-049-075,train,bass,bass_synthetic_070,49,lower,75,data/raw/nsynth/extracted/nsynth-train/audio/bass_synthetic_070-049-075.wav,5305
bass_synthetic_099-049-075,train,bass,bass_synthetic_099,49,lower,75,data/raw/nsynth/extracted/nsynth-train/audio/bass_synthetic_099-049-075.wav,5305
bass_synthetic_114-049-075,train,bass,bass_synthetic_114,49,lower,75,data/raw/nsynth/extracted/nsynth-train/audio/bass_synthetic_114-049-075.wav,5305
bass_synthetic_120-049-075,train,bass,bass_synthetic_120,49,lower,75,data/raw/nsynth/extracted/nsynth-train/audio/bass_synthetic_120-049-075.wav,5305
bass_electronic_032-049-100,train,bass,bass_electronic_032,49,lower,100,data/raw/nsynth/extracted/nsynth-train/audio/bass_electronic_032-049-100.wav,5305
bass_electronic_036-049-100,train,bass,bass_electronic_036,49,lower,100,data/raw/nsynth/extracted/nsynth-train/audio/bass_electronic_036-049-100.wav,5305
bass_synthetic_013-049-100,train,bass,bass_synthetic_013,49,lower,100,data/raw/nsynth/extracted/nsynth-train/audio/bass_synthetic_013-049-100.wav,5305
bass_synthetic_035-049-100,train,bass,bass_synthetic_035,49,lower,100,data/raw/nsynth/extracted/nsynth-train/audio/bass_synthetic_035-049-100.wav,5305
bass_synthetic_084-049-100,train,bass,bass_synthetic_084,49,lower,100,data/raw/nsynth/extracted/nsynth-train/audio/bass_synthetic_084-049-100.wav,5305
bass_synthetic_039-049-127,train,bass,bass_synthetic_039,49,lower,127,data/raw/nsynth/extracted/nsynth-train/audio/bass_synthetic_039-049-127.wav,5305
bass_synthetic_070-049-127,train,bass,bass_synthetic_070,49,lower,127,data/raw/nsynth/extracted/nsynth-train/audio/bass_synthetic_070-049-127.wav,5305
bass_synthetic_097-049-127,train,bass,bass_synthetic_097,49,lower,127,data/raw/nsynth/extracted/nsynth-train/audio/bass_synthetic_097-049-127.wav,5305
bass_synthetic_112-049-127,train,bass,bass_synthetic_112,49,lower,127,data/raw/nsynth/extracted/nsynth-train/audio/bass_synthetic_112-049-127.wav,5305
bass_synthetic_128-049-127,train,bass,bass_synthetic_128,49,lower,127,data/raw/nsynth/extracted/nsynth-train/audio/bass_synthetic_128-049-127.wav,5305
bass_synthetic_145-049-127,train,bass,bass_synthetic_145,49,lower,127,data/raw/nsynth/extracted/nsynth-train/audio/bass_synthetic_145-049-127.wav,5305
bass_synthetic_147-049-127,train,bass,bass_synthetic_147,49,lower,127,data/raw/nsynth/extracted/nsynth-train/audio/bass_synthetic_147-049-127.wav,5305
bass_electronic_010-050-025,train,bass,bass_electronic_010,50,lower,25,data/raw/nsynth/extracted/nsynth-train/audio/bass_electronic_010-050-025.wav,5305
bass_synthetic_031-050-025,train,bass,bass_synthetic_031,50,lower,25,data/raw/nsynth/extracted/nsynth-train/audio/bass_synthetic_031-050-025.wav,5305
bass_synthetic_039-050-025,train,bass,bass_synthetic_039,50,lower,25,data/raw/nsynth/extracted/nsynth-train/audio/bass_synthetic_039-050-025.wav,5305
bass_synthetic_040-050-025,train,bass,bass_synthetic_040,50,lower,25,data/raw/nsynth/extracted/nsynth-train/audio/bass_synthetic_040-050-025.wav,5305
bass_synthetic_145-050-025,train,bass,bass_synthetic_145,50,lower,25,data/raw/nsynth/extracted/nsynth-train/audio/bass_synthetic_145-050-025.wav,5305
bass_electronic_015-050-050,train,bass,bass_electronic_015,50,lower,50,data/raw/nsynth/extracted/nsynth-train/audio/bass_electronic_015-050-050.wav,5305
bass_electronic_035-050-050,train,bass,bass_electronic_035,50,lower,50,data/raw/nsynth/extracted/nsynth-train/audio/bass_electronic_035-050-050.wav,5305
bass_synthetic_046-050-050,train,bass,bass_synthetic_046,50,lower,50,data/raw/nsynth/extracted/nsynth-train/audio/bass_synthetic_046-050-050.wav,5305
bass_synthetic_083-050-050,train,bass,bass_synthetic_083,50,lower,50,data/raw/nsynth/extracted/nsynth-train/audio/bass_synthetic_083-050-050.wav,5305
bass_synthetic_131-050-050,train,bass,bass_synthetic_131,50,lower,50,data/raw/nsynth/extracted/nsynth-train/audio/bass_synthetic_131-050-050.wav,5305
bass_electronic_010-050-075,train,bass,bass_electronic_010,50,lower,75,data/raw/nsynth/extracted/nsynth-train/audio/bass_electronic_010-050-075.wav,5305
bass_synthetic_001-050-075,train,bass,bass_synthetic_001,50,lower,75,data/raw/nsynth/extracted/nsynth-train/audio/bass_synthetic_001-050-075.wav,5305
bass_synthetic_080-050-075,train,bass,bass_synthetic_080,50,lower,75,data/raw/nsynth/extracted/nsynth-train/audio/bass_synthetic_080-050-075.wav,5305
bass_synthetic_011-050-100,train,bass,bass_synthetic_011,50,lower,100,data/raw/nsynth/extracted/nsynth-train/audio/bass_synthetic_011-050-100.wav,5305
bass_synthetic_052-050-100,train,bass,bass_synthetic_052,50,lower,100,data/raw/nsynth/extracted/nsynth-train/audio/bass_synthetic_052-050-100.wav,5305
bass_synthetic_143-050-100,train,bass,bass_synthetic_143,50,lower,100,data/raw/nsynth/extracted/nsynth-train/audio/bass_synthetic_143-050-100.wav,5305
bass_electronic_032-050-127,train,bass,bass_electronic_032,50,lower,127,data/raw/nsynth/extracted/nsynth-train/audio/bass_electronic_032-050-127.wav,5305
bass_synthetic_039-050-127,train,bass,bass_synthetic_039,50,lower,127,data/raw/nsynth/extracted/nsynth-train/audio/bass_synthetic_039-050-127.wav,5305
bass_synthetic_140-050-127,train,bass,bass_synthetic_140,50,lower,127,data/raw/nsynth/extracted/nsynth-train/audio/bass_synthetic_140-050-127.wav,5305
bass_synthetic_147-050-127,train,bass,bass_synthetic_147,50,lower,127,data/raw/nsynth/extracted/nsynth-train/audio/bass_synthetic_147-050-127.wav,5305
bass_synthetic_014-051-025,train,bass,bass_synthetic_014,51,lower,25,data/raw/nsynth/extracted/nsynth-train/audio/bass_synthetic_014-051-025.wav,5305
bass_electronic_019-051-050,train,bass,bass_electronic_019,51,lower,50,data/raw/nsynth/extracted/nsynth-train/audio/bass_electronic_019-051-050.wav,5305
bass_electronic_029-051-050,train,bass,bass_electronic_029,51,lower,50,data/raw/nsynth/extracted/nsynth-train/audio/bass_electronic_029-051-050.wav,5305
bass_electronic_030-051-050,train,bass,bass_electronic_030,51,lower,50,data/raw/nsynth/extracted/nsynth-train/audio/bass_electronic_030-051-050.wav,5305
bass_synthetic_011-051-050,train,bass,bass_synthetic_011,51,lower,50,data/raw/nsynth/extracted/nsynth-train/audio/bass_synthetic_011-051-050.wav,5305
bass_synthetic_074-051-050,train,bass,bass_synthetic_074,51,lower,50,data/raw/nsynth/extracted/nsynth-train/audio/bass_synthetic_074-051-050.wav,5305
bass_synthetic_109-051-050,train,bass,bass_synthetic_109,51,lower,50,data/raw/nsynth/extracted/nsynth-train/audio/bass_synthetic_109-051-050.wav,5305
bass_synthetic_141-051-050,train,bass,bass_synthetic_141,51,lower,50,data/raw/nsynth/extracted/nsynth-train/audio/bass_synthetic_141-051-050.wav,5305
bass_synthetic_020-051-075,train,bass,bass_synthetic_020,51,lower,75,data/raw/nsynth/extracted/nsynth-train/audio/bass_synthetic_020-051-075.wav,5305
bass_synthetic_050-051-075,train,bass,bass_synthetic_050,51,lower,75,data/raw/nsynth/extracted/nsynth-train/audio/bass_synthetic_050-051-075.wav,5305
bass_synthetic_054-051-075,train,bass,bass_synthetic_054,51,lower,75,data/raw/nsynth/extracted/nsynth-train/audio/bass_synthetic_054-051-075.wav,5305
bass_synthetic_091-051-075,train,bass,bass_synthetic_091,51,lower,75,data/raw/nsynth/extracted/nsynth-train/audio/bass_synthetic_091-051-075.wav,5305
bass_synthetic_007-051-100,train,bass,bass_synthetic_007,51,lower,100,data/raw/nsynth/extracted/nsynth-train/audio/bass_synthetic_007-051-100.wav,5305
bass_synthetic_044-051-100,train,bass,bass_synthetic_044,51,lower,100,data/raw/nsynth/extracted/nsynth-train/audio/bass_synthetic_044-051-100.wav,5305
bass_synthetic_046-051-100,train,bass,bass_synthetic_046,51,lower,100,data/raw/nsynth/extracted/nsynth-train/audio/bass_synthetic_046-051-100.wav,5305
bass_synthetic_075-051-100,train,bass,bass_synthetic_075,51,lower,100,data/raw/nsynth/extracted/nsynth-train/audio/bass_synthetic_075-051-100.wav,5305
bass_synthetic_106-051-100,train,bass,bass_synthetic_106,51,lower,100,data/raw/nsynth/extracted/nsynth-train/audio/bass_synthetic_106-051-100.wav,5305
bass_synthetic_114-051-100,train,bass,bass_synthetic_114,51,lower,100,data/raw/nsynth/extracted/nsynth-train/audio/bass_synthetic_114-051-100.wav,5305
bass_synthetic_141-051-100,train,bass,bass_synthetic_141,51,lower,100,data/raw/nsynth/extracted/nsynth-train/audio/bass_synthetic_141-051-100.wav,5305
bass_synthetic_035-051-127,train,bass,bass_synthetic_035,51,lower,127,data/raw/nsynth/extracted/nsynth-train/audio/bass_synthetic_035-051-127.wav,5305
bass_synthetic_048-051-127,train,bass,bass_synthetic_048,51,lower,127,data/raw/nsynth/extracted/nsynth-train/audio/bass_synthetic_048-051-127.wav,5305
bass_synthetic_080-051-127,train,bass,bass_synthetic_080,51,lower,127,data/raw/nsynth/extracted/nsynth-train/audio/bass_synthetic_080-051-127.wav,5305
bass_synthetic_141-051-127,train,bass,bass_synthetic_141,51,lower,127,data/raw/nsynth/extracted/nsynth-train/audio/bass_synthetic_141-051-127.wav,5305
bass_electronic_012-052-025,train,bass,bass_electronic_012,52,middle,25,data/raw/nsynth/extracted/nsynth-train/audio/bass_electronic_012-052-025.wav,5305
bass_electronic_037-052-025,train,bass,bass_electronic_037,52,middle,25,data/raw/nsynth/extracted/nsynth-train/audio/bass_electronic_037-052-025.wav,5305
bass_synthetic_022-052-025,train,bass,bass_synthetic_022,52,middle,25,data/raw/nsynth/extracted/nsynth-train/audio/bass_synthetic_022-052-025.wav,5305
bass_synthetic_043-052-025,train,bass,bass_synthetic_043,52,middle,25,data/raw/nsynth/extracted/nsynth-train/audio/bass_synthetic_043-052-025.wav,5305
bass_synthetic_055-052-025,train,bass,bass_synthetic_055,52,middle,25,data/raw/nsynth/extracted/nsynth-train/audio/bass_synthetic_055-052-025.wav,5305
bass_synthetic_094-052-025,train,bass,bass_synthetic_094,52,middle,25,data/raw/nsynth/extracted/nsynth-train/audio/bass_synthetic_094-052-025.wav,5305
bass_synthetic_102-052-025,train,bass,bass_synthetic_102,52,middle,25,data/raw/nsynth/extracted/nsynth-train/audio/bass_synthetic_102-052-025.wav,5305
bass_synthetic_112-052-025,train,bass,bass_synthetic_112,52,middle,25,data/raw/nsynth/extracted/nsynth-train/audio/bass_synthetic_112-052-025.wav,5305
bass_acoustic_000-052-050,train,bass,bass_acoustic_000,52,middle,50,data/raw/nsynth/extracted/nsynth-train/audio/bass_acoustic_000-052-050.wav,5305
bass_electronic_001-052-050,train,bass,bass_electronic_001,52,middle,50,data/raw/nsynth/extracted/nsynth-train/audio/bass_electronic_001-052-050.wav,5305
bass_electronic_003-052-050,train,bass,bass_electronic_003,52,middle,50,data/raw/nsynth/extracted/nsynth-train/audio/bass_electronic_003-052-050.wav,5305
bass_electronic_029-052-050,train,bass,bass_electronic_029,52,middle,50,data/raw/nsynth/extracted/nsynth-train/audio/bass_electronic_029-052-050.wav,5305
bass_electronic_015-052-075,train,bass,bass_electronic_015,52,middle,75,data/raw/nsynth/extracted/nsynth-train/audio/bass_electronic_015-052-075.wav,5305
bass_synthetic_039-052-075,train,bass,bass_synthetic_039,52,middle,75,data/raw/nsynth/extracted/nsynth-train/audio/bass_synthetic_039-052-075.wav,5305
bass_synthetic_054-052-075,train,bass,bass_synthetic_054,52,middle,75,data/raw/nsynth/extracted/nsynth-train/audio/bass_synthetic_054-052-075.wav,5305
bass_synthetic_141-052-075,train,bass,bass_synthetic_141,52,middle,75,data/raw/nsynth/extracted/nsynth-train/audio/bass_synthetic_141-052-075.wav,5305
bass_synthetic_066-052-100,train,bass,bass_synthetic_066,52,middle,100,data/raw/nsynth/extracted/nsynth-train/audio/bass_synthetic_066-052-100.wav,5305
bass_synthetic_117-052-100,train,bass,bass_synthetic_117,52,middle,100,data/raw/nsynth/extracted/nsynth-train/audio/bass_synthetic_117-052-100.wav,5305
bass_electronic_013-052-127,train,bass,bass_electronic_013,52,middle,127,data/raw/nsynth/extracted/nsynth-train/audio/bass_electronic_013-052-127.wav,5305
bass_synthetic_020-052-127,train,bass,bass_synthetic_020,52,middle,127,data/raw/nsynth/extracted/nsynth-train/audio/bass_synthetic_020-052-127.wav,5305
bass_synthetic_140-052-127,train,bass,bass_synthetic_140,52,middle,127,data/raw/nsynth/extracted/nsynth-train/audio/bass_synthetic_140-052-127.wav,5305
bass_electronic_006-053-025,train,bass,bass_electronic_006,53,middle,25,data/raw/nsynth/extracted/nsynth-train/audio/bass_electronic_006-053-025.wav,5305
bass_electronic_023-053-025,train,bass,bass_electronic_023,53,middle,25,data/raw/nsynth/extracted/nsynth-train/audio/bass_electronic_023-053-025.wav,5305
bass_synthetic_026-053-025,train,bass,bass_synthetic_026,53,middle,25,data/raw/nsynth/extracted/nsynth-train/audio/bass_synthetic_026-053-025.wav,5305
bass_synthetic_039-053-025,train,bass,bass_synthetic_039,53,middle,25,data/raw/nsynth/extracted/nsynth-train/audio/bass_synthetic_039-053-025.wav,5305
bass_synthetic_066-053-025,train,bass,bass_synthetic_066,53,middle,25,data/raw/nsynth/extracted/nsynth-train/audio/bass_synthetic_066-053-025.wav,5305
bass_electronic_004-053-050,train,bass,bass_electronic_004,53,middle,50,data/raw/nsynth/extracted/nsynth-train/audio/bass_electronic_004-053-050.wav,5305
bass_electronic_007-053-050,train,bass,bass_electronic_007,53,middle,50,data/raw/nsynth/extracted/nsynth-train/audio/bass_electronic_007-053-050.wav,5305
bass_synthetic_020-053-050,train,bass,bass_synthetic_020,53,middle,50,data/raw/nsynth/extracted/nsynth-train/audio/bass_synthetic_020-053-050.wav,5305
bass_synthetic_109-053-050,train,bass,bass_synthetic_109,53,middle,50,data/raw/nsynth/extracted/nsynth-train/audio/bass_synthetic_109-053-050.wav,5305
bass_synthetic_145-053-050,train,bass,bass_synthetic_145,53,middle,50,data/raw/nsynth/extracted/nsynth-train/audio/bass_synthetic_145-053-050.wav,5305
bass_electronic_002-053-075,train,bass,bass_electronic_002,53,middle,75,data/raw/nsynth/extracted/nsynth-train/audio/bass_electronic_002-053-075.wav,5305
bass_synthetic_066-053-075,train,bass,bass_synthetic_066,53,middle,75,data/raw/nsynth/extracted/nsynth-train/audio/bass_synthetic_066-053-075.wav,5305
bass_synthetic_082-053-075,train,bass,bass_synthetic_082,53,middle,75,data/raw/nsynth/extracted/nsynth-train/audio/bass_synthetic_082-053-075.wav,5305
bass_synthetic_117-053-075,train,bass,bass_synthetic_117,53,middle,75,data/raw/nsynth/extracted/nsynth-train/audio/bass_synthetic_117-053-075.wav,5305
bass_synthetic_136-053-075,train,bass,bass_synthetic_136,53,middle,75,data/raw/nsynth/extracted/nsynth-train/audio/bass_synthetic_136-053-075.wav,5305
bass_electronic_037-053-100,train,bass,bass_electronic_037,53,middle,100,data/raw/nsynth/extracted/nsynth-train/audio/bass_electronic_037-053-100.wav,5305
bass_synthetic_023-053-100,train,bass,bass_synthetic_023,53,middle,100,data/raw/nsynth/extracted/nsynth-train/audio/bass_synthetic_023-053-100.wav,5305
bass_synthetic_101-053-100,train,bass,bass_synthetic_101,53,middle,100,data/raw/nsynth/extracted/nsynth-train/audio/bass_synthetic_101-053-100.wav,5305
bass_synthetic_140-053-100,train,bass,bass_synthetic_140,53,middle,100,data/raw/nsynth/extracted/nsynth-train/audio/bass_synthetic_140-053-100.wav,5305
bass_synthetic_143-053-100,train,bass,bass_synthetic_143,53,middle,100,data/raw/nsynth/extracted/nsynth-train/audio/bass_synthetic_143-053-100.wav,5305
bass_electronic_034-053-127,train,bass,bass_electronic_034,53,middle,127,data/raw/nsynth/extracted/nsynth-train/audio/bass_electronic_034-053-127.wav,5305
bass_electronic_035-053-127,train,bass,bass_electronic_035,53,middle,127,data/raw/nsynth/extracted/nsynth-train/audio/bass_electronic_035-053-127.wav,5305
bass_synthetic_015-053-127,train,bass,bass_synthetic_015,53,middle,127,data/raw/nsynth/extracted/nsynth-train/audio/bass_synthetic_015-053-127.wav,5305
bass_synthetic_116-053-127,train,bass,bass_synthetic_116,53,middle,127,data/raw/nsynth/extracted/nsynth-train/audio/bass_synthetic_116-053-127.wav,5305
bass_synthetic_144-053-127,train,bass,bass_synthetic_144,53,middle,127,data/raw/nsynth/extracted/nsynth-train/audio/bass_synthetic_144-053-127.wav,5305
bass_synthetic_015-054-025,train,bass,bass_synthetic_015,54,middle,25,data/raw/nsynth/extracted/nsynth-train/audio/bass_synthetic_015-054-025.wav,5305
bass_synthetic_078-054-025,train,bass,bass_synthetic_078,54,middle,25,data/raw/nsynth/extracted/nsynth-train/audio/bass_synthetic_078-054-025.wav,5305
bass_synthetic_094-054-025,train,bass,bass_synthetic_094,54,middle,25,data/raw/nsynth/extracted/nsynth-train/audio/bass_synthetic_094-054-025.wav,5305
bass_synthetic_032-054-050,train,bass,bass_synthetic_032,54,middle,50,data/raw/nsynth/extracted/nsynth-train/audio/bass_synthetic_032-054-050.wav,5305
bass_synthetic_057-054-050,train,bass,bass_synthetic_057,54,middle,50,data/raw/nsynth/extracted/nsynth-train/audio/bass_synthetic_057-054-050.wav,5305
bass_synthetic_066-054-050,train,bass,bass_synthetic_066,54,middle,50,data/raw/nsynth/extracted/nsynth-train/audio/bass_synthetic_066-054-050.wav,5305
bass_synthetic_090-054-050,train,bass,bass_synthetic_090,54,middle,50,data/raw/nsynth/extracted/nsynth-train/audio/bass_synthetic_090-054-050.wav,5305
bass_synthetic_106-054-050,train,bass,bass_synthetic_106,54,middle,50,data/raw/nsynth/extracted/nsynth-train/audio/bass_synthetic_106-054-050.wav,5305
bass_electronic_032-054-075,train,bass,bass_electronic_032,54,middle,75,data/raw/nsynth/extracted/nsynth-train/audio/bass_electronic_032-054-075.wav,5305
bass_synthetic_056-054-075,train,bass,bass_synthetic_056,54,middle,75,data/raw/nsynth/extracted/nsynth-train/audio/bass_synthetic_056-054-075.wav,5305
bass_synthetic_061-054-075,train,bass,bass_synthetic_061,54,middle,75,data/raw/nsynth/extracted/nsynth-train/audio/bass_synthetic_061-054-075.wav,5305
bass_synthetic_063-054-075,train,bass,bass_synthetic_063,54,middle,75,data/raw/nsynth/extracted/nsynth-train/audio/bass_synthetic_063-054-075.wav,5305
bass_synthetic_076-054-075,train,bass,bass_synthetic_076,54,middle,75,data/raw/nsynth/extracted/nsynth-train/audio/bass_synthetic_076-054-075.wav,5305
bass_electronic_031-054-100,train,bass,bass_electronic_031,54,middle,100,data/raw/nsynth/extracted/nsynth-train/audio/bass_electronic_031-054-100.wav,5305
bass_synthetic_026-054-100,train,bass,bass_synthetic_026,54,middle,100,data/raw/nsynth/extracted/nsynth-train/audio/bass_synthetic_026-054-100.wav,5305
bass_synthetic_042-054-100,train,bass,bass_synthetic_042,54,middle,100,data/raw/nsynth/extracted/nsynth-train/audio/bass_synthetic_042-054-100.wav,5305
bass_synthetic_128-054-100,train,bass,bass_synthetic_128,54,middle,100,data/raw/nsynth/extracted/nsynth-train/audio/bass_synthetic_128-054-100.wav,5305
bass_synthetic_141-054-100,train,bass,bass_synthetic_141,54,middle,100,data/raw/nsynth/extracted/nsynth-train/audio/bass_synthetic_141-054-100.wav,5305
bass_synthetic_008-054-127,train,bass,bass_synthetic_008,54,middle,127,data/raw/nsynth/extracted/nsynth-train/audio/bass_synthetic_008-054-127.wav,5305
bass_synthetic_021-054-127,train,bass,bass_synthetic_021,54,middle,127,data/raw/nsynth/extracted/nsynth-train/audio/bass_synthetic_021-054-127.wav,5305
bass_synthetic_023-054-127,train,bass,bass_synthetic_023,54,middle,127,data/raw/nsynth/extracted/nsynth-train/audio/bass_synthetic_023-054-127.wav,5305
bass_synthetic_044-054-127,train,bass,bass_synthetic_044,54,middle,127,data/raw/nsynth/extracted/nsynth-train/audio/bass_synthetic_044-054-127.wav,5305
bass_synthetic_049-054-127,train,bass,bass_synthetic_049,54,middle,127,data/raw/nsynth/extracted/nsynth-train/audio/bass_synthetic_049-054-127.wav,5305
bass_synthetic_080-054-127,train,bass,bass_synthetic_080,54,middle,127,data/raw/nsynth/extracted/nsynth-train/audio/bass_synthetic_080-054-127.wav,5305
bass_synthetic_085-054-127,train,bass,bass_synthetic_085,54,middle,127,data/raw/nsynth/extracted/nsynth-train/audio/bass_synthetic_085-054-127.wav,5305
bass_electronic_011-055-050,train,bass,bass_electronic_011,55,middle,50,data/raw/nsynth/extracted/nsynth-train/audio/bass_electronic_011-055-050.wav,5305
bass_synthetic_000-055-050,train,bass,bass_synthetic_000,55,middle,50,data/raw/nsynth/extracted/nsynth-train/audio/bass_synthetic_000-055-050.wav,5305
bass_synthetic_112-055-050,train,bass,bass_synthetic_112,55,middle,50,data/raw/nsynth/extracted/nsynth-train/audio/bass_synthetic_112-055-050.wav,5305
bass_synthetic_116-055-050,train,bass,bass_synthetic_116,55,middle,50,data/raw/nsynth/extracted/nsynth-train/audio/bass_synthetic_116-055-050.wav,5305
bass_synthetic_127-055-050,train,bass,bass_synthetic_127,55,middle,50,data/raw/nsynth/extracted/nsynth-train/audio/bass_synthetic_127-055-050.wav,5305
bass_electronic_023-055-075,train,bass,bass_electronic_023,55,middle,75,data/raw/nsynth/extracted/nsynth-train/audio/bass_electronic_023-055-075.wav,5305
bass_electronic_035-055-075,train,bass,bass_electronic_035,55,middle,75,data/raw/nsynth/extracted/nsynth-train/audio/bass_electronic_035-055-075.wav,5305
bass_electronic_037-055-075,train,bass,bass_electronic_037,55,middle,75,data/raw/nsynth/extracted/nsynth-train/audio/bass_electronic_037-055-075.wav,5305
bass_synthetic_063-055-075,train,bass,bass_synthetic_063,55,middle,75,data/raw/nsynth/extracted/nsynth-train/audio/bass_synthetic_063-055-075.wav,5305
bass_synthetic_099-055-075,train,bass,bass_synthetic_099,55,middle,75,data/raw/nsynth/extracted/nsynth-train/audio/bass_synthetic_099-055-075.wav,5305
bass_synthetic_117-055-075,train,bass,bass_synthetic_117,55,middle,75,data/raw/nsynth/extracted/nsynth-train/audio/bass_synthetic_117-055-075.wav,5305
bass_synthetic_131-055-075,train,bass,bass_synthetic_131,55,middle,75,data/raw/nsynth/extracted/nsynth-train/audio/bass_synthetic_131-055-075.wav,5305
bass_electronic_004-055-100,train,bass,bass_electronic_004,55,middle,100,data/raw/nsynth/extracted/nsynth-train/audio/bass_electronic_004-055-100.wav,5305
bass_electronic_026-055-100,train,bass,bass_electronic_026,55,middle,100,data/raw/nsynth/extracted/nsynth-train/audio/bass_electronic_026-055-100.wav,5305
bass_synthetic_112-055-100,train,bass,bass_synthetic_112,55,middle,100,data/raw/nsynth/extracted/nsynth-train/audio/bass_synthetic_112-055-100.wav,5305
bass_synthetic_131-055-100,train,bass,bass_synthetic_131,55,middle,100,data/raw/nsynth/extracted/nsynth-train/audio/bass_synthetic_131-055-100.wav,5305
bass_electronic_031-055-127,train,bass,bass_electronic_031,55,middle,127,data/raw/nsynth/extracted/nsynth-train/audio/bass_electronic_031-055-127.wav,5305
bass_synthetic_006-055-127,train,bass,bass_synthetic_006,55,middle,127,data/raw/nsynth/extracted/nsynth-train/audio/bass_synthetic_006-055-127.wav,5305
bass_synthetic_016-055-127,train,bass,bass_synthetic_016,55,middle,127,data/raw/nsynth/extracted/nsynth-train/audio/bass_synthetic_016-055-127.wav,5305
bass_synthetic_040-055-127,train,bass,bass_synthetic_040,55,middle,127,data/raw/nsynth/extracted/nsynth-train/audio/bass_synthetic_040-055-127.wav,5305
bass_synthetic_015-056-025,train,bass,bass_synthetic_015,56,middle,25,data/raw/nsynth/extracted/nsynth-train/audio/bass_synthetic_015-056-025.wav,5305
bass_synthetic_041-056-025,train,bass,bass_synthetic_041,56,middle,25,data/raw/nsynth/extracted/nsynth-train/audio/bass_synthetic_041-056-025.wav,5305
bass_synthetic_072-056-025,train,bass,bass_synthetic_072,56,middle,25,data/raw/nsynth/extracted/nsynth-train/audio/bass_synthetic_072-056-025.wav,5305
bass_synthetic_117-056-025,train,bass,bass_synthetic_117,56,middle,25,data/raw/nsynth/extracted/nsynth-train/audio/bass_synthetic_117-056-025.wav,5305
bass_synthetic_048-056-050,train,bass,bass_synthetic_048,56,middle,50,data/raw/nsynth/extracted/nsynth-train/audio/bass_synthetic_048-056-050.wav,5305
bass_synthetic_065-056-050,train,bass,bass_synthetic_065,56,middle,50,data/raw/nsynth/extracted/nsynth-train/audio/bass_synthetic_065-056-050.wav,5305
bass_synthetic_027-056-075,train,bass,bass_synthetic_027,56,middle,75,data/raw/nsynth/extracted/nsynth-train/audio/bass_synthetic_027-056-075.wav,5305
bass_synthetic_099-056-075,train,bass,bass_synthetic_099,56,middle,75,data/raw/nsynth/extracted/nsynth-train/audio/bass_synthetic_099-056-075.wav,5305
bass_synthetic_104-056-075,train,bass,bass_synthetic_104,56,middle,75,data/raw/nsynth/extracted/nsynth-train/audio/bass_synthetic_104-056-075.wav,5305
bass_synthetic_105-056-075,train,bass,bass_synthetic_105,56,middle,75,data/raw/nsynth/extracted/nsynth-train/audio/bass_synthetic_105-056-075.wav,5305
bass_synthetic_115-056-075,train,bass,bass_synthetic_115,56,middle,75,data/raw/nsynth/extracted/nsynth-train/audio/bass_synthetic_115-056-075.wav,5305
bass_synthetic_131-056-075,train,bass,bass_synthetic_131,56,middle,75,data/raw/nsynth/extracted/nsynth-train/audio/bass_synthetic_131-056-075.wav,5305
bass_electronic_019-056-100,train,bass,bass_electronic_019,56,middle,100,data/raw/nsynth/extracted/nsynth-train/audio/bass_electronic_019-056-100.wav,5305
bass_synthetic_041-056-100,train,bass,bass_synthetic_041,56,middle,100,data/raw/nsynth/extracted/nsynth-train/audio/bass_synthetic_041-056-100.wav,5305
bass_synthetic_086-056-100,train,bass,bass_synthetic_086,56,middle,100,data/raw/nsynth/extracted/nsynth-train/audio/bass_synthetic_086-056-100.wav,5305
bass_synthetic_100-056-100,train,bass,bass_synthetic_100,56,middle,100,data/raw/nsynth/extracted/nsynth-train/audio/bass_synthetic_100-056-100.wav,5305
bass_synthetic_137-056-100,train,bass,bass_synthetic_137,56,middle,100,data/raw/nsynth/extracted/nsynth-train/audio/bass_synthetic_137-056-100.wav,5305
bass_synthetic_004-056-127,train,bass,bass_synthetic_004,56,middle,127,data/raw/nsynth/extracted/nsynth-train/audio/bass_synthetic_004-056-127.wav,5305
bass_synthetic_015-056-127,train,bass,bass_synthetic_015,56,middle,127,data/raw/nsynth/extracted/nsynth-train/audio/bass_synthetic_015-056-127.wav,5305
bass_synthetic_085-056-127,train,bass,bass_synthetic_085,56,middle,127,data/raw/nsynth/extracted/nsynth-train/audio/bass_synthetic_085-056-127.wav,5305
bass_electronic_001-057-025,train,bass,bass_electronic_001,57,middle,25,data/raw/nsynth/extracted/nsynth-train/audio/bass_electronic_001-057-025.wav,5305
bass_electronic_004-057-025,train,bass,bass_electronic_004,57,middle,25,data/raw/nsynth/extracted/nsynth-train/audio/bass_electronic_004-057-025.wav,5305
bass_synthetic_004-057-025,train,bass,bass_synthetic_004,57,middle,25,data/raw/nsynth/extracted/nsynth-train/audio/bass_synthetic_004-057-025.wav,5305
bass_synthetic_074-057-025,train,bass,bass_synthetic_074,57,middle,25,data/raw/nsynth/extracted/nsynth-train/audio/bass_synthetic_074-057-025.wav,5305
bass_synthetic_115-057-025,train,bass,bass_synthetic_115,57,middle,25,data/raw/nsynth/extracted/nsynth-train/audio/bass_synthetic_115-057-025.wav,5305
bass_synthetic_007-057-050,train,bass,bass_synthetic_007,57,middle,50,data/raw/nsynth/extracted/nsynth-train/audio/bass_synthetic_007-057-050.wav,5305
bass_synthetic_080-057-050,train,bass,bass_synthetic_080,57,middle,50,data/raw/nsynth/extracted/nsynth-train/audio/bass_synthetic_080-057-050.wav,5305
bass_synthetic_127-057-050,train,bass,bass_synthetic_127,57,middle,50,data/raw/nsynth/extracted/nsynth-train/audio/bass_synthetic_127-057-050.wav,5305
bass_electronic_001-057-075,train,bass,bass_electronic_001,57,middle,75,data/raw/nsynth/extracted/nsynth-train/audio/bass_electronic_001-057-075.wav,5305
bass_synthetic_038-057-075,train,bass,bass_synthetic_038,57,middle,75,data/raw/nsynth/extracted/nsynth-train/audio/bass_synthetic_038-057-075.wav,5305
bass_synthetic_094-057-100,train,bass,bass_synthetic_094,57,middle,100,data/raw/nsynth/extracted/nsynth-train/audio/bass_synthetic_094-057-100.wav,5305
bass_synthetic_144-057-100,train,bass,bass_synthetic_144,57,middle,100,data/raw/nsynth/extracted/nsynth-train/audio/bass_synthetic_144-057-100.wav,5305
bass_synthetic_020-057-127,train,bass,bass_synthetic_020,57,middle,127,data/raw/nsynth/extracted/nsynth-train/audio/bass_synthetic_020-057-127.wav,5305
bass_synthetic_050-057-127,train,bass,bass_synthetic_050,57,middle,127,data/raw/nsynth/extracted/nsynth-train/audio/bass_synthetic_050-057-127.wav,5305
bass_synthetic_115-057-127,train,bass,bass_synthetic_115,57,middle,127,data/raw/nsynth/extracted/nsynth-train/audio/bass_synthetic_115-057-127.wav,5305
bass_electronic_016-058-025,train,bass,bass_electronic_016,58,middle,25,data/raw/nsynth/extracted/nsynth-train/audio/bass_electronic_016-058-025.wav,5305
bass_synthetic_032-058-025,train,bass,bass_synthetic_032,58,middle,25,data/raw/nsynth/extracted/nsynth-train/audio/bass_synthetic_032-058-025.wav,5305
bass_synthetic_116-058-025,train,bass,bass_synthetic_116,58,middle,25,data/raw/nsynth/extracted/nsynth-train/audio/bass_synthetic_116-058-025.wav,5305
bass_synthetic_121-058-025,train,bass,bass_synthetic_121,58,middle,25,data/raw/nsynth/extracted/nsynth-train/audio/bass_synthetic_121-058-025.wav,5305
bass_synthetic_132-058-025,train,bass,bass_synthetic_132,58,middle,25,data/raw/nsynth/extracted/nsynth-train/audio/bass_synthetic_132-058-025.wav,5305
bass_electronic_029-058-050,train,bass,bass_electronic_029,58,middle,50,data/raw/nsynth/extracted/nsynth-train/audio/bass_electronic_029-058-050.wav,5305
bass_electronic_030-058-050,train,bass,bass_electronic_030,58,middle,50,data/raw/nsynth/extracted/nsynth-train/audio/bass_electronic_030-058-050.wav,5305
bass_synthetic_003-058-050,train,bass,bass_synthetic_003,58,middle,50,data/raw/nsynth/extracted/nsynth-train/audio/bass_synthetic_003-058-050.wav,5305
bass_synthetic_035-058-050,train,bass,bass_synthetic_035,58,middle,50,data/raw/nsynth/extracted/nsynth-train/audio/bass_synthetic_035-058-050.wav,5305
bass_synthetic_124-058-050,train,bass,bass_synthetic_124,58,middle,50,data/raw/nsynth/extracted/nsynth-train/audio/bass_synthetic_124-058-050.wav,5305
bass_electronic_019-058-075,train,bass,bass_electronic_019,58,middle,75,data/raw/nsynth/extracted/nsynth-train/audio/bass_electronic_019-058-075.wav,5305
bass_synthetic_064-058-075,train,bass,bass_synthetic_064,58,middle,75,data/raw/nsynth/extracted/nsynth-train/audio/bass_synthetic_064-058-075.wav,5305
bass_synthetic_137-058-075,train,bass,bass_synthetic_137,58,middle,75,data/raw/nsynth/extracted/nsynth-train/audio/bass_synthetic_137-058-075.wav,5305
bass_electronic_023-058-100,train,bass,bass_electronic_023,58,middle,100,data/raw/nsynth/extracted/nsynth-train/audio/bass_electronic_023-058-100.wav,5305
bass_electronic_038-058-100,train,bass,bass_electronic_038,58,middle,100,data/raw/nsynth/extracted/nsynth-train/audio/bass_electronic_038-058-100.wav,5305
bass_synthetic_111-058-100,train,bass,bass_synthetic_111,58,middle,100,data/raw/nsynth/extracted/nsynth-train/audio/bass_synthetic_111-058-100.wav,5305
bass_synthetic_119-058-100,train,bass,bass_synthetic_119,58,middle,100,data/raw/nsynth/extracted/nsynth-train/audio/bass_synthetic_119-058-100.wav,5305
bass_synthetic_128-058-100,train,bass,bass_synthetic_128,58,middle,100,data/raw/nsynth/extracted/nsynth-train/audio/bass_synthetic_128-058-100.wav,5305
bass_synthetic_043-058-127,train,bass,bass_synthetic_043,58,middle,127,data/raw/nsynth/extracted/nsynth-train/audio/bass_synthetic_043-058-127.wav,5305
bass_synthetic_046-058-127,train,bass,bass_synthetic_046,58,middle,127,data/raw/nsynth/extracted/nsynth-train/audio/bass_synthetic_046-058-127.wav,5305
bass_synthetic_057-058-127,train,bass,bass_synthetic_057,58,middle,127,data/raw/nsynth/extracted/nsynth-train/audio/bass_synthetic_057-058-127.wav,5305
bass_synthetic_077-058-127,train,bass,bass_synthetic_077,58,middle,127,data/raw/nsynth/extracted/nsynth-train/audio/bass_synthetic_077-058-127.wav,5305
bass_synthetic_146-058-127,train,bass,bass_synthetic_146,58,middle,127,data/raw/nsynth/extracted/nsynth-train/audio/bass_synthetic_146-058-127.wav,5305
bass_electronic_026-059-025,train,bass,bass_electronic_026,59,middle,25,data/raw/nsynth/extracted/nsynth-train/audio/bass_electronic_026-059-025.wav,5305
bass_synthetic_028-059-025,train,bass,bass_synthetic_028,59,middle,25,data/raw/nsynth/extracted/nsynth-train/audio/bass_synthetic_028-059-025.wav,5305
bass_synthetic_052-059-025,train,bass,bass_synthetic_052,59,middle,25,data/raw/nsynth/extracted/nsynth-train/audio/bass_synthetic_052-059-025.wav,5305
bass_synthetic_074-059-025,train,bass,bass_synthetic_074,59,middle,25,data/raw/nsynth/extracted/nsynth-train/audio/bass_synthetic_074-059-025.wav,5305
bass_electronic_024-059-050,train,bass,bass_electronic_024,59,middle,50,data/raw/nsynth/extracted/nsynth-train/audio/bass_electronic_024-059-050.wav,5305
bass_synthetic_080-059-050,train,bass,bass_synthetic_080,59,middle,50,data/raw/nsynth/extracted/nsynth-train/audio/bass_synthetic_080-059-050.wav,5305
bass_synthetic_113-059-050,train,bass,bass_synthetic_113,59,middle,50,data/raw/nsynth/extracted/nsynth-train/audio/bass_synthetic_113-059-050.wav,5305
bass_synthetic_031-059-075,train,bass,bass_synthetic_031,59,middle,75,data/raw/nsynth/extracted/nsynth-train/audio/bass_synthetic_031-059-075.wav,5305
bass_synthetic_039-059-075,train,bass,bass_synthetic_039,59,middle,75,data/raw/nsynth/extracted/nsynth-train/audio/bass_synthetic_039-059-075.wav,5305
bass_synthetic_080-059-075,train,bass,bass_synthetic_080,59,middle,75,data/raw/nsynth/extracted/nsynth-train/audio/bass_synthetic_080-059-075.wav,5305
bass_synthetic_084-059-075,train,bass,bass_synthetic_084,59,middle,75,data/raw/nsynth/extracted/nsynth-train/audio/bass_synthetic_084-059-075.wav,5305
bass_synthetic_100-059-075,train,bass,bass_synthetic_100,59,middle,75,data/raw/nsynth/extracted/nsynth-train/audio/bass_synthetic_100-059-075.wav,5305
bass_electronic_003-059-100,train,bass,bass_electronic_003,59,middle,100,data/raw/nsynth/extracted/nsynth-train/audio/bass_electronic_003-059-100.wav,5305
bass_synthetic_007-059-100,train,bass,bass_synthetic_007,59,middle,100,data/raw/nsynth/extracted/nsynth-train/audio/bass_synthetic_007-059-100.wav,5305
bass_synthetic_112-059-100,train,bass,bass_synthetic_112,59,middle,100,data/raw/nsynth/extracted/nsynth-train/audio/bass_synthetic_112-059-100.wav,5305
bass_synthetic_008-059-127,train,bass,bass_synthetic_008,59,middle,127,data/raw/nsynth/extracted/nsynth-train/audio/bass_synthetic_008-059-127.wav,5305
bass_synthetic_021-059-127,train,bass,bass_synthetic_021,59,middle,127,data/raw/nsynth/extracted/nsynth-train/audio/bass_synthetic_021-059-127.wav,5305
bass_synthetic_054-059-127,train,bass,bass_synthetic_054,59,middle,127,data/raw/nsynth/extracted/nsynth-train/audio/bass_synthetic_054-059-127.wav,5305
bass_synthetic_100-059-127,train,bass,bass_synthetic_100,59,middle,127,data/raw/nsynth/extracted/nsynth-train/audio/bass_synthetic_100-059-127.wav,5305
bass_synthetic_116-059-127,train,bass,bass_synthetic_116,59,middle,127,data/raw/nsynth/extracted/nsynth-train/audio/bass_synthetic_116-059-127.wav,5305
bass_synthetic_146-059-127,train,bass,bass_synthetic_146,59,middle,127,data/raw/nsynth/extracted/nsynth-train/audio/bass_synthetic_146-059-127.wav,5305
bass_synthetic_149-059-127,train,bass,bass_synthetic_149,59,middle,127,data/raw/nsynth/extracted/nsynth-train/audio/bass_synthetic_149-059-127.wav,5305
bass_electronic_019-060-025,train,bass,bass_electronic_019,60,middle,25,data/raw/nsynth/extracted/nsynth-train/audio/bass_electronic_019-060-025.wav,5305
bass_electronic_022-060-025,train,bass,bass_electronic_022,60,middle,25,data/raw/nsynth/extracted/nsynth-train/audio/bass_electronic_022-060-025.wav,5305
bass_synthetic_037-060-025,train,bass,bass_synthetic_037,60,middle,25,data/raw/nsynth/extracted/nsynth-train/audio/bass_synthetic_037-060-025.wav,5305
bass_synthetic_044-060-025,train,bass,bass_synthetic_044,60,middle,25,data/raw/nsynth/extracted/nsynth-train/audio/bass_synthetic_044-060-025.wav,5305
bass_synthetic_117-060-025,train,bass,bass_synthetic_117,60,middle,25,data/raw/nsynth/extracted/nsynth-train/audio/bass_synthetic_117-060-025.wav,5305
bass_synthetic_145-060-025,train,bass,bass_synthetic_145,60,middle,25,data/raw/nsynth/extracted/nsynth-train/audio/bass_synthetic_145-060-025.wav,5305
bass_electronic_001-060-050,train,bass,bass_electronic_001,60,middle,50,data/raw/nsynth/extracted/nsynth-train/audio/bass_electronic_001-060-050.wav,5305
bass_electronic_015-060-050,train,bass,bass_electronic_015,60,middle,50,data/raw/nsynth/extracted/nsynth-train/audio/bass_electronic_015-060-050.wav,5305
bass_electronic_033-060-050,train,bass,bass_electronic_033,60,middle,50,data/raw/nsynth/extracted/nsynth-train/audio/bass_electronic_033-060-050.wav,5305
bass_synthetic_037-060-050,train,bass,bass_synthetic_037,60,middle,50,data/raw/nsynth/extracted/nsynth-train/audio/bass_synthetic_037-060-050.wav,5305
bass_synthetic_048-060-050,train,bass,bass_synthetic_048,60,middle,50,data/raw/nsynth/extracted/nsynth-train/audio/bass_synthetic_048-060-050.wav,5305
bass_synthetic_107-060-050,train,bass,bass_synthetic_107,60,middle,50,data/raw/nsynth/extracted/nsynth-train/audio/bass_synthetic_107-060-050.wav,5305
bass_synthetic_137-060-050,train,bass,bass_synthetic_137,60,middle,50,data/raw/nsynth/extracted/nsynth-train/audio/bass_synthetic_137-060-050.wav,5305
bass_synthetic_139-060-050,train,bass,bass_synthetic_139,60,middle,50,data/raw/nsynth/extracted/nsynth-train/audio/bass_synthetic_139-060-050.wav,5305
bass_electronic_012-060-075,train,bass,bass_electronic_012,60,middle,75,data/raw/nsynth/extracted/nsynth-train/audio/bass_electronic_012-060-075.wav,5305
bass_synthetic_057-060-075,train,bass,bass_synthetic_057,60,middle,75,data/raw/nsynth/extracted/nsynth-train/audio/bass_synthetic_057-060-075.wav,5305
bass_synthetic_131-060-075,train,bass,bass_synthetic_131,60,middle,75,data/raw/nsynth/extracted/nsynth-train/audio/bass_synthetic_131-060-075.wav,5305
bass_electronic_000-060-100,train,bass,bass_electronic_000,60,middle,100,data/raw/nsynth/extracted/nsynth-train/audio/bass_electronic_000-060-100.wav,5305
bass_electronic_002-060-100,train,bass,bass_electronic_002,60,middle,100,data/raw/nsynth/extracted/nsynth-train/audio/bass_electronic_002-060-100.wav,5305
bass_electronic_015-060-100,train,bass,bass_electronic_015,60,middle,100,data/raw/nsynth/extracted/nsynth-train/audio/bass_electronic_015-060-100.wav,5305
bass_synthetic_004-060-100,train,bass,bass_synthetic_004,60,middle,100,data/raw/nsynth/extracted/nsynth-train/audio/bass_synthetic_004-060-100.wav,5305
bass_synthetic_035-060-100,train,bass,bass_synthetic_035,60,middle,100,data/raw/nsynth/extracted/nsynth-train/audio/bass_synthetic_035-060-100.wav,5305
bass_synthetic_084-060-100,train,bass,bass_synthetic_084,60,middle,100,data/raw/nsynth/extracted/nsynth-train/audio/bass_synthetic_084-060-100.wav,5305
bass_synthetic_114-060-100,train,bass,bass_synthetic_114,60,middle,100,data/raw/nsynth/extracted/nsynth-train/audio/bass_synthetic_114-060-100.wav,5305
bass_synthetic_130-060-100,train,bass,bass_synthetic_130,60,middle,100,data/raw/nsynth/extracted/nsynth-train/audio/bass_synthetic_130-060-100.wav,5305
bass_synthetic_131-060-100,train,bass,bass_synthetic_131,60,middle,100,data/raw/nsynth/extracted/nsynth-train/audio/bass_synthetic_131-060-100.wav,5305
bass_synthetic_064-060-127,train,bass,bass_synthetic_064,60,middle,127,data/raw/nsynth/extracted/nsynth-train/audio/bass_synthetic_064-060-127.wav,5305
bass_synthetic_074-060-127,train,bass,bass_synthetic_074,60,middle,127,data/raw/nsynth/extracted/nsynth-train/audio/bass_synthetic_074-060-127.wav,5305
bass_synthetic_140-060-127,train,bass,bass_synthetic_140,60,middle,127,data/raw/nsynth/extracted/nsynth-train/audio/bass_synthetic_140-060-127.wav,5305
bass_synthetic_002-061-025,train,bass,bass_synthetic_002,61,upper,25,data/raw/nsynth/extracted/nsynth-train/audio/bass_synthetic_002-061-025.wav,5305
bass_synthetic_025-061-025,train,bass,bass_synthetic_025,61,upper,25,data/raw/nsynth/extracted/nsynth-train/audio/bass_synthetic_025-061-025.wav,5305
bass_synthetic_072-061-025,train,bass,bass_synthetic_072,61,upper,25,data/raw/nsynth/extracted/nsynth-train/audio/bass_synthetic_072-061-025.wav,5305
bass_synthetic_073-061-025,train,bass,bass_synthetic_073,61,upper,25,data/raw/nsynth/extracted/nsynth-train/audio/bass_synthetic_073-061-025.wav,5305
bass_synthetic_091-061-025,train,bass,bass_synthetic_091,61,upper,25,data/raw/nsynth/extracted/nsynth-train/audio/bass_synthetic_091-061-025.wav,5305
bass_electronic_038-061-050,train,bass,bass_electronic_038,61,upper,50,data/raw/nsynth/extracted/nsynth-train/audio/bass_electronic_038-061-050.wav,5305
bass_synthetic_007-061-050,train,bass,bass_synthetic_007,61,upper,50,data/raw/nsynth/extracted/nsynth-train/audio/bass_synthetic_007-061-050.wav,5305
bass_synthetic_061-061-050,train,bass,bass_synthetic_061,61,upper,50,data/raw/nsynth/extracted/nsynth-train/audio/bass_synthetic_061-061-050.wav,5305
bass_synthetic_086-061-050,train,bass,bass_synthetic_086,61,upper,50,data/raw/nsynth/extracted/nsynth-train/audio/bass_synthetic_086-061-050.wav,5305
bass_synthetic_099-061-050,train,bass,bass_synthetic_099,61,upper,50,data/raw/nsynth/extracted/nsynth-train/audio/bass_synthetic_099-061-050.wav,5305
bass_electronic_010-061-075,train,bass,bass_electronic_010,61,upper,75,data/raw/nsynth/extracted/nsynth-train/audio/bass_electronic_010-061-075.wav,5305
bass_electronic_022-061-075,train,bass,bass_electronic_022,61,upper,75,data/raw/nsynth/extracted/nsynth-train/audio/bass_electronic_022-061-075.wav,5305
bass_electronic_031-061-075,train,bass,bass_electronic_031,61,upper,75,data/raw/nsynth/extracted/nsynth-train/audio/bass_electronic_031-061-075.wav,5305
bass_synthetic_045-061-075,train,bass,bass_synthetic_045,61,upper,75,data/raw/nsynth/extracted/nsynth-train/audio/bass_synthetic_045-061-075.wav,5305
bass_synthetic_058-061-075,train,bass,bass_synthetic_058,61,upper,75,data/raw/nsynth/extracted/nsynth-train/audio/bass_synthetic_058-061-075.wav,5305
bass_synthetic_090-061-075,train,bass,bass_synthetic_090,61,upper,75,data/raw/nsynth/extracted/nsynth-train/audio/bass_synthetic_090-061-075.wav,5305
bass_electronic_032-061-100,train,bass,bass_electronic_032,61,upper,100,data/raw/nsynth/extracted/nsynth-train/audio/bass_electronic_032-061-100.wav,5305
bass_synthetic_008-061-100,train,bass,bass_synthetic_008,61,upper,100,data/raw/nsynth/extracted/nsynth-train/audio/bass_synthetic_008-061-100.wav,5305
bass_synthetic_025-061-100,train,bass,bass_synthetic_025,61,upper,100,data/raw/nsynth/extracted/nsynth-train/audio/bass_synthetic_025-061-100.wav,5305
bass_synthetic_080-061-100,train,bass,bass_synthetic_080,61,upper,100,data/raw/nsynth/extracted/nsynth-train/audio/bass_synthetic_080-061-100.wav,5305
bass_synthetic_112-061-100,train,bass,bass_synthetic_112,61,upper,100,data/raw/nsynth/extracted/nsynth-train/audio/bass_synthetic_112-061-100.wav,5305
bass_synthetic_144-061-100,train,bass,bass_synthetic_144,61,upper,100,data/raw/nsynth/extracted/nsynth-train/audio/bass_synthetic_144-061-100.wav,5305
bass_acoustic_000-061-127,train,bass,bass_acoustic_000,61,upper,127,data/raw/nsynth/extracted/nsynth-train/audio/bass_acoustic_000-061-127.wav,5305
bass_electronic_010-061-127,train,bass,bass_electronic_010,61,upper,127,data/raw/nsynth/extracted/nsynth-train/audio/bass_electronic_010-061-127.wav,5305
bass_electronic_020-061-127,train,bass,bass_electronic_020,61,upper,127,data/raw/nsynth/extracted/nsynth-train/audio/bass_electronic_020-061-127.wav,5305
bass_electronic_035-061-127,train,bass,bass_electronic_035,61,upper,127,data/raw/nsynth/extracted/nsynth-train/audio/bass_electronic_035-061-127.wav,5305
bass_electronic_036-061-127,train,bass,bass_electronic_036,61,upper,127,data/raw/nsynth/extracted/nsynth-train/audio/bass_electronic_036-061-127.wav,5305
bass_synthetic_067-061-127,train,bass,bass_synthetic_067,61,upper,127,data/raw/nsynth/extracted/nsynth-train/audio/bass_synthetic_067-061-127.wav,5305
bass_electronic_008-062-025,train,bass,bass_electronic_008,62,upper,25,data/raw/nsynth/extracted/nsynth-train/audio/bass_electronic_008-062-025.wav,5305
bass_electronic_028-062-025,train,bass,bass_electronic_028,62,upper,25,data/raw/nsynth/extracted/nsynth-train/audio/bass_electronic_028-062-025.wav,5305
bass_synthetic_021-062-025,train,bass,bass_synthetic_021,62,upper,25,data/raw/nsynth/extracted/nsynth-train/audio/bass_synthetic_021-062-025.wav,5305
bass_electronic_016-062-050,train,bass,bass_electronic_016,62,upper,50,data/raw/nsynth/extracted/nsynth-train/audio/bass_electronic_016-062-050.wav,5305
bass_synthetic_117-062-050,train,bass,bass_synthetic_117,62,upper,50,data/raw/nsynth/extracted/nsynth-train/audio/bass_synthetic_117-062-050.wav,5305
bass_synthetic_121-062-050,train,bass,bass_synthetic_121,62,upper,50,data/raw/nsynth/extracted/nsynth-train/audio/bass_synthetic_121-062-050.wav,5305
bass_synthetic_085-062-075,train,bass,bass_synthetic_085,62,upper,75,data/raw/nsynth/extracted/nsynth-train/audio/bass_synthetic_085-062-075.wav,5305
bass_synthetic_139-062-075,train,bass,bass_synthetic_139,62,upper,75,data/raw/nsynth/extracted/nsynth-train/audio/bass_synthetic_139-062-075.wav,5305
bass_synthetic_020-062-100,train,bass,bass_synthetic_020,62,upper,100,data/raw/nsynth/extracted/nsynth-train/audio/bass_synthetic_020-062-100.wav,5305
bass_synthetic_035-062-100,train,bass,bass_synthetic_035,62,upper,100,data/raw/nsynth/extracted/nsynth-train/audio/bass_synthetic_035-062-100.wav,5305
bass_synthetic_054-062-100,train,bass,bass_synthetic_054,62,upper,100,data/raw/nsynth/extracted/nsynth-train/audio/bass_synthetic_054-062-100.wav,5305
bass_synthetic_074-062-100,train,bass,bass_synthetic_074,62,upper,100,data/raw/nsynth/extracted/nsynth-train/audio/bass_synthetic_074-062-100.wav,5305
bass_synthetic_084-062-100,train,bass,bass_synthetic_084,62,upper,100,data/raw/nsynth/extracted/nsynth-train/audio/bass_synthetic_084-062-100.wav,5305
bass_synthetic_120-062-100,train,bass,bass_synthetic_120,62,upper,100,data/raw/nsynth/extracted/nsynth-train/audio/bass_synthetic_120-062-100.wav,5305
bass_synthetic_143-062-100,train,bass,bass_synthetic_143,62,upper,100,data/raw/nsynth/extracted/nsynth-train/audio/bass_synthetic_143-062-100.wav,5305
bass_electronic_015-062-127,train,bass,bass_electronic_015,62,upper,127,data/raw/nsynth/extracted/nsynth-train/audio/bass_electronic_015-062-127.wav,5305
bass_synthetic_050-062-127,train,bass,bass_synthetic_050,62,upper,127,data/raw/nsynth/extracted/nsynth-train/audio/bass_synthetic_050-062-127.wav,5305
bass_synthetic_091-062-127,train,bass,bass_synthetic_091,62,upper,127,data/raw/nsynth/extracted/nsynth-train/audio/bass_synthetic_091-062-127.wav,5305
bass_electronic_005-063-025,train,bass,bass_electronic_005,63,upper,25,data/raw/nsynth/extracted/nsynth-train/audio/bass_electronic_005-063-025.wav,5305
bass_synthetic_018-063-025,train,bass,bass_synthetic_018,63,upper,25,data/raw/nsynth/extracted/nsynth-train/audio/bass_synthetic_018-063-025.wav,5305
bass_synthetic_029-063-025,train,bass,bass_synthetic_029,63,upper,25,data/raw/nsynth/extracted/nsynth-train/audio/bass_synthetic_029-063-025.wav,5305
bass_synthetic_059-063-025,train,bass,bass_synthetic_059,63,upper,25,data/raw/nsynth/extracted/nsynth-train/audio/bass_synthetic_059-063-025.wav,5305
bass_synthetic_080-063-025,train,bass,bass_synthetic_080,63,upper,25,data/raw/nsynth/extracted/nsynth-train/audio/bass_synthetic_080-063-025.wav,5305
bass_synthetic_092-063-025,train,bass,bass_synthetic_092,63,upper,25,data/raw/nsynth/extracted/nsynth-train/audio/bass_synthetic_092-063-025.wav,5305
bass_synthetic_094-063-025,train,bass,bass_synthetic_094,63,upper,25,data/raw/nsynth/extracted/nsynth-train/audio/bass_synthetic_094-063-025.wav,5305
bass_electronic_032-063-050,train,bass,bass_electronic_032,63,upper,50,data/raw/nsynth/extracted/nsynth-train/audio/bass_electronic_032-063-050.wav,5305
bass_synthetic_056-063-050,train,bass,bass_synthetic_056,63,upper,50,data/raw/nsynth/extracted/nsynth-train/audio/bass_synthetic_056-063-050.wav,5305
bass_synthetic_094-063-050,train,bass,bass_synthetic_094,63,upper,50,data/raw/nsynth/extracted/nsynth-train/audio/bass_synthetic_094-063-050.wav,5305
bass_synthetic_130-063-050,train,bass,bass_synthetic_130,63,upper,50,data/raw/nsynth/extracted/nsynth-train/audio/bass_synthetic_130-063-050.wav,5305
bass_electronic_014-063-075,train,bass,bass_electronic_014,63,upper,75,data/raw/nsynth/extracted/nsynth-train/audio/bass_electronic_014-063-075.wav,5305
bass_synthetic_017-063-075,train,bass,bass_synthetic_017,63,upper,75,data/raw/nsynth/extracted/nsynth-train/audio/bass_synthetic_017-063-075.wav,5305
bass_synthetic_054-063-075,train,bass,bass_synthetic_054,63,upper,75,data/raw/nsynth/extracted/nsynth-train/audio/bass_synthetic_054-063-075.wav,5305
bass_synthetic_101-063-075,train,bass,bass_synthetic_101,63,upper,75,data/raw/nsynth/extracted/nsynth-train/audio/bass_synthetic_101-063-075.wav,5305
bass_synthetic_116-063-075,train,bass,bass_synthetic_116,63,upper,75,data/raw/nsynth/extracted/nsynth-train/audio/bass_synthetic_116-063-075.wav,5305
bass_synthetic_050-063-100,train,bass,bass_synthetic_050,63,upper,100,data/raw/nsynth/extracted/nsynth-train/audio/bass_synthetic_050-063-100.wav,5305
bass_synthetic_072-063-100,train,bass,bass_synthetic_072,63,upper,100,data/raw/nsynth/extracted/nsynth-train/audio/bass_synthetic_072-063-100.wav,5305
bass_synthetic_091-063-100,train,bass,bass_synthetic_091,63,upper,100,data/raw/nsynth/extracted/nsynth-train/audio/bass_synthetic_091-063-100.wav,5305
bass_electronic_012-063-127,train,bass,bass_electronic_012,63,upper,127,data/raw/nsynth/extracted/nsynth-train/audio/bass_electronic_012-063-127.wav,5305
bass_electronic_033-063-127,train,bass,bass_electronic_033,63,upper,127,data/raw/nsynth/extracted/nsynth-train/audio/bass_electronic_033-063-127.wav,5305
bass_synthetic_072-063-127,train,bass,bass_synthetic_072,63,upper,127,data/raw/nsynth/extracted/nsynth-train/audio/bass_synthetic_072-063-127.wav,5305
bass_synthetic_080-063-127,train,bass,bass_synthetic_080,63,upper,127,data/raw/nsynth/extracted/nsynth-train/audio/bass_synthetic_080-063-127.wav,5305
bass_synthetic_070-064-025,train,bass,bass_synthetic_070,64,upper,25,data/raw/nsynth/extracted/nsynth-train/audio/bass_synthetic_070-064-025.wav,5305
bass_synthetic_089-064-025,train,bass,bass_synthetic_089,64,upper,25,data/raw/nsynth/extracted/nsynth-train/audio/bass_synthetic_089-064-025.wav,5305
bass_synthetic_091-064-025,train,bass,bass_synthetic_091,64,upper,25,data/raw/nsynth/extracted/nsynth-train/audio/bass_synthetic_091-064-025.wav,5305
bass_electronic_030-064-050,train,bass,bass_electronic_030,64,upper,50,data/raw/nsynth/extracted/nsynth-train/audio/bass_electronic_030-064-050.wav,5305
bass_synthetic_079-064-050,train,bass,bass_synthetic_079,64,upper,50,data/raw/nsynth/extracted/nsynth-train/audio/bass_synthetic_079-064-050.wav,5305
bass_synthetic_095-064-050,train,bass,bass_synthetic_095,64,upper,50,data/raw/nsynth/extracted/nsynth-train/audio/bass_synthetic_095-064-050.wav,5305
bass_synthetic_102-064-050,train,bass,bass_synthetic_102,64,upper,50,data/raw/nsynth/extracted/nsynth-train/audio/bass_synthetic_102-064-050.wav,5305
bass_synthetic_107-064-050,train,bass,bass_synthetic_107,64,upper,50,data/raw/nsynth/extracted/nsynth-train/audio/bass_synthetic_107-064-050.wav,5305
bass_synthetic_120-064-050,train,bass,bass_synthetic_120,64,upper,50,data/raw/nsynth/extracted/nsynth-train/audio/bass_synthetic_120-064-050.wav,5305
bass_synthetic_139-064-050,train,bass,bass_synthetic_139,64,upper,50,data/raw/nsynth/extracted/nsynth-train/audio/bass_synthetic_139-064-050.wav,5305
bass_electronic_030-064-075,train,bass,bass_electronic_030,64,upper,75,data/raw/nsynth/extracted/nsynth-train/audio/bass_electronic_030-064-075.wav,5305
bass_synthetic_062-064-075,train,bass,bass_synthetic_062,64,upper,75,data/raw/nsynth/extracted/nsynth-train/audio/bass_synthetic_062-064-075.wav,5305
bass_synthetic_136-064-075,train,bass,bass_synthetic_136,64,upper,75,data/raw/nsynth/extracted/nsynth-train/audio/bass_synthetic_136-064-075.wav,5305
bass_electronic_031-064-100,train,bass,bass_electronic_031,64,upper,100,data/raw/nsynth/extracted/nsynth-train/audio/bass_electronic_031-064-100.wav,5305
bass_synthetic_029-064-100,train,bass,bass_synthetic_029,64,upper,100,data/raw/nsynth/extracted/nsynth-train/audio/bass_synthetic_029-064-100.wav,5305
bass_synthetic_051-064-100,train,bass,bass_synthetic_051,64,upper,100,data/raw/nsynth/extracted/nsynth-train/audio/bass_synthetic_051-064-100.wav,5305
bass_synthetic_057-064-100,train,bass,bass_synthetic_057,64,upper,100,data/raw/nsynth/extracted/nsynth-train/audio/bass_synthetic_057-064-100.wav,5305
bass_synthetic_116-064-100,train,bass,bass_synthetic_116,64,upper,100,data/raw/nsynth/extracted/nsynth-train/audio/bass_synthetic_116-064-100.wav,5305
bass_synthetic_120-064-100,train,bass,bass_synthetic_120,64,upper,100,data/raw/nsynth/extracted/nsynth-train/audio/bass_synthetic_120-064-100.wav,5305
bass_synthetic_128-064-100,train,bass,bass_synthetic_128,64,upper,100,data/raw/nsynth/extracted/nsynth-train/audio/bass_synthetic_128-064-100.wav,5305
bass_synthetic_012-064-127,train,bass,bass_synthetic_012,64,upper,127,data/raw/nsynth/extracted/nsynth-train/audio/bass_synthetic_012-064-127.wav,5305
bass_synthetic_019-064-127,train,bass,bass_synthetic_019,64,upper,127,data/raw/nsynth/extracted/nsynth-train/audio/bass_synthetic_019-064-127.wav,5305
bass_synthetic_067-064-127,train,bass,bass_synthetic_067,64,upper,127,data/raw/nsynth/extracted/nsynth-train/audio/bass_synthetic_067-064-127.wav,5305
bass_synthetic_095-064-127,train,bass,bass_synthetic_095,64,upper,127,data/raw/nsynth/extracted/nsynth-train/audio/bass_synthetic_095-064-127.wav,5305
bass_synthetic_138-064-127,train,bass,bass_synthetic_138,64,upper,127,data/raw/nsynth/extracted/nsynth-train/audio/bass_synthetic_138-064-127.wav,5305
bass_synthetic_143-064-127,train,bass,bass_synthetic_143,64,upper,127,data/raw/nsynth/extracted/nsynth-train/audio/bass_synthetic_143-064-127.wav,5305
bass_synthetic_075-065-025,train,bass,bass_synthetic_075,65,upper,25,data/raw/nsynth/extracted/nsynth-train/audio/bass_synthetic_075-065-025.wav,5305
bass_synthetic_091-065-025,train,bass,bass_synthetic_091,65,upper,25,data/raw/nsynth/extracted/nsynth-train/audio/bass_synthetic_091-065-025.wav,5305
bass_synthetic_056-065-050,train,bass,bass_synthetic_056,65,upper,50,data/raw/nsynth/extracted/nsynth-train/audio/bass_synthetic_056-065-050.wav,5305
bass_synthetic_093-065-050,train,bass,bass_synthetic_093,65,upper,50,data/raw/nsynth/extracted/nsynth-train/audio/bass_synthetic_093-065-050.wav,5305
bass_synthetic_095-065-050,train,bass,bass_synthetic_095,65,upper,50,data/raw/nsynth/extracted/nsynth-train/audio/bass_synthetic_095-065-050.wav,5305
bass_synthetic_100-065-050,train,bass,bass_synthetic_100,65,upper,50,data/raw/nsynth/extracted/nsynth-train/audio/bass_synthetic_100-065-050.wav,5305
bass_synthetic_021-065-075,train,bass,bass_synthetic_021,65,upper,75,data/raw/nsynth/extracted/nsynth-train/audio/bass_synthetic_021-065-075.wav,5305
bass_synthetic_026-065-075,train,bass,bass_synthetic_026,65,upper,75,data/raw/nsynth/extracted/nsynth-train/audio/bass_synthetic_026-065-075.wav,5305
bass_synthetic_044-065-075,train,bass,bass_synthetic_044,65,upper,75,data/raw/nsynth/extracted/nsynth-train/audio/bass_synthetic_044-065-075.wav,5305
bass_synthetic_055-065-075,train,bass,bass_synthetic_055,65,upper,75,data/raw/nsynth/extracted/nsynth-train/audio/bass_synthetic_055-065-075.wav,5305
bass_synthetic_067-065-075,train,bass,bass_synthetic_067,65,upper,75,data/raw/nsynth/extracted/nsynth-train/audio/bass_synthetic_067-065-075.wav,5305
bass_synthetic_079-065-075,train,bass,bass_synthetic_079,65,upper,75,data/raw/nsynth/extracted/nsynth-train/audio/bass_synthetic_079-065-075.wav,5305
bass_synthetic_091-065-075,train,bass,bass_synthetic_091,65,upper,75,data/raw/nsynth/extracted/nsynth-train/audio/bass_synthetic_091-065-075.wav,5305
bass_synthetic_099-065-075,train,bass,bass_synthetic_099,65,upper,75,data/raw/nsynth/extracted/nsynth-train/audio/bass_synthetic_099-065-075.wav,5305
bass_electronic_013-065-100,train,bass,bass_electronic_013,65,upper,100,data/raw/nsynth/extracted/nsynth-train/audio/bass_electronic_013-065-100.wav,5305
bass_synthetic_027-065-100,train,bass,bass_synthetic_027,65,upper,100,data/raw/nsynth/extracted/nsynth-train/audio/bass_synthetic_027-065-100.wav,5305
bass_synthetic_037-065-100,train,bass,bass_synthetic_037,65,upper,100,data/raw/nsynth/extracted/nsynth-train/audio/bass_synthetic_037-065-100.wav,5305
bass_synthetic_126-065-100,train,bass,bass_synthetic_126,65,upper,100,data/raw/nsynth/extracted/nsynth-train/audio/bass_synthetic_126-065-100.wav,5305
bass_synthetic_021-065-127,train,bass,bass_synthetic_021,65,upper,127,data/raw/nsynth/extracted/nsynth-train/audio/bass_synthetic_021-065-127.wav,5305
bass_synthetic_051-065-127,train,bass,bass_synthetic_051,65,upper,127,data/raw/nsynth/extracted/nsynth-train/audio/bass_synthetic_051-065-127.wav,5305
bass_synthetic_101-065-127,train,bass,bass_synthetic_101,65,upper,127,data/raw/nsynth/extracted/nsynth-train/audio/bass_synthetic_101-065-127.wav,5305
bass_synthetic_039-066-025,train,bass,bass_synthetic_039,66,upper,25,data/raw/nsynth/extracted/nsynth-train/audio/bass_synthetic_039-066-025.wav,5305
bass_synthetic_053-066-025,train,bass,bass_synthetic_053,66,upper,25,data/raw/nsynth/extracted/nsynth-train/audio/bass_synthetic_053-066-025.wav,5305
bass_synthetic_060-066-025,train,bass,bass_synthetic_060,66,upper,25,data/raw/nsynth/extracted/nsynth-train/audio/bass_synthetic_060-066-025.wav,5305
bass_synthetic_069-066-050,train,bass,bass_synthetic_069,66,upper,50,data/raw/nsynth/extracted/nsynth-train/audio/bass_synthetic_069-066-050.wav,5305
bass_synthetic_080-066-050,train,bass,bass_synthetic_080,66,upper,50,data/raw/nsynth/extracted/nsynth-train/audio/bass_synthetic_080-066-050.wav,5305
bass_synthetic_115-066-050,train,bass,bass_synthetic_115,66,upper,50,data/raw/nsynth/extracted/nsynth-train/audio/bass_synthetic_115-066-050.wav,5305
bass_synthetic_138-066-050,train,bass,bass_synthetic_138,66,upper,50,data/raw/nsynth/extracted/nsynth-train/audio/bass_synthetic_138-066-050.wav,5305
bass_electronic_030-066-075,train,bass,bass_electronic_030,66,upper,75,data/raw/nsynth/extracted/nsynth-train/audio/bass_electronic_030-066-075.wav,5305
bass_synthetic_039-066-075,train,bass,bass_synthetic_039,66,upper,75,data/raw/nsynth/extracted/nsynth-train/audio/bass_synthetic_039-066-075.wav,5305
bass_synthetic_055-066-075,train,bass,bass_synthetic_055,66,upper,75,data/raw/nsynth/extracted/nsynth-train/audio/bass_synthetic_055-066-075.wav,5305
bass_synthetic_085-066-075,train,bass,bass_synthetic_085,66,upper,75,data/raw/nsynth/extracted/nsynth-train/audio/bass_synthetic_085-066-075.wav,5305
bass_synthetic_087-066-075,train,bass,bass_synthetic_087,66,upper,75,data/raw/nsynth/extracted/nsynth-train/audio/bass_synthetic_087-066-075.wav,5305
bass_synthetic_045-066-100,train,bass,bass_synthetic_045,66,upper,100,data/raw/nsynth/extracted/nsynth-train/audio/bass_synthetic_045-066-100.wav,5305
bass_synthetic_080-066-100,train,bass,bass_synthetic_080,66,upper,100,data/raw/nsynth/extracted/nsynth-train/audio/bass_synthetic_080-066-100.wav,5305
bass_synthetic_087-066-100,train,bass,bass_synthetic_087,66,upper,100,data/raw/nsynth/extracted/nsynth-train/audio/bass_synthetic_087-066-100.wav,5305
bass_synthetic_089-066-100,train,bass,bass_synthetic_089,66,upper,100,data/raw/nsynth/extracted/nsynth-train/audio/bass_synthetic_089-066-100.wav,5305
bass_synthetic_044-066-127,train,bass,bass_synthetic_044,66,upper,127,data/raw/nsynth/extracted/nsynth-train/audio/bass_synthetic_044-066-127.wav,5305
bass_synthetic_110-066-127,train,bass,bass_synthetic_110,66,upper,127,data/raw/nsynth/extracted/nsynth-train/audio/bass_synthetic_110-066-127.wav,5305
bass_synthetic_113-066-127,train,bass,bass_synthetic_113,66,upper,127,data/raw/nsynth/extracted/nsynth-train/audio/bass_synthetic_113-066-127.wav,5305
bass_synthetic_148-066-127,train,bass,bass_synthetic_148,66,upper,127,data/raw/nsynth/extracted/nsynth-train/audio/bass_synthetic_148-066-127.wav,5305
bass_synthetic_022-067-025,train,bass,bass_synthetic_022,67,upper,25,data/raw/nsynth/extracted/nsynth-train/audio/bass_synthetic_022-067-025.wav,5305
bass_synthetic_026-067-025,train,bass,bass_synthetic_026,67,upper,25,data/raw/nsynth/extracted/nsynth-train/audio/bass_synthetic_026-067-025.wav,5305
bass_synthetic_055-067-025,train,bass,bass_synthetic_055,67,upper,25,data/raw/nsynth/extracted/nsynth-train/audio/bass_synthetic_055-067-025.wav,5305
bass_synthetic_080-067-025,train,bass,bass_synthetic_080,67,upper,25,data/raw/nsynth/extracted/nsynth-train/audio/bass_synthetic_080-067-025.wav,5305
bass_synthetic_110-067-025,train,bass,bass_synthetic_110,67,upper,25,data/raw/nsynth/extracted/nsynth-train/audio/bass_synthetic_110-067-025.wav,5305
bass_synthetic_128-067-025,train,bass,bass_synthetic_128,67,upper,25,data/raw/nsynth/extracted/nsynth-train/audio/bass_synthetic_128-067-025.wav,5305
bass_synthetic_132-067-025,train,bass,bass_synthetic_132,67,upper,25,data/raw/nsynth/extracted/nsynth-train/audio/bass_synthetic_132-067-025.wav,5305
bass_synthetic_145-067-025,train,bass,bass_synthetic_145,67,upper,25,data/raw/nsynth/extracted/nsynth-train/audio/bass_synthetic_145-067-025.wav,5305
bass_synthetic_026-067-050,train,bass,bass_synthetic_026,67,upper,50,data/raw/nsynth/extracted/nsynth-train/audio/bass_synthetic_026-067-050.wav,5305
bass_synthetic_084-067-050,train,bass,bass_synthetic_084,67,upper,50,data/raw/nsynth/extracted/nsynth-train/audio/bass_synthetic_084-067-050.wav,5305
bass_synthetic_095-067-050,train,bass,bass_synthetic_095,67,upper,50,data/raw/nsynth/extracted/nsynth-train/audio/bass_synthetic_095-067-050.wav,5305
bass_synthetic_099-067-050,train,bass,bass_synthetic_099,67,upper,50,data/raw/nsynth/extracted/nsynth-train/audio/bass_synthetic_099-067-050.wav,5305
bass_synthetic_051-067-075,train,bass,bass_synthetic_051,67,upper,75,data/raw/nsynth/extracted/nsynth-train/audio/bass_synthetic_051-067-075.wav,5305
bass_synthetic_083-067-075,train,bass,bass_synthetic_083,67,upper,75,data/raw/nsynth/extracted/nsynth-train/audio/bass_synthetic_083-067-075.wav,5305
bass_synthetic_092-067-075,train,bass,bass_synthetic_092,67,upper,75,data/raw/nsynth/extracted/nsynth-train/audio/bass_synthetic_092-067-075.wav,5305
bass_synthetic_043-067-100,train,bass,bass_synthetic_043,67,upper,100,data/raw/nsynth/extracted/nsynth-train/audio/bass_synthetic_043-067-100.wav,5305
bass_synthetic_085-067-100,train,bass,bass_synthetic_085,67,upper,100,data/raw/nsynth/extracted/nsynth-train/audio/bass_synthetic_085-067-100.wav,5305
bass_synthetic_102-067-100,train,bass,bass_synthetic_102,67,upper,100,data/raw/nsynth/extracted/nsynth-train/audio/bass_synthetic_102-067-100.wav,5305
bass_synthetic_106-067-100,train,bass,bass_synthetic_106,67,upper,100,data/raw/nsynth/extracted/nsynth-train/audio/bass_synthetic_106-067-100.wav,5305
bass_synthetic_010-067-127,train,bass,bass_synthetic_010,67,upper,127,data/raw/nsynth/extracted/nsynth-train/audio/bass_synthetic_010-067-127.wav,5305
bass_synthetic_035-067-127,train,bass,bass_synthetic_035,67,upper,127,data/raw/nsynth/extracted/nsynth-train/audio/bass_synthetic_035-067-127.wav,5305
bass_synthetic_052-067-127,train,bass,bass_synthetic_052,67,upper,127,data/raw/nsynth/extracted/nsynth-train/audio/bass_synthetic_052-067-127.wav,5305
bass_synthetic_062-067-127,train,bass,bass_synthetic_062,67,upper,127,data/raw/nsynth/extracted/nsynth-train/audio/bass_synthetic_062-067-127.wav,5305
bass_synthetic_074-067-127,train,bass,bass_synthetic_074,67,upper,127,data/raw/nsynth/extracted/nsynth-train/audio/bass_synthetic_074-067-127.wav,5305
bass_synthetic_090-067-127,train,bass,bass_synthetic_090,67,upper,127,data/raw/nsynth/extracted/nsynth-train/audio/bass_synthetic_090-067-127.wav,5305
bass_synthetic_003-068-025,train,bass,bass_synthetic_003,68,upper,25,data/raw/nsynth/extracted/nsynth-train/audio/bass_synthetic_003-068-025.wav,5305
bass_synthetic_019-068-025,train,bass,bass_synthetic_019,68,upper,25,data/raw/nsynth/extracted/nsynth-train/audio/bass_synthetic_019-068-025.wav,5305
bass_synthetic_026-068-050,train,bass,bass_synthetic_026,68,upper,50,data/raw/nsynth/extracted/nsynth-train/audio/bass_synthetic_026-068-050.wav,5305
bass_synthetic_070-068-050,train,bass,bass_synthetic_070,68,upper,50,data/raw/nsynth/extracted/nsynth-train/audio/bass_synthetic_070-068-050.wav,5305
bass_synthetic_071-068-050,train,bass,bass_synthetic_071,68,upper,50,data/raw/nsynth/extracted/nsynth-train/audio/bass_synthetic_071-068-050.wav,5305
bass_synthetic_136-068-050,train,bass,bass_synthetic_136,68,upper,50,data/raw/nsynth/extracted/nsynth-train/audio/bass_synthetic_136-068-050.wav,5305
bass_synthetic_044-068-075,train,bass,bass_synthetic_044,68,upper,75,data/raw/nsynth/extracted/nsynth-train/audio/bass_synthetic_044-068-075.wav,5305
bass_synthetic_137-068-075,train,bass,bass_synthetic_137,68,upper,75,data/raw/nsynth/extracted/nsynth-train/audio/bass_synthetic_137-068-075.wav,5305
bass_synthetic_031-068-100,train,bass,bass_synthetic_031,68,upper,100,data/raw/nsynth/extracted/nsynth-train/audio/bass_synthetic_031-068-100.wav,5305
bass_synthetic_057-068-100,train,bass,bass_synthetic_057,68,upper,100,data/raw/nsynth/extracted/nsynth-train/audio/bass_synthetic_057-068-100.wav,5305
bass_synthetic_073-068-100,train,bass,bass_synthetic_073,68,upper,100,data/raw/nsynth/extracted/nsynth-train/audio/bass_synthetic_073-068-100.wav,5305
bass_synthetic_114-068-100,train,bass,bass_synthetic_114,68,upper,100,data/raw/nsynth/extracted/nsynth-train/audio/bass_synthetic_114-068-100.wav,5305
bass_synthetic_001-068-127,train,bass,bass_synthetic_001,68,upper,127,data/raw/nsynth/extracted/nsynth-train/audio/bass_synthetic_001-068-127.wav,5305
bass_synthetic_120-068-127,train,bass,bass_synthetic_120,68,upper,127,data/raw/nsynth/extracted/nsynth-train/audio/bass_synthetic_120-068-127.wav,5305
bass_electronic_015-069-025,train,bass,bass_electronic_015,69,upper,25,data/raw/nsynth/extracted/nsynth-train/audio/bass_electronic_015-069-025.wav,5305
bass_synthetic_001-069-025,train,bass,bass_synthetic_001,69,upper,25,data/raw/nsynth/extracted/nsynth-train/audio/bass_synthetic_001-069-025.wav,5305
bass_synthetic_021-069-025,train,bass,bass_synthetic_021,69,upper,25,data/raw/nsynth/extracted/nsynth-train/audio/bass_synthetic_021-069-025.wav,5305
bass_synthetic_065-069-025,train,bass,bass_synthetic_065,69,upper,25,data/raw/nsynth/extracted/nsynth-train/audio/bass_synthetic_065-069-025.wav,5305
bass_synthetic_067-069-025,train,bass,bass_synthetic_067,69,upper,25,data/raw/nsynth/extracted/nsynth-train/audio/bass_synthetic_067-069-025.wav,5305
bass_synthetic_094-069-025,train,bass,bass_synthetic_094,69,upper,25,data/raw/nsynth/extracted/nsynth-train/audio/bass_synthetic_094-069-025.wav,5305
bass_synthetic_143-069-025,train,bass,bass_synthetic_143,69,upper,25,data/raw/nsynth/extracted/nsynth-train/audio/bass_synthetic_143-069-025.wav,5305
bass_synthetic_060-069-050,train,bass,bass_synthetic_060,69,upper,50,data/raw/nsynth/extracted/nsynth-train/audio/bass_synthetic_060-069-050.wav,5305
bass_synthetic_096-069-050,train,bass,bass_synthetic_096,69,upper,50,data/raw/nsynth/extracted/nsynth-train/audio/bass_synthetic_096-069-050.wav,5305
bass_synthetic_111-069-050,train,bass,bass_synthetic_111,69,upper,50,data/raw/nsynth/extracted/nsynth-train/audio/bass_synthetic_111-069-050.wav,5305
bass_synthetic_114-069-050,train,bass,bass_synthetic_114,69,upper,50,data/raw/nsynth/extracted/nsynth-train/audio/bass_synthetic_114-069-050.wav,5305
bass_synthetic_137-069-050,train,bass,bass_synthetic_137,69,upper,50,data/raw/nsynth/extracted/nsynth-train/audio/bass_synthetic_137-069-050.wav,5305
bass_synthetic_002-069-075,train,bass,bass_synthetic_002,69,upper,75,data/raw/nsynth/extracted/nsynth-train/audio/bass_synthetic_002-069-075.wav,5305
bass_synthetic_041-069-075,train,bass,bass_synthetic_041,69,upper,75,data/raw/nsynth/extracted/nsynth-train/audio/bass_synthetic_041-069-075.wav,5305
bass_synthetic_045-069-075,train,bass,bass_synthetic_045,69,upper,75,data/raw/nsynth/extracted/nsynth-train/audio/bass_synthetic_045-069-075.wav,5305
bass_synthetic_059-069-075,train,bass,bass_synthetic_059,69,upper,75,data/raw/nsynth/extracted/nsynth-train/audio/bass_synthetic_059-069-075.wav,5305
bass_synthetic_090-069-075,train,bass,bass_synthetic_090,69,upper,75,data/raw/nsynth/extracted/nsynth-train/audio/bass_synthetic_090-069-075.wav,5305
bass_synthetic_115-069-075,train,bass,bass_synthetic_115,69,upper,75,data/raw/nsynth/extracted/nsynth-train/audio/bass_synthetic_115-069-075.wav,5305
bass_synthetic_066-069-100,train,bass,bass_synthetic_066,69,upper,100,data/raw/nsynth/extracted/nsynth-train/audio/bass_synthetic_066-069-100.wav,5305
bass_synthetic_039-069-127,train,bass,bass_synthetic_039,69,upper,127,data/raw/nsynth/extracted/nsynth-train/audio/bass_synthetic_039-069-127.wav,5305
bass_synthetic_066-069-127,train,bass,bass_synthetic_066,69,upper,127,data/raw/nsynth/extracted/nsynth-train/audio/bass_synthetic_066-069-127.wav,5305
bass_synthetic_073-069-127,train,bass,bass_synthetic_073,69,upper,127,data/raw/nsynth/extracted/nsynth-train/audio/bass_synthetic_073-069-127.wav,5305
bass_synthetic_079-069-127,train,bass,bass_synthetic_079,69,upper,127,data/raw/nsynth/extracted/nsynth-train/audio/bass_synthetic_079-069-127.wav,5305
bass_synthetic_132-069-127,train,bass,bass_synthetic_132,69,upper,127,data/raw/nsynth/extracted/nsynth-train/audio/bass_synthetic_132-069-127.wav,5305
bass_synthetic_142-069-127,train,bass,bass_synthetic_142,69,upper,127,data/raw/nsynth/extracted/nsynth-train/audio/bass_synthetic_142-069-127.wav,5305
brass_acoustic_001-043-025,train,brass,brass_acoustic_001,43,lower,25,data/raw/nsynth/extracted/nsynth-train/audio/brass_acoustic_001-043-025.wav,5305
brass_acoustic_009-043-025,train,brass,brass_acoustic_009,43,lower,25,data/raw/nsynth/extracted/nsynth-train/audio/brass_acoustic_009-043-025.wav,5305
brass_acoustic_011-043-025,train,brass,brass_acoustic_011,43,lower,25,data/raw/nsynth/extracted/nsynth-train/audio/brass_acoustic_011-043-025.wav,5305
brass_acoustic_022-043-025,train,brass,brass_acoustic_022,43,lower,25,data/raw/nsynth/extracted/nsynth-train/audio/brass_acoustic_022-043-025.wav,5305
brass_acoustic_029-043-025,train,brass,brass_acoustic_029,43,lower,25,data/raw/nsynth/extracted/nsynth-train/audio/brass_acoustic_029-043-025.wav,5305
brass_acoustic_043-043-025,train,brass,brass_acoustic_043,43,lower,25,data/raw/nsynth/extracted/nsynth-train/audio/brass_acoustic_043-043-025.wav,5305
brass_acoustic_054-043-025,train,brass,brass_acoustic_054,43,lower,25,data/raw/nsynth/extracted/nsynth-train/audio/brass_acoustic_054-043-025.wav,5305
brass_acoustic_063-043-025,train,brass,brass_acoustic_063,43,lower,25,data/raw/nsynth/extracted/nsynth-train/audio/brass_acoustic_063-043-025.wav,5305
brass_acoustic_001-043-050,train,brass,brass_acoustic_001,43,lower,50,data/raw/nsynth/extracted/nsynth-train/audio/brass_acoustic_001-043-050.wav,5305
brass_acoustic_003-043-050,train,brass,brass_acoustic_003,43,lower,50,data/raw/nsynth/extracted/nsynth-train/audio/brass_acoustic_003-043-050.wav,5305
brass_acoustic_010-043-050,train,brass,brass_acoustic_010,43,lower,50,data/raw/nsynth/extracted/nsynth-train/audio/brass_acoustic_010-043-050.wav,5305
brass_acoustic_033-043-050,train,brass,brass_acoustic_033,43,lower,50,data/raw/nsynth/extracted/nsynth-train/audio/brass_acoustic_033-043-050.wav,5305
brass_acoustic_054-043-050,train,brass,brass_acoustic_054,43,lower,50,data/raw/nsynth/extracted/nsynth-train/audio/brass_acoustic_054-043-050.wav,5305
brass_acoustic_005-043-075,train,brass,brass_acoustic_005,43,lower,75,data/raw/nsynth/extracted/nsynth-train/audio/brass_acoustic_005-043-075.wav,5305
brass_acoustic_029-043-075,train,brass,brass_acoustic_029,43,lower,75,data/raw/nsynth/extracted/nsynth-train/audio/brass_acoustic_029-043-075.wav,5305
brass_acoustic_038-043-075,train,brass,brass_acoustic_038,43,lower,75,data/raw/nsynth/extracted/nsynth-train/audio/brass_acoustic_038-043-075.wav,5305
brass_acoustic_005-043-100,train,brass,brass_acoustic_005,43,lower,100,data/raw/nsynth/extracted/nsynth-train/audio/brass_acoustic_005-043-100.wav,5305
brass_acoustic_043-043-100,train,brass,brass_acoustic_043,43,lower,100,data/raw/nsynth/extracted/nsynth-train/audio/brass_acoustic_043-043-100.wav,5305
brass_acoustic_061-043-100,train,brass,brass_acoustic_061,43,lower,100,data/raw/nsynth/extracted/nsynth-train/audio/brass_acoustic_061-043-100.wav,5305
brass_acoustic_062-043-100,train,brass,brass_acoustic_062,43,lower,100,data/raw/nsynth/extracted/nsynth-train/audio/brass_acoustic_062-043-100.wav,5305
brass_acoustic_034-043-127,train,brass,brass_acoustic_034,43,lower,127,data/raw/nsynth/extracted/nsynth-train/audio/brass_acoustic_034-043-127.wav,5305
brass_acoustic_045-043-127,train,brass,brass_acoustic_045,43,lower,127,data/raw/nsynth/extracted/nsynth-train/audio/brass_acoustic_045-043-127.wav,5305
brass_acoustic_057-043-127,train,brass,brass_acoustic_057,43,lower,127,data/raw/nsynth/extracted/nsynth-train/audio/brass_acoustic_057-043-127.wav,5305
brass_acoustic_005-044-025,train,brass,brass_acoustic_005,44,lower,25,data/raw/nsynth/extracted/nsynth-train/audio/brass_acoustic_005-044-025.wav,5305
brass_acoustic_012-044-025,train,brass,brass_acoustic_012,44,lower,25,data/raw/nsynth/extracted/nsynth-train/audio/brass_acoustic_012-044-025.wav,5305
brass_acoustic_045-044-025,train,brass,brass_acoustic_045,44,lower,25,data/raw/nsynth/extracted/nsynth-train/audio/brass_acoustic_045-044-025.wav,5305
brass_acoustic_004-044-050,train,brass,brass_acoustic_004,44,lower,50,data/raw/nsynth/extracted/nsynth-train/audio/brass_acoustic_004-044-050.wav,5305
brass_acoustic_023-044-050,train,brass,brass_acoustic_023,44,lower,50,data/raw/nsynth/extracted/nsynth-train/audio/brass_acoustic_023-044-050.wav,5305
brass_acoustic_043-044-075,train,brass,brass_acoustic_043,44,lower,75,data/raw/nsynth/extracted/nsynth-train/audio/brass_acoustic_043-044-075.wav,5305
brass_acoustic_060-044-075,train,brass,brass_acoustic_060,44,lower,75,data/raw/nsynth/extracted/nsynth-train/audio/brass_acoustic_060-044-075.wav,5305
brass_acoustic_001-044-100,train,brass,brass_acoustic_001,44,lower,100,data/raw/nsynth/extracted/nsynth-train/audio/brass_acoustic_001-044-100.wav,5305
brass_acoustic_017-044-100,train,brass,brass_acoustic_017,44,lower,100,data/raw/nsynth/extracted/nsynth-train/audio/brass_acoustic_017-044-100.wav,5305
brass_acoustic_034-044-100,train,brass,brass_acoustic_034,44,lower,100,data/raw/nsynth/extracted/nsynth-train/audio/brass_acoustic_034-044-100.wav,5305
brass_acoustic_051-044-100,train,brass,brass_acoustic_051,44,lower,100,data/raw/nsynth/extracted/nsynth-train/audio/brass_acoustic_051-044-100.wav,5305
brass_acoustic_001-044-127,train,brass,brass_acoustic_001,44,lower,127,data/raw/nsynth/extracted/nsynth-train/audio/brass_acoustic_001-044-127.wav,5305
brass_acoustic_010-044-127,train,brass,brass_acoustic_010,44,lower,127,data/raw/nsynth/extracted/nsynth-train/audio/brass_acoustic_010-044-127.wav,5305
brass_acoustic_029-044-127,train,brass,brass_acoustic_029,44,lower,127,data/raw/nsynth/extracted/nsynth-train/audio/brass_acoustic_029-044-127.wav,5305
brass_acoustic_062-044-127,train,brass,brass_acoustic_062,44,lower,127,data/raw/nsynth/extracted/nsynth-train/audio/brass_acoustic_062-044-127.wav,5305
brass_acoustic_050-045-025,train,brass,brass_acoustic_050,45,lower,25,data/raw/nsynth/extracted/nsynth-train/audio/brass_acoustic_050-045-025.wav,5305
brass_acoustic_003-045-050,train,brass,brass_acoustic_003,45,lower,50,data/raw/nsynth/extracted/nsynth-train/audio/brass_acoustic_003-045-050.wav,5305
brass_acoustic_034-045-050,train,brass,brass_acoustic_034,45,lower,50,data/raw/nsynth/extracted/nsynth-train/audio/brass_acoustic_034-045-050.wav,5305
brass_acoustic_044-045-050,train,brass,brass_acoustic_044,45,lower,50,data/raw/nsynth/extracted/nsynth-train/audio/brass_acoustic_044-045-050.wav,5305
brass_acoustic_045-045-050,train,brass,brass_acoustic_045,45,lower,50,data/raw/nsynth/extracted/nsynth-train/audio/brass_acoustic_045-045-050.wav,5305
brass_acoustic_061-045-050,train,brass,brass_acoustic_061,45,lower,50,data/raw/nsynth/extracted/nsynth-train/audio/brass_acoustic_061-045-050.wav,5305
brass_acoustic_062-045-050,train,brass,brass_acoustic_062,45,lower,50,data/raw/nsynth/extracted/nsynth-train/audio/brass_acoustic_062-045-050.wav,5305
brass_acoustic_011-045-075,train,brass,brass_acoustic_011,45,lower,75,data/raw/nsynth/extracted/nsynth-train/audio/brass_acoustic_011-045-075.wav,5305
brass_acoustic_024-045-075,train,brass,brass_acoustic_024,45,lower,75,data/raw/nsynth/extracted/nsynth-train/audio/brass_acoustic_024-045-075.wav,5305
brass_acoustic_034-045-075,train,brass,brass_acoustic_034,45,lower,75,data/raw/nsynth/extracted/nsynth-train/audio/brass_acoustic_034-045-075.wav,5305
brass_acoustic_062-045-075,train,brass,brass_acoustic_062,45,lower,75,data/raw/nsynth/extracted/nsynth-train/audio/brass_acoustic_062-045-075.wav,5305
brass_acoustic_005-045-100,train,brass,brass_acoustic_005,45,lower,100,data/raw/nsynth/extracted/nsynth-train/audio/brass_acoustic_005-045-100.wav,5305
brass_acoustic_010-045-100,train,brass,brass_acoustic_010,45,lower,100,data/raw/nsynth/extracted/nsynth-train/audio/brass_acoustic_010-045-100.wav,5305
brass_acoustic_024-045-100,train,brass,brass_acoustic_024,45,lower,100,data/raw/nsynth/extracted/nsynth-train/audio/brass_acoustic_024-045-100.wav,5305
brass_acoustic_042-045-100,train,brass,brass_acoustic_042,45,lower,100,data/raw/nsynth/extracted/nsynth-train/audio/brass_acoustic_042-045-100.wav,5305
brass_acoustic_050-045-100,train,brass,brass_acoustic_050,45,lower,100,data/raw/nsynth/extracted/nsynth-train/audio/brass_acoustic_050-045-100.wav,5305
brass_acoustic_053-045-100,train,brass,brass_acoustic_053,45,lower,100,data/raw/nsynth/extracted/nsynth-train/audio/brass_acoustic_053-045-100.wav,5305
brass_acoustic_003-045-127,train,brass,brass_acoustic_003,45,lower,127,data/raw/nsynth/extracted/nsynth-train/audio/brass_acoustic_003-045-127.wav,5305
brass_acoustic_033-045-127,train,brass,brass_acoustic_033,45,lower,127,data/raw/nsynth/extracted/nsynth-train/audio/brass_acoustic_033-045-127.wav,5305
brass_acoustic_038-045-127,train,brass,brass_acoustic_038,45,lower,127,data/raw/nsynth/extracted/nsynth-train/audio/brass_acoustic_038-045-127.wav,5305
brass_acoustic_053-045-127,train,brass,brass_acoustic_053,45,lower,127,data/raw/nsynth/extracted/nsynth-train/audio/brass_acoustic_053-045-127.wav,5305
brass_acoustic_057-045-127,train,brass,brass_acoustic_057,45,lower,127,data/raw/nsynth/extracted/nsynth-train/audio/brass_acoustic_057-045-127.wav,5305
brass_acoustic_061-045-127,train,brass,brass_acoustic_061,45,lower,127,data/raw/nsynth/extracted/nsynth-train/audio/brass_acoustic_061-045-127.wav,5305
brass_acoustic_062-045-127,train,brass,brass_acoustic_062,45,lower,127,data/raw/nsynth/extracted/nsynth-train/audio/brass_acoustic_062-045-127.wav,5305
brass_acoustic_022-046-025,train,brass,brass_acoustic_022,46,lower,25,data/raw/nsynth/extracted/nsynth-train/audio/brass_acoustic_022-046-025.wav,5305
brass_acoustic_050-046-025,train,brass,brass_acoustic_050,46,lower,25,data/raw/nsynth/extracted/nsynth-train/audio/brass_acoustic_050-046-025.wav,5305
brass_acoustic_001-046-050,train,brass,brass_acoustic_001,46,lower,50,data/raw/nsynth/extracted/nsynth-train/audio/brass_acoustic_001-046-050.wav,5305
brass_acoustic_003-046-050,train,brass,brass_acoustic_003,46,lower,50,data/raw/nsynth/extracted/nsynth-train/audio/brass_acoustic_003-046-050.wav,5305
brass_acoustic_005-046-050,train,brass,brass_acoustic_005,46,lower,50,data/raw/nsynth/extracted/nsynth-train/audio/brass_acoustic_005-046-050.wav,5305
brass_acoustic_008-046-050,train,brass,brass_acoustic_008,46,lower,50,data/raw/nsynth/extracted/nsynth-train/audio/brass_acoustic_008-046-050.wav,5305
brass_acoustic_023-046-050,train,brass,brass_acoustic_023,46,lower,50,data/raw/nsynth/extracted/nsynth-train/audio/brass_acoustic_023-046-050.wav,5305
brass_acoustic_061-046-050,train,brass,brass_acoustic_061,46,lower,50,data/raw/nsynth/extracted/nsynth-train/audio/brass_acoustic_061-046-050.wav,5305
brass_acoustic_005-046-075,train,brass,brass_acoustic_005,46,lower,75,data/raw/nsynth/extracted/nsynth-train/audio/brass_acoustic_005-046-075.wav,5305
brass_acoustic_011-046-075,train,brass,brass_acoustic_011,46,lower,75,data/raw/nsynth/extracted/nsynth-train/audio/brass_acoustic_011-046-075.wav,5305
brass_acoustic_023-046-075,train,brass,brass_acoustic_023,46,lower,75,data/raw/nsynth/extracted/nsynth-train/audio/brass_acoustic_023-046-075.wav,5305
brass_acoustic_024-046-075,train,brass,brass_acoustic_024,46,lower,75,data/raw/nsynth/extracted/nsynth-train/audio/brass_acoustic_024-046-075.wav,5305
brass_acoustic_034-046-075,train,brass,brass_acoustic_034,46,lower,75,data/raw/nsynth/extracted/nsynth-train/audio/brass_acoustic_034-046-075.wav,5305
brass_acoustic_041-046-075,train,brass,brass_acoustic_041,46,lower,75,data/raw/nsynth/extracted/nsynth-train/audio/brass_acoustic_041-046-075.wav,5305
brass_acoustic_044-046-075,train,brass,brass_acoustic_044,46,lower,75,data/raw/nsynth/extracted/nsynth-train/audio/brass_acoustic_044-046-075.wav,5305
brass_acoustic_003-046-100,train,brass,brass_acoustic_003,46,lower,100,data/raw/nsynth/extracted/nsynth-train/audio/brass_acoustic_003-046-100.wav,5305
brass_acoustic_011-046-100,train,brass,brass_acoustic_011,46,lower,100,data/raw/nsynth/extracted/nsynth-train/audio/brass_acoustic_011-046-100.wav,5305
brass_acoustic_012-046-100,train,brass,brass_acoustic_012,46,lower,100,data/raw/nsynth/extracted/nsynth-train/audio/brass_acoustic_012-046-100.wav,5305
brass_acoustic_063-046-100,train,brass,brass_acoustic_063,46,lower,100,data/raw/nsynth/extracted/nsynth-train/audio/brass_acoustic_063-046-100.wav,5305
brass_acoustic_020-046-127,train,brass,brass_acoustic_020,46,lower,127,data/raw/nsynth/extracted/nsynth-train/audio/brass_acoustic_020-046-127.wav,5305
brass_acoustic_034-046-127,train,brass,brass_acoustic_034,46,lower,127,data/raw/nsynth/extracted/nsynth-train/audio/brass_acoustic_034-046-127.wav,5305
brass_acoustic_057-046-127,train,brass,brass_acoustic_057,46,lower,127,data/raw/nsynth/extracted/nsynth-train/audio/brass_acoustic_057-046-127.wav,5305
brass_acoustic_005-047-025,train,brass,brass_acoustic_005,47,lower,25,data/raw/nsynth/extracted/nsynth-train/audio/brass_acoustic_005-047-025.wav,5305
brass_acoustic_041-047-025,train,brass,brass_acoustic_041,47,lower,25,data/raw/nsynth/extracted/nsynth-train/audio/brass_acoustic_041-047-025.wav,5305
brass_acoustic_051-047-025,train,brass,brass_acoustic_051,47,lower,25,data/raw/nsynth/extracted/nsynth-train/audio/brass_acoustic_051-047-025.wav,5305
brass_acoustic_001-047-050,train,brass,brass_acoustic_001,47,lower,50,data/raw/nsynth/extracted/nsynth-train/audio/brass_acoustic_001-047-050.wav,5305
brass_acoustic_034-047-050,train,brass,brass_acoustic_034,47,lower,50,data/raw/nsynth/extracted/nsynth-train/audio/brass_acoustic_034-047-050.wav,5305
brass_acoustic_017-047-075,train,brass,brass_acoustic_017,47,lower,75,data/raw/nsynth/extracted/nsynth-train/audio/brass_acoustic_017-047-075.wav,5305
brass_acoustic_024-047-075,train,brass,brass_acoustic_024,47,lower,75,data/raw/nsynth/extracted/nsynth-train/audio/brass_acoustic_024-047-075.wav,5305
brass_acoustic_029-047-075,train,brass,brass_acoustic_029,47,lower,75,data/raw/nsynth/extracted/nsynth-train/audio/brass_acoustic_029-047-075.wav,5305
brass_acoustic_053-047-075,train,brass,brass_acoustic_053,47,lower,75,data/raw/nsynth/extracted/nsynth-train/audio/brass_acoustic_053-047-075.wav,5305
brass_acoustic_011-047-100,train,brass,brass_acoustic_011,47,lower,100,data/raw/nsynth/extracted/nsynth-train/audio/brass_acoustic_011-047-100.wav,5305
brass_acoustic_020-047-100,train,brass,brass_acoustic_020,47,lower,100,data/raw/nsynth/extracted/nsynth-train/audio/brass_acoustic_020-047-100.wav,5305
brass_acoustic_034-047-100,train,brass,brass_acoustic_034,47,lower,100,data/raw/nsynth/extracted/nsynth-train/audio/brass_acoustic_034-047-100.wav,5305
brass_acoustic_037-047-100,train,brass,brass_acoustic_037,47,lower,100,data/raw/nsynth/extracted/nsynth-train/audio/brass_acoustic_037-047-100.wav,5305
brass_acoustic_054-047-100,train,brass,brass_acoustic_054,47,lower,100,data/raw/nsynth/extracted/nsynth-train/audio/brass_acoustic_054-047-100.wav,5305
brass_acoustic_005-047-127,train,brass,brass_acoustic_005,47,lower,127,data/raw/nsynth/extracted/nsynth-train/audio/brass_acoustic_005-047-127.wav,5305
brass_acoustic_008-047-127,train,brass,brass_acoustic_008,47,lower,127,data/raw/nsynth/extracted/nsynth-train/audio/brass_acoustic_008-047-127.wav,5305
brass_acoustic_012-047-127,train,brass,brass_acoustic_012,47,lower,127,data/raw/nsynth/extracted/nsynth-train/audio/brass_acoustic_012-047-127.wav,5305
brass_acoustic_017-047-127,train,brass,brass_acoustic_017,47,lower,127,data/raw/nsynth/extracted/nsynth-train/audio/brass_acoustic_017-047-127.wav,5305
brass_acoustic_030-047-127,train,brass,brass_acoustic_030,47,lower,127,data/raw/nsynth/extracted/nsynth-train/audio/brass_acoustic_030-047-127.wav,5305
brass_acoustic_051-047-127,train,brass,brass_acoustic_051,47,lower,127,data/raw/nsynth/extracted/nsynth-train/audio/brass_acoustic_051-047-127.wav,5305
brass_acoustic_063-047-127,train,brass,brass_acoustic_063,47,lower,127,data/raw/nsynth/extracted/nsynth-train/audio/brass_acoustic_063-047-127.wav,5305
brass_acoustic_017-048-025,train,brass,brass_acoustic_017,48,lower,25,data/raw/nsynth/extracted/nsynth-train/audio/brass_acoustic_017-048-025.wav,5305
brass_acoustic_041-048-025,train,brass,brass_acoustic_041,48,lower,25,data/raw/nsynth/extracted/nsynth-train/audio/brass_acoustic_041-048-025.wav,5305
brass_acoustic_061-048-025,train,brass,brass_acoustic_061,48,lower,25,data/raw/nsynth/extracted/nsynth-train/audio/brass_acoustic_061-048-025.wav,5305
brass_acoustic_009-048-050,train,brass,brass_acoustic_009,48,lower,50,data/raw/nsynth/extracted/nsynth-train/audio/brass_acoustic_009-048-050.wav,5305
brass_acoustic_033-048-050,train,brass,brass_acoustic_033,48,lower,50,data/raw/nsynth/extracted/nsynth-train/audio/brass_acoustic_033-048-050.wav,5305
brass_acoustic_043-048-050,train,brass,brass_acoustic_043,48,lower,50,data/raw/nsynth/extracted/nsynth-train/audio/brass_acoustic_043-048-050.wav,5305
brass_acoustic_061-048-050,train,brass,brass_acoustic_061,48,lower,50,data/raw/nsynth/extracted/nsynth-train/audio/brass_acoustic_061-048-050.wav,5305
brass_acoustic_011-048-075,train,brass,brass_acoustic_011,48,lower,75,data/raw/nsynth/extracted/nsynth-train/audio/brass_acoustic_011-048-075.wav,5305
brass_acoustic_029-048-075,train,brass,brass_acoustic_029,48,lower,75,data/raw/nsynth/extracted/nsynth-train/audio/brass_acoustic_029-048-075.wav,5305
brass_acoustic_030-048-075,train,brass,brass_acoustic_030,48,lower,75,data/raw/nsynth/extracted/nsynth-train/audio/brass_acoustic_030-048-075.wav,5305
brass_acoustic_000-048-100,train,brass,brass_acoustic_000,48,lower,100,data/raw/nsynth/extracted/nsynth-train/audio/brass_acoustic_000-048-100.wav,5305
brass_acoustic_001-048-100,train,brass,brass_acoustic_001,48,lower,100,data/raw/nsynth/extracted/nsynth-train/audio/brass_acoustic_001-048-100.wav,5305
brass_acoustic_003-048-100,train,brass,brass_acoustic_003,48,lower,100,data/raw/nsynth/extracted/nsynth-train/audio/brass_acoustic_003-048-100.wav,5305
brass_acoustic_057-048-100,train,brass,brass_acoustic_057,48,lower,100,data/raw/nsynth/extracted/nsynth-train/audio/brass_acoustic_057-048-100.wav,5305
brass_acoustic_017-048-127,train,brass,brass_acoustic_017,48,lower,127,data/raw/nsynth/extracted/nsynth-train/audio/brass_acoustic_017-048-127.wav,5305
brass_acoustic_026-048-127,train,brass,brass_acoustic_026,48,lower,127,data/raw/nsynth/extracted/nsynth-train/audio/brass_acoustic_026-048-127.wav,5305
brass_acoustic_045-048-127,train,brass,brass_acoustic_045,48,lower,127,data/raw/nsynth/extracted/nsynth-train/audio/brass_acoustic_045-048-127.wav,5305
brass_acoustic_051-048-127,train,brass,brass_acoustic_051,48,lower,127,data/raw/nsynth/extracted/nsynth-train/audio/brass_acoustic_051-048-127.wav,5305
brass_acoustic_057-048-127,train,brass,brass_acoustic_057,48,lower,127,data/raw/nsynth/extracted/nsynth-train/audio/brass_acoustic_057-048-127.wav,5305
brass_acoustic_064-048-127,train,brass,brass_acoustic_064,48,lower,127,data/raw/nsynth/extracted/nsynth-train/audio/brass_acoustic_064-048-127.wav,5305
brass_acoustic_037-049-025,train,brass,brass_acoustic_037,49,lower,25,data/raw/nsynth/extracted/nsynth-train/audio/brass_acoustic_037-049-025.wav,5305
brass_acoustic_051-049-025,train,brass,brass_acoustic_051,49,lower,25,data/raw/nsynth/extracted/nsynth-train/audio/brass_acoustic_051-049-025.wav,5305
brass_acoustic_060-049-025,train,brass,brass_acoustic_060,49,lower,25,data/raw/nsynth/extracted/nsynth-train/audio/brass_acoustic_060-049-025.wav,5305
brass_acoustic_020-049-050,train,brass,brass_acoustic_020,49,lower,50,data/raw/nsynth/extracted/nsynth-train/audio/brass_acoustic_020-049-050.wav,5305
brass_acoustic_033-049-050,train,brass,brass_acoustic_033,49,lower,50,data/raw/nsynth/extracted/nsynth-train/audio/brass_acoustic_033-049-050.wav,5305
brass_acoustic_051-049-050,train,brass,brass_acoustic_051,49,lower,50,data/raw/nsynth/extracted/nsynth-train/audio/brass_acoustic_051-049-050.wav,5305
brass_acoustic_057-049-050,train,brass,brass_acoustic_057,49,lower,50,data/raw/nsynth/extracted/nsynth-train/audio/brass_acoustic_057-049-050.wav,5305
brass_acoustic_063-049-050,train,brass,brass_acoustic_063,49,lower,50,data/raw/nsynth/extracted/nsynth-train/audio/brass_acoustic_063-049-050.wav,5305
brass_acoustic_000-049-075,train,brass,brass_acoustic_000,49,lower,75,data/raw/nsynth/extracted/nsynth-train/audio/brass_acoustic_000-049-075.wav,5305
brass_acoustic_005-049-075,train,brass,brass_acoustic_005,49,lower,75,data/raw/nsynth/extracted/nsynth-train/audio/brass_acoustic_005-049-075.wav,5305
brass_acoustic_008-049-075,train,brass,brass_acoustic_008,49,lower,75,data/raw/nsynth/extracted/nsynth-train/audio/brass_acoustic_008-049-075.wav,5305
brass_acoustic_011-049-075,train,brass,brass_acoustic_011,49,lower,75,data/raw/nsynth/extracted/nsynth-train/audio/brass_acoustic_011-049-075.wav,5305
brass_acoustic_026-049-075,train,brass,brass_acoustic_026,49,lower,75,data/raw/nsynth/extracted/nsynth-train/audio/brass_acoustic_026-049-075.wav,5305
brass_acoustic_034-049-075,train,brass,brass_acoustic_034,49,lower,75,data/raw/nsynth/extracted/nsynth-train/audio/brass_acoustic_034-049-075.wav,5305
brass_acoustic_038-049-075,train,brass,brass_acoustic_038,49,lower,75,data/raw/nsynth/extracted/nsynth-train/audio/brass_acoustic_038-049-075.wav,5305
brass_acoustic_009-049-100,train,brass,brass_acoustic_009,49,lower,100,data/raw/nsynth/extracted/nsynth-train/audio/brass_acoustic_009-049-100.wav,5305
brass_acoustic_054-049-100,train,brass,brass_acoustic_054,49,lower,100,data/raw/nsynth/extracted/nsynth-train/audio/brass_acoustic_054-049-100.wav,5305
brass_acoustic_011-049-127,train,brass,brass_acoustic_011,49,lower,127,data/raw/nsynth/extracted/nsynth-train/audio/brass_acoustic_011-049-127.wav,5305
brass_acoustic_026-049-127,train,brass,brass_acoustic_026,49,lower,127,data/raw/nsynth/extracted/nsynth-train/audio/brass_acoustic_026-049-127.wav,5305
brass_acoustic_034-049-127,train,brass,brass_acoustic_034,49,lower,127,data/raw/nsynth/extracted/nsynth-train/audio/brass_acoustic_034-049-127.wav,5305
brass_acoustic_003-050-025,train,brass,brass_acoustic_003,50,lower,25,data/raw/nsynth/extracted/nsynth-train/audio/brass_acoustic_003-050-025.wav,5305
brass_acoustic_008-050-025,train,brass,brass_acoustic_008,50,lower,25,data/raw/nsynth/extracted/nsynth-train/audio/brass_acoustic_008-050-025.wav,5305
brass_acoustic_009-050-025,train,brass,brass_acoustic_009,50,lower,25,data/raw/nsynth/extracted/nsynth-train/audio/brass_acoustic_009-050-025.wav,5305
brass_acoustic_022-050-025,train,brass,brass_acoustic_022,50,lower,25,data/raw/nsynth/extracted/nsynth-train/audio/brass_acoustic_022-050-025.wav,5305
brass_acoustic_024-050-025,train,brass,brass_acoustic_024,50,lower,25,data/raw/nsynth/extracted/nsynth-train/audio/brass_acoustic_024-050-025.wav,5305
brass_acoustic_029-050-025,train,brass,brass_acoustic_029,50,lower,25,data/raw/nsynth/extracted/nsynth-train/audio/brass_acoustic_029-050-025.wav,5305
brass_acoustic_038-050-025,train,brass,brass_acoustic_038,50,lower,25,data/raw/nsynth/extracted/nsynth-train/audio/brass_acoustic_038-050-025.wav,5305
brass_acoustic_041-050-025,train,brass,brass_acoustic_041,50,lower,25,data/raw/nsynth/extracted/nsynth-train/audio/brass_acoustic_041-050-025.wav,5305
brass_acoustic_043-050-025,train,brass,brass_acoustic_043,50,lower,25,data/raw/nsynth/extracted/nsynth-train/audio/brass_acoustic_043-050-025.wav,5305
brass_acoustic_045-050-025,train,brass,brass_acoustic_045,50,lower,25,data/raw/nsynth/extracted/nsynth-train/audio/brass_acoustic_045-050-025.wav,5305
brass_acoustic_062-050-025,train,brass,brass_acoustic_062,50,lower,25,data/raw/nsynth/extracted/nsynth-train/audio/brass_acoustic_062-050-025.wav,5305
brass_acoustic_005-050-050,train,brass,brass_acoustic_005,50,lower,50,data/raw/nsynth/extracted/nsynth-train/audio/brass_acoustic_005-050-050.wav,5305
brass_acoustic_017-050-050,train,brass,brass_acoustic_017,50,lower,50,data/raw/nsynth/extracted/nsynth-train/audio/brass_acoustic_017-050-050.wav,5305
brass_acoustic_022-050-050,train,brass,brass_acoustic_022,50,lower,50,data/raw/nsynth/extracted/nsynth-train/audio/brass_acoustic_022-050-050.wav,5305
brass_acoustic_024-050-050,train,brass,brass_acoustic_024,50,lower,50,data/raw/nsynth/extracted/nsynth-train/audio/brass_acoustic_024-050-050.wav,5305
brass_acoustic_037-050-050,train,brass,brass_acoustic_037,50,lower,50,data/raw/nsynth/extracted/nsynth-train/audio/brass_acoustic_037-050-050.wav,5305
brass_acoustic_050-050-050,train,brass,brass_acoustic_050,50,lower,50,data/raw/nsynth/extracted/nsynth-train/audio/brass_acoustic_050-050-050.wav,5305
brass_acoustic_062-050-050,train,brass,brass_acoustic_062,50,lower,50,data/raw/nsynth/extracted/nsynth-train/audio/brass_acoustic_062-050-050.wav,5305
brass_acoustic_000-050-075,train,brass,brass_acoustic_000,50,lower,75,data/raw/nsynth/extracted/nsynth-train/audio/brass_acoustic_000-050-075.wav,5305
brass_acoustic_001-050-075,train,brass,brass_acoustic_001,50,lower,75,data/raw/nsynth/extracted/nsynth-train/audio/brass_acoustic_001-050-075.wav,5305
brass_acoustic_011-050-075,train,brass,brass_acoustic_011,50,lower,75,data/raw/nsynth/extracted/nsynth-train/audio/brass_acoustic_011-050-075.wav,5305
brass_acoustic_020-050-100,train,brass,brass_acoustic_020,50,lower,100,data/raw/nsynth/extracted/nsynth-train/audio/brass_acoustic_020-050-100.wav,5305
brass_acoustic_034-050-100,train,brass,brass_acoustic_034,50,lower,100,data/raw/nsynth/extracted/nsynth-train/audio/brass_acoustic_034-050-100.wav,5305
brass_acoustic_042-050-100,train,brass,brass_acoustic_042,50,lower,100,data/raw/nsynth/extracted/nsynth-train/audio/brass_acoustic_042-050-100.wav,5305
brass_acoustic_044-050-100,train,brass,brass_acoustic_044,50,lower,100,data/raw/nsynth/extracted/nsynth-train/audio/brass_acoustic_044-050-100.wav,5305
brass_acoustic_061-050-100,train,brass,brass_acoustic_061,50,lower,100,data/raw/nsynth/extracted/nsynth-train/audio/brass_acoustic_061-050-100.wav,5305
brass_acoustic_030-050-127,train,brass,brass_acoustic_030,50,lower,127,data/raw/nsynth/extracted/nsynth-train/audio/brass_acoustic_030-050-127.wav,5305
brass_acoustic_033-050-127,train,brass,brass_acoustic_033,50,lower,127,data/raw/nsynth/extracted/nsynth-train/audio/brass_acoustic_033-050-127.wav,5305
brass_acoustic_043-050-127,train,brass,brass_acoustic_043,50,lower,127,data/raw/nsynth/extracted/nsynth-train/audio/brass_acoustic_043-050-127.wav,5305
brass_acoustic_051-050-127,train,brass,brass_acoustic_051,50,lower,127,data/raw/nsynth/extracted/nsynth-train/audio/brass_acoustic_051-050-127.wav,5305
brass_acoustic_010-051-025,train,brass,brass_acoustic_010,51,lower,25,data/raw/nsynth/extracted/nsynth-train/audio/brass_acoustic_010-051-025.wav,5305
brass_acoustic_038-051-025,train,brass,brass_acoustic_038,51,lower,25,data/raw/nsynth/extracted/nsynth-train/audio/brass_acoustic_038-051-025.wav,5305
brass_acoustic_041-051-025,train,brass,brass_acoustic_041,51,lower,25,data/raw/nsynth/extracted/nsynth-train/audio/brass_acoustic_041-051-025.wav,5305
brass_acoustic_043-051-025,train,brass,brass_acoustic_043,51,lower,25,data/raw/nsynth/extracted/nsynth-train/audio/brass_acoustic_043-051-025.wav,5305
brass_acoustic_054-051-025,train,brass,brass_acoustic_054,51,lower,25,data/raw/nsynth/extracted/nsynth-train/audio/brass_acoustic_054-051-025.wav,5305
brass_acoustic_061-051-025,train,brass,brass_acoustic_061,51,lower,25,data/raw/nsynth/extracted/nsynth-train/audio/brass_acoustic_061-051-025.wav,5305
brass_acoustic_000-051-050,train,brass,brass_acoustic_000,51,lower,50,data/raw/nsynth/extracted/nsynth-train/audio/brass_acoustic_000-051-050.wav,5305
brass_acoustic_025-051-050,train,brass,brass_acoustic_025,51,lower,50,data/raw/nsynth/extracted/nsynth-train/audio/brass_acoustic_025-051-050.wav,5305
brass_acoustic_064-051-050,train,brass,brass_acoustic_064,51,lower,50,data/raw/nsynth/extracted/nsynth-train/audio/brass_acoustic_064-051-050.wav,5305
brass_acoustic_000-051-075,train,brass,brass_acoustic_000,51,lower,75,data/raw/nsynth/extracted/nsynth-train/audio/brass_acoustic_000-051-075.wav,5305
brass_acoustic_001-051-075,train,brass,brass_acoustic_001,51,lower,75,data/raw/nsynth/extracted/nsynth-train/audio/brass_acoustic_001-051-075.wav,5305
brass_acoustic_023-051-075,train,brass,brass_acoustic_023,51,lower,75,data/raw/nsynth/extracted/nsynth-train/audio/brass_acoustic_023-051-075.wav,5305
brass_acoustic_026-051-075,train,brass,brass_acoustic_026,51,lower,75,data/raw/nsynth/extracted/nsynth-train/audio/brass_acoustic_026-051-075.wav,5305
brass_acoustic_029-051-075,train,brass,brass_acoustic_029,51,lower,75,data/raw/nsynth/extracted/nsynth-train/audio/brass_acoustic_029-051-075.wav,5305
brass_acoustic_043-051-075,train,brass,brass_acoustic_043,51,lower,75,data/raw/nsynth/extracted/nsynth-train/audio/brass_acoustic_043-051-075.wav,5305
brass_acoustic_051-051-075,train,brass,brass_acoustic_051,51,lower,75,data/raw/nsynth/extracted/nsynth-train/audio/brass_acoustic_051-051-075.wav,5305
brass_acoustic_005-051-100,train,brass,brass_acoustic_005,51,lower,100,data/raw/nsynth/extracted/nsynth-train/audio/brass_acoustic_005-051-100.wav,5305
brass_acoustic_011-051-100,train,brass,brass_acoustic_011,51,lower,100,data/raw/nsynth/extracted/nsynth-train/audio/brass_acoustic_011-051-100.wav,5305
brass_acoustic_023-051-100,train,brass,brass_acoustic_023,51,lower,100,data/raw/nsynth/extracted/nsynth-train/audio/brass_acoustic_023-051-100.wav,5305
brass_acoustic_024-051-100,train,brass,brass_acoustic_024,51,lower,100,data/raw/nsynth/extracted/nsynth-train/audio/brass_acoustic_024-051-100.wav,5305
brass_acoustic_044-051-100,train,brass,brass_acoustic_044,51,lower,100,data/raw/nsynth/extracted/nsynth-train/audio/brass_acoustic_044-051-100.wav,5305
brass_acoustic_054-051-100,train,brass,brass_acoustic_054,51,lower,100,data/raw/nsynth/extracted/nsynth-train/audio/brass_acoustic_054-051-100.wav,5305
brass_acoustic_008-051-127,train,brass,brass_acoustic_008,51,lower,127,data/raw/nsynth/extracted/nsynth-train/audio/brass_acoustic_008-051-127.wav,5305
brass_acoustic_026-051-127,train,brass,brass_acoustic_026,51,lower,127,data/raw/nsynth/extracted/nsynth-train/audio/brass_acoustic_026-051-127.wav,5305
brass_acoustic_057-051-127,train,brass,brass_acoustic_057,51,lower,127,data/raw/nsynth/extracted/nsynth-train/audio/brass_acoustic_057-051-127.wav,5305
brass_acoustic_020-052-025,train,brass,brass_acoustic_020,52,middle,25,data/raw/nsynth/extracted/nsynth-train/audio/brass_acoustic_020-052-025.wav,5305
brass_acoustic_027-052-025,train,brass,brass_acoustic_027,52,middle,25,data/raw/nsynth/extracted/nsynth-train/audio/brass_acoustic_027-052-025.wav,5305
brass_acoustic_032-052-025,train,brass,brass_acoustic_032,52,middle,25,data/raw/nsynth/extracted/nsynth-train/audio/brass_acoustic_032-052-025.wav,5305
brass_acoustic_033-052-025,train,brass,brass_acoustic_033,52,middle,25,data/raw/nsynth/extracted/nsynth-train/audio/brass_acoustic_033-052-025.wav,5305
brass_acoustic_041-052-025,train,brass,brass_acoustic_041,52,middle,25,data/raw/nsynth/extracted/nsynth-train/audio/brass_acoustic_041-052-025.wav,5305
brass_acoustic_053-052-025,train,brass,brass_acoustic_053,52,middle,25,data/raw/nsynth/extracted/nsynth-train/audio/brass_acoustic_053-052-025.wav,5305
brass_acoustic_058-052-025,train,brass,brass_acoustic_058,52,middle,25,data/raw/nsynth/extracted/nsynth-train/audio/brass_acoustic_058-052-025.wav,5305
brass_acoustic_003-052-050,train,brass,brass_acoustic_003,52,middle,50,data/raw/nsynth/extracted/nsynth-train/audio/brass_acoustic_003-052-050.wav,5305
brass_acoustic_014-052-050,train,brass,brass_acoustic_014,52,middle,50,data/raw/nsynth/extracted/nsynth-train/audio/brass_acoustic_014-052-050.wav,5305
brass_acoustic_021-052-050,train,brass,brass_acoustic_021,52,middle,50,data/raw/nsynth/extracted/nsynth-train/audio/brass_acoustic_021-052-050.wav,5305
brass_acoustic_024-052-050,train,brass,brass_acoustic_024,52,middle,50,data/raw/nsynth/extracted/nsynth-train/audio/brass_acoustic_024-052-050.wav,5305
brass_acoustic_028-052-050,train,brass,brass_acoustic_028,52,middle,50,data/raw/nsynth/extracted/nsynth-train/audio/brass_acoustic_028-052-050.wav,5305
brass_acoustic_029-052-050,train,brass,brass_acoustic_029,52,middle,50,data/raw/nsynth/extracted/nsynth-train/audio/brass_acoustic_029-052-050.wav,5305
brass_acoustic_048-052-050,train,brass,brass_acoustic_048,52,middle,50,data/raw/nsynth/extracted/nsynth-train/audio/brass_acoustic_048-052-050.wav,5305
brass_acoustic_057-052-050,train,brass,brass_acoustic_057,52,middle,50,data/raw/nsynth/extracted/nsynth-train/audio/brass_acoustic_057-052-050.wav,5305
brass_acoustic_014-052-075,train,brass,brass_acoustic_014,52,middle,75,data/raw/nsynth/extracted/nsynth-train/audio/brass_acoustic_014-052-075.wav,5305
brass_acoustic_050-052-075,train,brass,brass_acoustic_050,52,middle,75,data/raw/nsynth/extracted/nsynth-train/audio/brass_acoustic_050-052-075.wav,5305
brass_acoustic_060-052-075,train,brass,brass_acoustic_060,52,middle,75,data/raw/nsynth/extracted/nsynth-train/audio/brass_acoustic_060-052-075.wav,5305
brass_acoustic_011-052-100,train,brass,brass_acoustic_011,52,middle,100,data/raw/nsynth/extracted/nsynth-train/audio/brass_acoustic_011-052-100.wav,5305
brass_acoustic_027-052-100,train,brass,brass_acoustic_027,52,middle,100,data/raw/nsynth/extracted/nsynth-train/audio/brass_acoustic_027-052-100.wav,5305
brass_acoustic_035-052-100,train,brass,brass_acoustic_035,52,middle,100,data/raw/nsynth/extracted/nsynth-train/audio/brass_acoustic_035-052-100.wav,5305
brass_acoustic_053-052-100,train,brass,brass_acoustic_053,52,middle,100,data/raw/nsynth/extracted/nsynth-train/audio/brass_acoustic_053-052-100.wav,5305
brass_acoustic_060-052-100,train,brass,brass_acoustic_060,52,middle,100,data/raw/nsynth/extracted/nsynth-train/audio/brass_acoustic_060-052-100.wav,5305
brass_acoustic_005-052-127,train,brass,brass_acoustic_005,52,middle,127,data/raw/nsynth/extracted/nsynth-train/audio/brass_acoustic_005-052-127.wav,5305
brass_acoustic_011-052-127,train,brass,brass_acoustic_011,52,middle,127,data/raw/nsynth/extracted/nsynth-train/audio/brass_acoustic_011-052-127.wav,5305
brass_acoustic_030-052-127,train,brass,brass_acoustic_030,52,middle,127,data/raw/nsynth/extracted/nsynth-train/audio/brass_acoustic_030-052-127.wav,5305
brass_acoustic_048-052-127,train,brass,brass_acoustic_048,52,middle,127,data/raw/nsynth/extracted/nsynth-train/audio/brass_acoustic_048-052-127.wav,5305
brass_acoustic_030-053-025,train,brass,brass_acoustic_030,53,middle,25,data/raw/nsynth/extracted/nsynth-train/audio/brass_acoustic_030-053-025.wav,5305
brass_acoustic_064-053-025,train,brass,brass_acoustic_064,53,middle,25,data/raw/nsynth/extracted/nsynth-train/audio/brass_acoustic_064-053-025.wav,5305
brass_acoustic_028-053-050,train,brass,brass_acoustic_028,53,middle,50,data/raw/nsynth/extracted/nsynth-train/audio/brass_acoustic_028-053-050.wav,5305
brass_acoustic_049-053-050,train,brass,brass_acoustic_049,53,middle,50,data/raw/nsynth/extracted/nsynth-train/audio/brass_acoustic_049-053-050.wav,5305
brass_acoustic_010-053-075,train,brass,brass_acoustic_010,53,middle,75,data/raw/nsynth/extracted/nsynth-train/audio/brass_acoustic_010-053-075.wav,5305
brass_acoustic_023-053-075,train,brass,brass_acoustic_023,53,middle,75,data/raw/nsynth/extracted/nsynth-train/audio/brass_acoustic_023-053-075.wav,5305
brass_acoustic_058-053-075,train,brass,brass_acoustic_058,53,middle,75,data/raw/nsynth/extracted/nsynth-train/audio/brass_acoustic_058-053-075.wav,5305
brass_acoustic_060-053-075,train,brass,brass_acoustic_060,53,middle,75,data/raw/nsynth/extracted/nsynth-train/audio/brass_acoustic_060-053-075.wav,5305
brass_acoustic_062-053-075,train,brass,brass_acoustic_062,53,middle,75,data/raw/nsynth/extracted/nsynth-train/audio/brass_acoustic_062-053-075.wav,5305
brass_acoustic_011-053-100,train,brass,brass_acoustic_011,53,middle,100,data/raw/nsynth/extracted/nsynth-train/audio/brass_acoustic_011-053-100.wav,5305
brass_acoustic_017-053-100,train,brass,brass_acoustic_017,53,middle,100,data/raw/nsynth/extracted/nsynth-train/audio/brass_acoustic_017-053-100.wav,5305
brass_acoustic_020-053-100,train,brass,brass_acoustic_020,53,middle,100,data/raw/nsynth/extracted/nsynth-train/audio/brass_acoustic_020-053-100.wav,5305
brass_acoustic_043-053-100,train,brass,brass_acoustic_043,53,middle,100,data/raw/nsynth/extracted/nsynth-train/audio/brass_acoustic_043-053-100.wav,5305
brass_acoustic_060-053-100,train,brass,brass_acoustic_060,53,middle,100,data/raw/nsynth/extracted/nsynth-train/audio/brass_acoustic_060-053-100.wav,5305
brass_acoustic_014-053-127,train,brass,brass_acoustic_014,53,middle,127,data/raw/nsynth/extracted/nsynth-train/audio/brass_acoustic_014-053-127.wav,5305
brass_acoustic_024-053-127,train,brass,brass_acoustic_024,53,middle,127,data/raw/nsynth/extracted/nsynth-train/audio/brass_acoustic_024-053-127.wav,5305
brass_acoustic_030-053-127,train,brass,brass_acoustic_030,53,middle,127,data/raw/nsynth/extracted/nsynth-train/audio/brass_acoustic_030-053-127.wav,5305
brass_acoustic_011-054-025,train,brass,brass_acoustic_011,54,middle,25,data/raw/nsynth/extracted/nsynth-train/audio/brass_acoustic_011-054-025.wav,5305
brass_acoustic_012-054-025,train,brass,brass_acoustic_012,54,middle,25,data/raw/nsynth/extracted/nsynth-train/audio/brass_acoustic_012-054-025.wav,5305
brass_acoustic_023-054-025,train,brass,brass_acoustic_023,54,middle,25,data/raw/nsynth/extracted/nsynth-train/audio/brass_acoustic_023-054-025.wav,5305
brass_acoustic_044-054-025,train,brass,brass_acoustic_044,54,middle,25,data/raw/nsynth/extracted/nsynth-train/audio/brass_acoustic_044-054-025.wav,5305
brass_acoustic_003-054-050,train,brass,brass_acoustic_003,54,middle,50,data/raw/nsynth/extracted/nsynth-train/audio/brass_acoustic_003-054-050.wav,5305
brass_acoustic_028-054-050,train,brass,brass_acoustic_028,54,middle,50,data/raw/nsynth/extracted/nsynth-train/audio/brass_acoustic_028-054-050.wav,5305
brass_acoustic_041-054-050,train,brass,brass_acoustic_041,54,middle,50,data/raw/nsynth/extracted/nsynth-train/audio/brass_acoustic_041-054-050.wav,5305
brass_acoustic_043-054-050,train,brass,brass_acoustic_043,54,middle,50,data/raw/nsynth/extracted/nsynth-train/audio/brass_acoustic_043-054-050.wav,5305
brass_acoustic_060-054-050,train,brass,brass_acoustic_060,54,middle,50,data/raw/nsynth/extracted/nsynth-train/audio/brass_acoustic_060-054-050.wav,5305
brass_acoustic_061-054-050,train,brass,brass_acoustic_061,54,middle,50,data/raw/nsynth/extracted/nsynth-train/audio/brass_acoustic_061-054-050.wav,5305
brass_acoustic_033-054-075,train,brass,brass_acoustic_033,54,middle,75,data/raw/nsynth/extracted/nsynth-train/audio/brass_acoustic_033-054-075.wav,5305
brass_acoustic_035-054-075,train,brass,brass_acoustic_035,54,middle,75,data/raw/nsynth/extracted/nsynth-train/audio/brass_acoustic_035-054-075.wav,5305
brass_acoustic_058-054-075,train,brass,brass_acoustic_058,54,middle,75,data/raw/nsynth/extracted/nsynth-train/audio/brass_acoustic_058-054-075.wav,5305
brass_acoustic_010-054-100,train,brass,brass_acoustic_010,54,middle,100,data/raw/nsynth/extracted/nsynth-train/audio/brass_acoustic_010-054-100.wav,5305
brass_acoustic_011-054-100,train,brass,brass_acoustic_011,54,middle,100,data/raw/nsynth/extracted/nsynth-train/audio/brass_acoustic_011-054-100.wav,5305
brass_acoustic_013-054-100,train,brass,brass_acoustic_013,54,middle,100,data/raw/nsynth/extracted/nsynth-train/audio/brass_acoustic_013-054-100.wav,5305
brass_acoustic_036-054-100,train,brass,brass_acoustic_036,54,middle,100,data/raw/nsynth/extracted/nsynth-train/audio/brass_acoustic_036-054-100.wav,5305
brass_acoustic_065-054-100,train,brass,brass_acoustic_065,54,middle,100,data/raw/nsynth/extracted/nsynth-train/audio/brass_acoustic_065-054-100.wav,5305
brass_acoustic_066-054-100,train,brass,brass_acoustic_066,54,middle,100,data/raw/nsynth/extracted/nsynth-train/audio/brass_acoustic_066-054-100.wav,5305
brass_acoustic_029-054-127,train,brass,brass_acoustic_029,54,middle,127,data/raw/nsynth/extracted/nsynth-train/audio/brass_acoustic_029-054-127.wav,5305
brass_acoustic_033-054-127,train,brass,brass_acoustic_033,54,middle,127,data/raw/nsynth/extracted/nsynth-train/audio/brass_acoustic_033-054-127.wav,5305
brass_acoustic_039-054-127,train,brass,brass_acoustic_039,54,middle,127,data/raw/nsynth/extracted/nsynth-train/audio/brass_acoustic_039-054-127.wav,5305
brass_acoustic_040-054-127,train,brass,brass_acoustic_040,54,middle,127,data/raw/nsynth/extracted/nsynth-train/audio/brass_acoustic_040-054-127.wav,5305
brass_acoustic_020-055-025,train,brass,brass_acoustic_020,55,middle,25,data/raw/nsynth/extracted/nsynth-train/audio/brass_acoustic_020-055-025.wav,5305
brass_acoustic_025-055-025,train,brass,brass_acoustic_025,55,middle,25,data/raw/nsynth/extracted/nsynth-train/audio/brass_acoustic_025-055-025.wav,5305
brass_acoustic_027-055-025,train,brass,brass_acoustic_027,55,middle,25,data/raw/nsynth/extracted/nsynth-train/audio/brass_acoustic_027-055-025.wav,5305
brass_acoustic_040-055-025,train,brass,brass_acoustic_040,55,middle,25,data/raw/nsynth/extracted/nsynth-train/audio/brass_acoustic_040-055-025.wav,5305
brass_acoustic_060-055-025,train,brass,brass_acoustic_060,55,middle,25,data/raw/nsynth/extracted/nsynth-train/audio/brass_acoustic_060-055-025.wav,5305
brass_acoustic_061-055-025,train,brass,brass_acoustic_061,55,middle,25,data/raw/nsynth/extracted/nsynth-train/audio/brass_acoustic_061-055-025.wav,5305
brass_acoustic_002-055-050,train,brass,brass_acoustic_002,55,middle,50,data/raw/nsynth/extracted/nsynth-train/audio/brass_acoustic_002-055-050.wav,5305
brass_acoustic_013-055-050,train,brass,brass_acoustic_013,55,middle,50,data/raw/nsynth/extracted/nsynth-train/audio/brass_acoustic_013-055-050.wav,5305
brass_acoustic_036-055-050,train,brass,brass_acoustic_036,55,middle,50,data/raw/nsynth/extracted/nsynth-train/audio/brass_acoustic_036-055-050.wav,5305
brass_acoustic_040-055-050,train,brass,brass_acoustic_040,55,middle,50,data/raw/nsynth/extracted/nsynth-train/audio/brass_acoustic_040-055-050.wav,5305
brass_acoustic_043-055-050,train,brass,brass_acoustic_043,55,middle,50,data/raw/nsynth/extracted/nsynth-train/audio/brass_acoustic_043-055-050.wav,5305
brass_acoustic_050-055-050,train,brass,brass_acoustic_050,55,middle,50,data/raw/nsynth/extracted/nsynth-train/audio/brass_acoustic_050-055-050.wav,5305
brass_acoustic_053-055-050,train,brass,brass_acoustic_053,55,middle,50,data/raw/nsynth/extracted/nsynth-train/audio/brass_acoustic_053-055-050.wav,5305
brass_acoustic_017-055-075,train,brass,brass_acoustic_017,55,middle,75,data/raw/nsynth/extracted/nsynth-train/audio/brass_acoustic_017-055-075.wav,5305
brass_acoustic_020-055-075,train,brass,brass_acoustic_020,55,middle,75,data/raw/nsynth/extracted/nsynth-train/audio/brass_acoustic_020-055-075.wav,5305
brass_acoustic_027-055-075,train,brass,brass_acoustic_027,55,middle,75,data/raw/nsynth/extracted/nsynth-train/audio/brass_acoustic_027-055-075.wav,5305
brass_acoustic_030-055-075,train,brass,brass_acoustic_030,55,middle,75,data/raw/nsynth/extracted/nsynth-train/audio/brass_acoustic_030-055-075.wav,5305
brass_acoustic_055-055-075,train,brass,brass_acoustic_055,55,middle,75,data/raw/nsynth/extracted/nsynth-train/audio/brass_acoustic_055-055-075.wav,5305
brass_acoustic_009-055-100,train,brass,brass_acoustic_009,55,middle,100,data/raw/nsynth/extracted/nsynth-train/audio/brass_acoustic_009-055-100.wav,5305
brass_acoustic_017-055-100,train,brass,brass_acoustic_017,55,middle,100,data/raw/nsynth/extracted/nsynth-train/audio/brass_acoustic_017-055-100.wav,5305
brass_acoustic_029-055-100,train,brass,brass_acoustic_029,55,middle,100,data/raw/nsynth/extracted/nsynth-train/audio/brass_acoustic_029-055-100.wav,5305
brass_acoustic_062-055-100,train,brass,brass_acoustic_062,55,middle,100,data/raw/nsynth/extracted/nsynth-train/audio/brass_acoustic_062-055-100.wav,5305
brass_acoustic_063-055-100,train,brass,brass_acoustic_063,55,middle,100,data/raw/nsynth/extracted/nsynth-train/audio/brass_acoustic_063-055-100.wav,5305
brass_acoustic_032-055-127,train,brass,brass_acoustic_032,55,middle,127,data/raw/nsynth/extracted/nsynth-train/audio/brass_acoustic_032-055-127.wav,5305
brass_acoustic_037-055-127,train,brass,brass_acoustic_037,55,middle,127,data/raw/nsynth/extracted/nsynth-train/audio/brass_acoustic_037-055-127.wav,5305
brass_acoustic_039-055-127,train,brass,brass_acoustic_039,55,middle,127,data/raw/nsynth/extracted/nsynth-train/audio/brass_acoustic_039-055-127.wav,5305
brass_acoustic_047-055-127,train,brass,brass_acoustic_047,55,middle,127,data/raw/nsynth/extracted/nsynth-train/audio/brass_acoustic_047-055-127.wav,5305
brass_acoustic_005-056-025,train,brass,brass_acoustic_005,56,middle,25,data/raw/nsynth/extracted/nsynth-train/audio/brass_acoustic_005-056-025.wav,5305
brass_acoustic_017-056-025,train,brass,brass_acoustic_017,56,middle,25,data/raw/nsynth/extracted/nsynth-train/audio/brass_acoustic_017-056-025.wav,5305
brass_acoustic_035-056-025,train,brass,brass_acoustic_035,56,middle,25,data/raw/nsynth/extracted/nsynth-train/audio/brass_acoustic_035-056-025.wav,5305
brass_acoustic_040-056-025,train,brass,brass_acoustic_040,56,middle,25,data/raw/nsynth/extracted/nsynth-train/audio/brass_acoustic_040-056-025.wav,5305
brass_acoustic_054-056-025,train,brass,brass_acoustic_054,56,middle,25,data/raw/nsynth/extracted/nsynth-train/audio/brass_acoustic_054-056-025.wav,5305
brass_acoustic_057-056-025,train,brass,brass_acoustic_057,56,middle,25,data/raw/nsynth/extracted/nsynth-train/audio/brass_acoustic_057-056-025.wav,5305
brass_acoustic_066-056-025,train,brass,brass_acoustic_066,56,middle,25,data/raw/nsynth/extracted/nsynth-train/audio/brass_acoustic_066-056-025.wav,5305
brass_acoustic_011-056-050,train,brass,brass_acoustic_011,56,middle,50,data/raw/nsynth/extracted/nsynth-train/audio/brass_acoustic_011-056-050.wav,5305
brass_acoustic_012-056-050,train,brass,brass_acoustic_012,56,middle,50,data/raw/nsynth/extracted/nsynth-train/audio/brass_acoustic_012-056-050.wav,5305
brass_acoustic_027-056-050,train,brass,brass_acoustic_027,56,middle,50,data/raw/nsynth/extracted/nsynth-train/audio/brass_acoustic_027-056-050.wav,5305
brass_acoustic_040-056-050,train,brass,brass_acoustic_040,56,middle,50,data/raw/nsynth/extracted/nsynth-train/audio/brass_acoustic_040-056-050.wav,5305
brass_acoustic_053-056-050,train,brass,brass_acoustic_053,56,middle,50,data/raw/nsynth/extracted/nsynth-train/audio/brass_acoustic_053-056-050.wav,5305
brass_acoustic_021-056-075,train,brass,brass_acoustic_021,56,middle,75,data/raw/nsynth/extracted/nsynth-train/audio/brass_acoustic_021-056-075.wav,5305
brass_acoustic_023-056-075,train,brass,brass_acoustic_023,56,middle,75,data/raw/nsynth/extracted/nsynth-train/audio/brass_acoustic_023-056-075.wav,5305
brass_acoustic_026-056-075,train,brass,brass_acoustic_026,56,middle,75,data/raw/nsynth/extracted/nsynth-train/audio/brass_acoustic_026-056-075.wav,5305
brass_acoustic_053-056-075,train,brass,brass_acoustic_053,56,middle,75,data/raw/nsynth/extracted/nsynth-train/audio/brass_acoustic_053-056-075.wav,5305
brass_acoustic_056-056-075,train,brass,brass_acoustic_056,56,middle,75,data/raw/nsynth/extracted/nsynth-train/audio/brass_acoustic_056-056-075.wav,5305
brass_acoustic_005-056-100,train,brass,brass_acoustic_005,56,middle,100,data/raw/nsynth/extracted/nsynth-train/audio/brass_acoustic_005-056-100.wav,5305
brass_acoustic_041-056-100,train,brass,brass_acoustic_041,56,middle,100,data/raw/nsynth/extracted/nsynth-train/audio/brass_acoustic_041-056-100.wav,5305
brass_acoustic_042-056-100,train,brass,brass_acoustic_042,56,middle,100,data/raw/nsynth/extracted/nsynth-train/audio/brass_acoustic_042-056-100.wav,5305
brass_acoustic_062-056-100,train,brass,brass_acoustic_062,56,middle,100,data/raw/nsynth/extracted/nsynth-train/audio/brass_acoustic_062-056-100.wav,5305
brass_acoustic_065-056-100,train,brass,brass_acoustic_065,56,middle,100,data/raw/nsynth/extracted/nsynth-train/audio/brass_acoustic_065-056-100.wav,5305
brass_acoustic_014-056-127,train,brass,brass_acoustic_014,56,middle,127,data/raw/nsynth/extracted/nsynth-train/audio/brass_acoustic_014-056-127.wav,5305
brass_acoustic_022-056-127,train,brass,brass_acoustic_022,56,middle,127,data/raw/nsynth/extracted/nsynth-train/audio/brass_acoustic_022-056-127.wav,5305
brass_acoustic_025-056-127,train,brass,brass_acoustic_025,56,middle,127,data/raw/nsynth/extracted/nsynth-train/audio/brass_acoustic_025-056-127.wav,5305
brass_acoustic_035-056-127,train,brass,brass_acoustic_035,56,middle,127,data/raw/nsynth/extracted/nsynth-train/audio/brass_acoustic_035-056-127.wav,5305
brass_acoustic_037-056-127,train,brass,brass_acoustic_037,56,middle,127,data/raw/nsynth/extracted/nsynth-train/audio/brass_acoustic_037-056-127.wav,5305
brass_acoustic_060-056-127,train,brass,brass_acoustic_060,56,middle,127,data/raw/nsynth/extracted/nsynth-train/audio/brass_acoustic_060-056-127.wav,5305
brass_acoustic_062-056-127,train,brass,brass_acoustic_062,56,middle,127,data/raw/nsynth/extracted/nsynth-train/audio/brass_acoustic_062-056-127.wav,5305
brass_acoustic_026-057-025,train,brass,brass_acoustic_026,57,middle,25,data/raw/nsynth/extracted/nsynth-train/audio/brass_acoustic_026-057-025.wav,5305
brass_acoustic_040-057-025,train,brass,brass_acoustic_040,57,middle,25,data/raw/nsynth/extracted/nsynth-train/audio/brass_acoustic_040-057-025.wav,5305
brass_acoustic_008-057-050,train,brass,brass_acoustic_008,57,middle,50,data/raw/nsynth/extracted/nsynth-train/audio/brass_acoustic_008-057-050.wav,5305
brass_acoustic_033-057-050,train,brass,brass_acoustic_033,57,middle,50,data/raw/nsynth/extracted/nsynth-train/audio/brass_acoustic_033-057-050.wav,5305
brass_acoustic_010-057-075,train,brass,brass_acoustic_010,57,middle,75,data/raw/nsynth/extracted/nsynth-train/audio/brass_acoustic_010-057-075.wav,5305
brass_acoustic_026-057-075,train,brass,brass_acoustic_026,57,middle,75,data/raw/nsynth/extracted/nsynth-train/audio/brass_acoustic_026-057-075.wav,5305
brass_acoustic_048-057-075,train,brass,brass_acoustic_048,57,middle,75,data/raw/nsynth/extracted/nsynth-train/audio/brass_acoustic_048-057-075.wav,5305
brass_acoustic_061-057-075,train,brass,brass_acoustic_061,57,middle,75,data/raw/nsynth/extracted/nsynth-train/audio/brass_acoustic_061-057-075.wav,5305
brass_acoustic_017-057-100,train,brass,brass_acoustic_017,57,middle,100,data/raw/nsynth/extracted/nsynth-train/audio/brass_acoustic_017-057-100.wav,5305
brass_acoustic_029-057-100,train,brass,brass_acoustic_029,57,middle,100,data/raw/nsynth/extracted/nsynth-train/audio/brass_acoustic_029-057-100.wav,5305
brass_acoustic_010-057-127,train,brass,brass_acoustic_010,57,middle,127,data/raw/nsynth/extracted/nsynth-train/audio/brass_acoustic_010-057-127.wav,5305
brass_acoustic_023-057-127,train,brass,brass_acoustic_023,57,middle,127,data/raw/nsynth/extracted/nsynth-train/audio/brass_acoustic_023-057-127.wav,5305
brass_acoustic_036-057-127,train,brass,brass_acoustic_036,57,middle,127,data/raw/nsynth/extracted/nsynth-train/audio/brass_acoustic_036-057-127.wav,5305
brass_acoustic_000-058-025,train,brass,brass_acoustic_000,58,middle,25,data/raw/nsynth/extracted/nsynth-train/audio/brass_acoustic_000-058-025.wav,5305
brass_acoustic_033-058-025,train,brass,brass_acoustic_033,58,middle,25,data/raw/nsynth/extracted/nsynth-train/audio/brass_acoustic_033-058-025.wav,5305
brass_acoustic_039-058-025,train,brass,brass_acoustic_039,58,middle,25,data/raw/nsynth/extracted/nsynth-train/audio/brass_acoustic_039-058-025.wav,5305
brass_acoustic_055-058-025,train,brass,brass_acoustic_055,58,middle,25,data/raw/nsynth/extracted/nsynth-train/audio/brass_acoustic_055-058-025.wav,5305
brass_acoustic_021-058-050,train,brass,brass_acoustic_021,58,middle,50,data/raw/nsynth/extracted/nsynth-train/audio/brass_acoustic_021-058-050.wav,5305
brass_acoustic_032-058-050,train,brass,brass_acoustic_032,58,middle,50,data/raw/nsynth/extracted/nsynth-train/audio/brass_acoustic_032-058-050.wav,5305
brass_acoustic_065-058-050,train,brass,brass_acoustic_065,58,middle,50,data/raw/nsynth/extracted/nsynth-train/audio/brass_acoustic_065-058-050.wav,5305
brass_acoustic_001-058-075,train,brass,brass_acoustic_001,58,middle,75,data/raw/nsynth/extracted/nsynth-train/audio/brass_acoustic_001-058-075.wav,5305
brass_acoustic_013-058-075,train,brass,brass_acoustic_013,58,middle,75,data/raw/nsynth/extracted/nsynth-train/audio/brass_acoustic_013-058-075.wav,5305
brass_acoustic_054-058-075,train,brass,brass_acoustic_054,58,middle,75,data/raw/nsynth/extracted/nsynth-train/audio/brass_acoustic_054-058-075.wav,5305
brass_acoustic_062-058-075,train,brass,brass_acoustic_062,58,middle,75,data/raw/nsynth/extracted/nsynth-train/audio/brass_acoustic_062-058-075.wav,5305
brass_acoustic_007-058-100,train,brass,brass_acoustic_007,58,middle,100,data/raw/nsynth/extracted/nsynth-train/audio/brass_acoustic_007-058-100.wav,5305
brass_acoustic_008-058-100,train,brass,brass_acoustic_008,58,middle,100,data/raw/nsynth/extracted/nsynth-train/audio/brass_acoustic_008-058-100.wav,5305
brass_acoustic_035-058-100,train,brass,brass_acoustic_035,58,middle,100,data/raw/nsynth/extracted/nsynth-train/audio/brass_acoustic_035-058-100.wav,5305
brass_acoustic_050-058-100,train,brass,brass_acoustic_050,58,middle,100,data/raw/nsynth/extracted/nsynth-train/audio/brass_acoustic_050-058-100.wav,5305
brass_acoustic_054-058-100,train,brass,brass_acoustic_054,58,middle,100,data/raw/nsynth/extracted/nsynth-train/audio/brass_acoustic_054-058-100.wav,5305
brass_acoustic_028-058-127,train,brass,brass_acoustic_028,58,middle,127,data/raw/nsynth/extracted/nsynth-train/audio/brass_acoustic_028-058-127.wav,5305
brass_acoustic_036-058-127,train,brass,brass_acoustic_036,58,middle,127,data/raw/nsynth/extracted/nsynth-train/audio/brass_acoustic_036-058-127.wav,5305
brass_acoustic_040-058-127,train,brass,brass_acoustic_040,58,middle,127,data/raw/nsynth/extracted/nsynth-train/audio/brass_acoustic_040-058-127.wav,5305
brass_acoustic_042-058-127,train,brass,brass_acoustic_042,58,middle,127,data/raw/nsynth/extracted/nsynth-train/audio/brass_acoustic_042-058-127.wav,5305
brass_acoustic_052-058-127,train,brass,brass_acoustic_052,58,middle,127,data/raw/nsynth/extracted/nsynth-train/audio/brass_acoustic_052-058-127.wav,5305
brass_electronic_001-058-127,train,brass,brass_electronic_001,58,middle,127,data/raw/nsynth/extracted/nsynth-train/audio/brass_electronic_001-058-127.wav,5305
brass_acoustic_025-059-025,train,brass,brass_acoustic_025,59,middle,25,data/raw/nsynth/extracted/nsynth-train/audio/brass_acoustic_025-059-025.wav,5305
brass_acoustic_027-059-025,train,brass,brass_acoustic_027,59,middle,25,data/raw/nsynth/extracted/nsynth-train/audio/brass_acoustic_027-059-025.wav,5305
brass_acoustic_037-059-025,train,brass,brass_acoustic_037,59,middle,25,data/raw/nsynth/extracted/nsynth-train/audio/brass_acoustic_037-059-025.wav,5305
brass_acoustic_043-059-025,train,brass,brass_acoustic_043,59,middle,25,data/raw/nsynth/extracted/nsynth-train/audio/brass_acoustic_043-059-025.wav,5305
brass_acoustic_025-059-050,train,brass,brass_acoustic_025,59,middle,50,data/raw/nsynth/extracted/nsynth-train/audio/brass_acoustic_025-059-050.wav,5305
brass_acoustic_039-059-050,train,brass,brass_acoustic_039,59,middle,50,data/raw/nsynth/extracted/nsynth-train/audio/brass_acoustic_039-059-050.wav,5305
brass_acoustic_044-059-050,train,brass,brass_acoustic_044,59,middle,50,data/raw/nsynth/extracted/nsynth-train/audio/brass_acoustic_044-059-050.wav,5305
brass_acoustic_055-059-050,train,brass,brass_acoustic_055,59,middle,50,data/raw/nsynth/extracted/nsynth-train/audio/brass_acoustic_055-059-050.wav,5305
brass_acoustic_013-059-075,train,brass,brass_acoustic_013,59,middle,75,data/raw/nsynth/extracted/nsynth-train/audio/brass_acoustic_013-059-075.wav,5305
brass_acoustic_026-059-075,train,brass,brass_acoustic_026,59,middle,75,data/raw/nsynth/extracted/nsynth-train/audio/brass_acoustic_026-059-075.wav,5305
brass_acoustic_037-059-075,train,brass,brass_acoustic_037,59,middle,75,data/raw/nsynth/extracted/nsynth-train/audio/brass_acoustic_037-059-075.wav,5305
brass_acoustic_001-059-100,train,brass,brass_acoustic_001,59,middle,100,data/raw/nsynth/extracted/nsynth-train/audio/brass_acoustic_001-059-100.wav,5305
brass_acoustic_039-059-100,train,brass,brass_acoustic_039,59,middle,100,data/raw/nsynth/extracted/nsynth-train/audio/brass_acoustic_039-059-100.wav,5305
brass_acoustic_053-059-100,train,brass,brass_acoustic_053,59,middle,100,data/raw/nsynth/extracted/nsynth-train/audio/brass_acoustic_053-059-100.wav,5305
brass_acoustic_007-059-127,train,brass,brass_acoustic_007,59,middle,127,data/raw/nsynth/extracted/nsynth-train/audio/brass_acoustic_007-059-127.wav,5305
brass_acoustic_020-059-127,train,brass,brass_acoustic_020,59,middle,127,data/raw/nsynth/extracted/nsynth-train/audio/brass_acoustic_020-059-127.wav,5305
brass_acoustic_033-059-127,train,brass,brass_acoustic_033,59,middle,127,data/raw/nsynth/extracted/nsynth-train/audio/brass_acoustic_033-059-127.wav,5305
brass_acoustic_051-059-127,train,brass,brass_acoustic_051,59,middle,127,data/raw/nsynth/extracted/nsynth-train/audio/brass_acoustic_051-059-127.wav,5305
brass_acoustic_054-059-127,train,brass,brass_acoustic_054,59,middle,127,data/raw/nsynth/extracted/nsynth-train/audio/brass_acoustic_054-059-127.wav,5305
brass_acoustic_063-059-127,train,brass,brass_acoustic_063,59,middle,127,data/raw/nsynth/extracted/nsynth-train/audio/brass_acoustic_063-059-127.wav,5305
brass_acoustic_014-060-025,train,brass,brass_acoustic_014,60,middle,25,data/raw/nsynth/extracted/nsynth-train/audio/brass_acoustic_014-060-025.wav,5305
brass_acoustic_047-060-025,train,brass,brass_acoustic_047,60,middle,25,data/raw/nsynth/extracted/nsynth-train/audio/brass_acoustic_047-060-025.wav,5305
brass_acoustic_058-060-025,train,brass,brass_acoustic_058,60,middle,25,data/raw/nsynth/extracted/nsynth-train/audio/brass_acoustic_058-060-025.wav,5305
brass_acoustic_064-060-025,train,brass,brass_acoustic_064,60,middle,25,data/raw/nsynth/extracted/nsynth-train/audio/brass_acoustic_064-060-025.wav,5305
brass_acoustic_020-060-050,train,brass,brass_acoustic_020,60,middle,50,data/raw/nsynth/extracted/nsynth-train/audio/brass_acoustic_020-060-050.wav,5305
brass_acoustic_035-060-050,train,brass,brass_acoustic_035,60,middle,50,data/raw/nsynth/extracted/nsynth-train/audio/brass_acoustic_035-060-050.wav,5305
brass_acoustic_037-060-050,train,brass,brass_acoustic_037,60,middle,50,data/raw/nsynth/extracted/nsynth-train/audio/brass_acoustic_037-060-050.wav,5305
brass_acoustic_003-060-075,train,brass,brass_acoustic_003,60,middle,75,data/raw/nsynth/extracted/nsynth-train/audio/brass_acoustic_003-060-075.wav,5305
brass_acoustic_022-060-075,train,brass,brass_acoustic_022,60,middle,75,data/raw/nsynth/extracted/nsynth-train/audio/brass_acoustic_022-060-075.wav,5305
brass_acoustic_023-060-075,train,brass,brass_acoustic_023,60,middle,75,data/raw/nsynth/extracted/nsynth-train/audio/brass_acoustic_023-060-075.wav,5305
brass_acoustic_042-060-075,train,brass,brass_acoustic_042,60,middle,75,data/raw/nsynth/extracted/nsynth-train/audio/brass_acoustic_042-060-075.wav,5305
brass_acoustic_057-060-075,train,brass,brass_acoustic_057,60,middle,75,data/raw/nsynth/extracted/nsynth-train/audio/brass_acoustic_057-060-075.wav,5305
brass_acoustic_058-060-075,train,brass,brass_acoustic_058,60,middle,75,data/raw/nsynth/extracted/nsynth-train/audio/brass_acoustic_058-060-075.wav,5305
brass_acoustic_062-060-075,train,brass,brass_acoustic_062,60,middle,75,data/raw/nsynth/extracted/nsynth-train/audio/brass_acoustic_062-060-075.wav,5305
brass_acoustic_065-060-075,train,brass,brass_acoustic_065,60,middle,75,data/raw/nsynth/extracted/nsynth-train/audio/brass_acoustic_065-060-075.wav,5305
brass_acoustic_021-060-100,train,brass,brass_acoustic_021,60,middle,100,data/raw/nsynth/extracted/nsynth-train/audio/brass_acoustic_021-060-100.wav,5305
brass_acoustic_027-060-100,train,brass,brass_acoustic_027,60,middle,100,data/raw/nsynth/extracted/nsynth-train/audio/brass_acoustic_027-060-100.wav,5305
brass_acoustic_050-060-100,train,brass,brass_acoustic_050,60,middle,100,data/raw/nsynth/extracted/nsynth-train/audio/brass_acoustic_050-060-100.wav,5305
brass_acoustic_064-060-100,train,brass,brass_acoustic_064,60,middle,100,data/raw/nsynth/extracted/nsynth-train/audio/brass_acoustic_064-060-100.wav,5305
brass_acoustic_001-060-127,train,brass,brass_acoustic_001,60,middle,127,data/raw/nsynth/extracted/nsynth-train/audio/brass_acoustic_001-060-127.wav,5305
brass_acoustic_009-060-127,train,brass,brass_acoustic_009,60,middle,127,data/raw/nsynth/extracted/nsynth-train/audio/brass_acoustic_009-060-127.wav,5305
brass_acoustic_065-060-127,train,brass,brass_acoustic_065,60,middle,127,data/raw/nsynth/extracted/nsynth-train/audio/brass_acoustic_065-060-127.wav,5305
brass_acoustic_001-061-025,train,brass,brass_acoustic_001,61,upper,25,data/raw/nsynth/extracted/nsynth-train/audio/brass_acoustic_001-061-025.wav,5305
brass_acoustic_008-061-025,train,brass,brass_acoustic_008,61,upper,25,data/raw/nsynth/extracted/nsynth-train/audio/brass_acoustic_008-061-025.wav,5305
brass_acoustic_033-061-025,train,brass,brass_acoustic_033,61,upper,25,data/raw/nsynth/extracted/nsynth-train/audio/brass_acoustic_033-061-025.wav,5305
brass_acoustic_038-061-025,train,brass,brass_acoustic_038,61,upper,25,data/raw/nsynth/extracted/nsynth-train/audio/brass_acoustic_038-061-025.wav,5305
brass_acoustic_045-061-025,train,brass,brass_acoustic_045,61,upper,25,data/raw/nsynth/extracted/nsynth-train/audio/brass_acoustic_045-061-025.wav,5305
brass_acoustic_054-061-025,train,brass,brass_acoustic_054,61,upper,25,data/raw/nsynth/extracted/nsynth-train/audio/brass_acoustic_054-061-025.wav,5305
brass_acoustic_013-061-050,train,brass,brass_acoustic_013,61,upper,50,data/raw/nsynth/extracted/nsynth-train/audio/brass_acoustic_013-061-050.wav,5305
brass_acoustic_025-061-050,train,brass,brass_acoustic_025,61,upper,50,data/raw/nsynth/extracted/nsynth-train/audio/brass_acoustic_025-061-050.wav,5305
brass_acoustic_037-061-050,train,brass,brass_acoustic_037,61,upper,50,data/raw/nsynth/extracted/nsynth-train/audio/brass_acoustic_037-061-050.wav,5305
brass_acoustic_044-061-050,train,brass,brass_acoustic_044,61,upper,50,data/raw/nsynth/extracted/nsynth-train/audio/brass_acoustic_044-061-050.wav,5305
brass_acoustic_003-061-075,train,brass,brass_acoustic_003,61,upper,75,data/raw/nsynth/extracted/nsynth-train/audio/brass_acoustic_003-061-075.wav,5305
brass_acoustic_004-061-075,train,brass,brass_acoustic_004,61,upper,75,data/raw/nsynth/extracted/nsynth-train/audio/brass_acoustic_004-061-075.wav,5305
brass_acoustic_012-061-075,train,brass,brass_acoustic_012,61,upper,75,data/raw/nsynth/extracted/nsynth-train/audio/brass_acoustic_012-061-075.wav,5305
brass_acoustic_017-061-075,train,brass,brass_acoustic_017,61,upper,75,data/raw/nsynth/extracted/nsynth-train/audio/brass_acoustic_017-061-075.wav,5305
brass_acoustic_021-061-075,train,brass,brass_acoustic_021,61,upper,75,data/raw/nsynth/extracted/nsynth-train/audio/brass_acoustic_021-061-075.wav,5305
brass_acoustic_030-061-075,train,brass,brass_acoustic_030,61,upper,75,data/raw/nsynth/extracted/nsynth-train/audio/brass_acoustic_030-061-075.wav,5305
brass_acoustic_031-061-075,train,brass,brass_acoustic_031,61,upper,75,data/raw/nsynth/extracted/nsynth-train/audio/brass_acoustic_031-061-075.wav,5305
brass_acoustic_050-061-075,train,brass,brass_acoustic_050,61,upper,75,data/raw/nsynth/extracted/nsynth-train/audio/brass_acoustic_050-061-075.wav,5305
brass_acoustic_053-061-075,train,brass,brass_acoustic_053,61,upper,75,data/raw/nsynth/extracted/nsynth-train/audio/brass_acoustic_053-061-075.wav,5305
brass_acoustic_056-061-075,train,brass,brass_acoustic_056,61,upper,75,data/raw/nsynth/extracted/nsynth-train/audio/brass_acoustic_056-061-075.wav,5305
brass_acoustic_027-061-100,train,brass,brass_acoustic_027,61,upper,100,data/raw/nsynth/extracted/nsynth-train/audio/brass_acoustic_027-061-100.wav,5305
brass_acoustic_029-061-100,train,brass,brass_acoustic_029,61,upper,100,data/raw/nsynth/extracted/nsynth-train/audio/brass_acoustic_029-061-100.wav,5305
brass_acoustic_030-061-100,train,brass,brass_acoustic_030,61,upper,100,data/raw/nsynth/extracted/nsynth-train/audio/brass_acoustic_030-061-100.wav,5305
brass_acoustic_031-061-100,train,brass,brass_acoustic_031,61,upper,100,data/raw/nsynth/extracted/nsynth-train/audio/brass_acoustic_031-061-100.wav,5305
brass_acoustic_045-061-100,train,brass,brass_acoustic_045,61,upper,100,data/raw/nsynth/extracted/nsynth-train/audio/brass_acoustic_045-061-100.wav,5305
brass_acoustic_057-061-100,train,brass,brass_acoustic_057,61,upper,100,data/raw/nsynth/extracted/nsynth-train/audio/brass_acoustic_057-061-100.wav,5305
brass_acoustic_001-061-127,train,brass,brass_acoustic_001,61,upper,127,data/raw/nsynth/extracted/nsynth-train/audio/brass_acoustic_001-061-127.wav,5305
brass_acoustic_004-061-127,train,brass,brass_acoustic_004,61,upper,127,data/raw/nsynth/extracted/nsynth-train/audio/brass_acoustic_004-061-127.wav,5305
brass_acoustic_054-061-127,train,brass,brass_acoustic_054,61,upper,127,data/raw/nsynth/extracted/nsynth-train/audio/brass_acoustic_054-061-127.wav,5305
brass_acoustic_055-061-127,train,brass,brass_acoustic_055,61,upper,127,data/raw/nsynth/extracted/nsynth-train/audio/brass_acoustic_055-061-127.wav,5305
brass_acoustic_058-061-127,train,brass,brass_acoustic_058,61,upper,127,data/raw/nsynth/extracted/nsynth-train/audio/brass_acoustic_058-061-127.wav,5305
brass_acoustic_020-062-025,train,brass,brass_acoustic_020,62,upper,25,data/raw/nsynth/extracted/nsynth-train/audio/brass_acoustic_020-062-025.wav,5305
brass_acoustic_033-062-025,train,brass,brass_acoustic_033,62,upper,25,data/raw/nsynth/extracted/nsynth-train/audio/brass_acoustic_033-062-025.wav,5305
brass_acoustic_040-062-025,train,brass,brass_acoustic_040,62,upper,25,data/raw/nsynth/extracted/nsynth-train/audio/brass_acoustic_040-062-025.wav,5305
brass_acoustic_041-062-025,train,brass,brass_acoustic_041,62,upper,25,data/raw/nsynth/extracted/nsynth-train/audio/brass_acoustic_041-062-025.wav,5305
brass_acoustic_043-062-025,train,brass,brass_acoustic_043,62,upper,25,data/raw/nsynth/extracted/nsynth-train/audio/brass_acoustic_043-062-025.wav,5305
brass_acoustic_027-062-050,train,brass,brass_acoustic_027,62,upper,50,data/raw/nsynth/extracted/nsynth-train/audio/brass_acoustic_027-062-050.wav,5305
brass_acoustic_031-062-050,train,brass,brass_acoustic_031,62,upper,50,data/raw/nsynth/extracted/nsynth-train/audio/brass_acoustic_031-062-050.wav,5305
brass_acoustic_032-062-050,train,brass,brass_acoustic_032,62,upper,50,data/raw/nsynth/extracted/nsynth-train/audio/brass_acoustic_032-062-050.wav,5305
brass_acoustic_034-062-050,train,brass,brass_acoustic_034,62,upper,50,data/raw/nsynth/extracted/nsynth-train/audio/brass_acoustic_034-062-050.wav,5305
brass_acoustic_044-062-050,train,brass,brass_acoustic_044,62,upper,50,data/raw/nsynth/extracted/nsynth-train/audio/brass_acoustic_044-062-050.wav,5305
brass_acoustic_005-062-075,train,brass,brass_acoustic_005,62,upper,75,data/raw/nsynth/extracted/nsynth-train/audio/brass_acoustic_005-062-075.wav,5305
brass_acoustic_010-062-075,train,brass,brass_acoustic_010,62,upper,75,data/raw/nsynth/extracted/nsynth-train/audio/brass_acoustic_010-062-075.wav,5305
brass_acoustic_014-062-075,train,brass,brass_acoustic_014,62,upper,75,data/raw/nsynth/extracted/nsynth-train/audio/brass_acoustic_014-062-075.wav,5305
brass_acoustic_035-062-075,train,brass,brass_acoustic_035,62,upper,75,data/raw/nsynth/extracted/nsynth-train/audio/brass_acoustic_035-062-075.wav,5305
brass_acoustic_062-062-075,train,brass,brass_acoustic_062,62,upper,75,data/raw/nsynth/extracted/nsynth-train/audio/brass_acoustic_062-062-075.wav,5305
brass_acoustic_013-062-100,train,brass,brass_acoustic_013,62,upper,100,data/raw/nsynth/extracted/nsynth-train/audio/brass_acoustic_013-062-100.wav,5305
brass_acoustic_049-062-100,train,brass,brass_acoustic_049,62,upper,100,data/raw/nsynth/extracted/nsynth-train/audio/brass_acoustic_049-062-100.wav,5305
brass_acoustic_054-062-100,train,brass,brass_acoustic_054,62,upper,100,data/raw/nsynth/extracted/nsynth-train/audio/brass_acoustic_054-062-100.wav,5305
brass_acoustic_064-062-100,train,brass,brass_acoustic_064,62,upper,100,data/raw/nsynth/extracted/nsynth-train/audio/brass_acoustic_064-062-100.wav,5305
brass_acoustic_017-062-127,train,brass,brass_acoustic_017,62,upper,127,data/raw/nsynth/extracted/nsynth-train/audio/brass_acoustic_017-062-127.wav,5305
brass_acoustic_027-062-127,train,brass,brass_acoustic_027,62,upper,127,data/raw/nsynth/extracted/nsynth-train/audio/brass_acoustic_027-062-127.wav,5305
brass_acoustic_035-062-127,train,brass,brass_acoustic_035,62,upper,127,data/raw/nsynth/extracted/nsynth-train/audio/brass_acoustic_035-062-127.wav,5305
brass_acoustic_037-062-127,train,brass,brass_acoustic_037,62,upper,127,data/raw/nsynth/extracted/nsynth-train/audio/brass_acoustic_037-062-127.wav,5305
brass_acoustic_054-062-127,train,brass,brass_acoustic_054,62,upper,127,data/raw/nsynth/extracted/nsynth-train/audio/brass_acoustic_054-062-127.wav,5305
brass_acoustic_057-062-127,train,brass,brass_acoustic_057,62,upper,127,data/raw/nsynth/extracted/nsynth-train/audio/brass_acoustic_057-062-127.wav,5305
brass_acoustic_058-062-127,train,brass,brass_acoustic_058,62,upper,127,data/raw/nsynth/extracted/nsynth-train/audio/brass_acoustic_058-062-127.wav,5305
brass_acoustic_007-063-025,train,brass,brass_acoustic_007,63,upper,25,data/raw/nsynth/extracted/nsynth-train/audio/brass_acoustic_007-063-025.wav,5305
brass_acoustic_010-063-025,train,brass,brass_acoustic_010,63,upper,25,data/raw/nsynth/extracted/nsynth-train/audio/brass_acoustic_010-063-025.wav,5305
brass_acoustic_027-063-025,train,brass,brass_acoustic_027,63,upper,25,data/raw/nsynth/extracted/nsynth-train/audio/brass_acoustic_027-063-025.wav,5305
brass_acoustic_061-063-025,train,brass,brass_acoustic_061,63,upper,25,data/raw/nsynth/extracted/nsynth-train/audio/brass_acoustic_061-063-025.wav,5305
brass_acoustic_005-063-050,train,brass,brass_acoustic_005,63,upper,50,data/raw/nsynth/extracted/nsynth-train/audio/brass_acoustic_005-063-050.wav,5305
brass_acoustic_017-063-050,train,brass,brass_acoustic_017,63,upper,50,data/raw/nsynth/extracted/nsynth-train/audio/brass_acoustic_017-063-050.wav,5305
brass_acoustic_018-063-050,train,brass,brass_acoustic_018,63,upper,50,data/raw/nsynth/extracted/nsynth-train/audio/brass_acoustic_018-063-050.wav,5305
brass_acoustic_025-063-050,train,brass,brass_acoustic_025,63,upper,50,data/raw/nsynth/extracted/nsynth-train/audio/brass_acoustic_025-063-050.wav,5305
brass_acoustic_031-063-050,train,brass,brass_acoustic_031,63,upper,50,data/raw/nsynth/extracted/nsynth-train/audio/brass_acoustic_031-063-050.wav,5305
brass_acoustic_051-063-050,train,brass,brass_acoustic_051,63,upper,50,data/raw/nsynth/extracted/nsynth-train/audio/brass_acoustic_051-063-050.wav,5305
brass_acoustic_062-063-050,train,brass,brass_acoustic_062,63,upper,50,data/raw/nsynth/extracted/nsynth-train/audio/brass_acoustic_062-063-050.wav,5305
brass_acoustic_014-063-075,train,brass,brass_acoustic_014,63,upper,75,data/raw/nsynth/extracted/nsynth-train/audio/brass_acoustic_014-063-075.wav,5305
brass_acoustic_044-063-075,train,brass,brass_acoustic_044,63,upper,75,data/raw/nsynth/extracted/nsynth-train/audio/brass_acoustic_044-063-075.wav,5305
brass_acoustic_029-063-100,train,brass,brass_acoustic_029,63,upper,100,data/raw/nsynth/extracted/nsynth-train/audio/brass_acoustic_029-063-100.wav,5305
brass_acoustic_039-063-100,train,brass,brass_acoustic_039,63,upper,100,data/raw/nsynth/extracted/nsynth-train/audio/brass_acoustic_039-063-100.wav,5305
brass_acoustic_051-063-127,train,brass,brass_acoustic_051,63,upper,127,data/raw/nsynth/extracted/nsynth-train/audio/brass_acoustic_051-063-127.wav,5305
brass_acoustic_066-063-127,train,brass,brass_acoustic_066,63,upper,127,data/raw/nsynth/extracted/nsynth-train/audio/brass_acoustic_066-063-127.wav,5305
brass_acoustic_023-064-025,train,brass,brass_acoustic_023,64,upper,25,data/raw/nsynth/extracted/nsynth-train/audio/brass_acoustic_023-064-025.wav,5305
brass_acoustic_047-064-025,train,brass,brass_acoustic_047,64,upper,25,data/raw/nsynth/extracted/nsynth-train/audio/brass_acoustic_047-064-025.wav,5305
brass_acoustic_049-064-025,train,brass,brass_acoustic_049,64,upper,25,data/raw/nsynth/extracted/nsynth-train/audio/brass_acoustic_049-064-025.wav,5305
brass_acoustic_050-064-025,train,brass,brass_acoustic_050,64,upper,25,data/raw/nsynth/extracted/nsynth-train/audio/brass_acoustic_050-064-025.wav,5305
brass_acoustic_056-064-025,train,brass,brass_acoustic_056,64,upper,25,data/raw/nsynth/extracted/nsynth-train/audio/brass_acoustic_056-064-025.wav,5305
brass_acoustic_060-064-025,train,brass,brass_acoustic_060,64,upper,25,data/raw/nsynth/extracted/nsynth-train/audio/brass_acoustic_060-064-025.wav,5305
brass_acoustic_011-064-050,train,brass,brass_acoustic_011,64,upper,50,data/raw/nsynth/extracted/nsynth-train/audio/brass_acoustic_011-064-050.wav,5305
brass_acoustic_023-064-050,train,brass,brass_acoustic_023,64,upper,50,data/raw/nsynth/extracted/nsynth-train/audio/brass_acoustic_023-064-050.wav,5305
brass_acoustic_051-064-050,train,brass,brass_acoustic_051,64,upper,50,data/raw/nsynth/extracted/nsynth-train/audio/brass_acoustic_051-064-050.wav,5305
brass_acoustic_017-064-075,train,brass,brass_acoustic_017,64,upper,75,data/raw/nsynth/extracted/nsynth-train/audio/brass_acoustic_017-064-075.wav,5305
brass_acoustic_022-064-075,train,brass,brass_acoustic_022,64,upper,75,data/raw/nsynth/extracted/nsynth-train/audio/brass_acoustic_022-064-075.wav,5305
brass_acoustic_024-064-075,train,brass,brass_acoustic_024,64,upper,75,data/raw/nsynth/extracted/nsynth-train/audio/brass_acoustic_024-064-075.wav,5305
brass_acoustic_036-064-075,train,brass,brass_acoustic_036,64,upper,75,data/raw/nsynth/extracted/nsynth-train/audio/brass_acoustic_036-064-075.wav,5305
brass_acoustic_058-064-075,train,brass,brass_acoustic_058,64,upper,75,data/raw/nsynth/extracted/nsynth-train/audio/brass_acoustic_058-064-075.wav,5305
brass_acoustic_060-064-075,train,brass,brass_acoustic_060,64,upper,75,data/raw/nsynth/extracted/nsynth-train/audio/brass_acoustic_060-064-075.wav,5305
brass_acoustic_062-064-075,train,brass,brass_acoustic_062,64,upper,75,data/raw/nsynth/extracted/nsynth-train/audio/brass_acoustic_062-064-075.wav,5305
brass_acoustic_063-064-075,train,brass,brass_acoustic_063,64,upper,75,data/raw/nsynth/extracted/nsynth-train/audio/brass_acoustic_063-064-075.wav,5305
brass_acoustic_013-064-100,train,brass,brass_acoustic_013,64,upper,100,data/raw/nsynth/extracted/nsynth-train/audio/brass_acoustic_013-064-100.wav,5305
brass_acoustic_018-064-100,train,brass,brass_acoustic_018,64,upper,100,data/raw/nsynth/extracted/nsynth-train/audio/brass_acoustic_018-064-100.wav,5305
brass_acoustic_026-064-100,train,brass,brass_acoustic_026,64,upper,100,data/raw/nsynth/extracted/nsynth-train/audio/brass_acoustic_026-064-100.wav,5305
brass_acoustic_044-064-100,train,brass,brass_acoustic_044,64,upper,100,data/raw/nsynth/extracted/nsynth-train/audio/brass_acoustic_044-064-100.wav,5305
brass_acoustic_062-064-100,train,brass,brass_acoustic_062,64,upper,100,data/raw/nsynth/extracted/nsynth-train/audio/brass_acoustic_062-064-100.wav,5305
brass_acoustic_063-064-100,train,brass,brass_acoustic_063,64,upper,100,data/raw/nsynth/extracted/nsynth-train/audio/brass_acoustic_063-064-100.wav,5305
brass_acoustic_007-064-127,train,brass,brass_acoustic_007,64,upper,127,data/raw/nsynth/extracted/nsynth-train/audio/brass_acoustic_007-064-127.wav,5305
brass_acoustic_014-064-127,train,brass,brass_acoustic_014,64,upper,127,data/raw/nsynth/extracted/nsynth-train/audio/brass_acoustic_014-064-127.wav,5305
brass_acoustic_028-064-127,train,brass,brass_acoustic_028,64,upper,127,data/raw/nsynth/extracted/nsynth-train/audio/brass_acoustic_028-064-127.wav,5305
brass_acoustic_029-064-127,train,brass,brass_acoustic_029,64,upper,127,data/raw/nsynth/extracted/nsynth-train/audio/brass_acoustic_029-064-127.wav,5305
brass_acoustic_062-064-127,train,brass,brass_acoustic_062,64,upper,127,data/raw/nsynth/extracted/nsynth-train/audio/brass_acoustic_062-064-127.wav,5305
brass_acoustic_005-065-025,train,brass,brass_acoustic_005,65,upper,25,data/raw/nsynth/extracted/nsynth-train/audio/brass_acoustic_005-065-025.wav,5305
brass_acoustic_028-065-025,train,brass,brass_acoustic_028,65,upper,25,data/raw/nsynth/extracted/nsynth-train/audio/brass_acoustic_028-065-025.wav,5305
brass_acoustic_042-065-025,train,brass,brass_acoustic_042,65,upper,25,data/raw/nsynth/extracted/nsynth-train/audio/brass_acoustic_042-065-025.wav,5305
brass_acoustic_056-065-025,train,brass,brass_acoustic_056,65,upper,25,data/raw/nsynth/extracted/nsynth-train/audio/brass_acoustic_056-065-025.wav,5305
brass_acoustic_005-065-050,train,brass,brass_acoustic_005,65,upper,50,data/raw/nsynth/extracted/nsynth-train/audio/brass_acoustic_005-065-050.wav,5305
brass_acoustic_032-065-050,train,brass,brass_acoustic_032,65,upper,50,data/raw/nsynth/extracted/nsynth-train/audio/brass_acoustic_032-065-050.wav,5305
brass_acoustic_033-065-050,train,brass,brass_acoustic_033,65,upper,50,data/raw/nsynth/extracted/nsynth-train/audio/brass_acoustic_033-065-050.wav,5305
brass_acoustic_044-065-050,train,brass,brass_acoustic_044,65,upper,50,data/raw/nsynth/extracted/nsynth-train/audio/brass_acoustic_044-065-050.wav,5305
brass_acoustic_061-065-050,train,brass,brass_acoustic_061,65,upper,50,data/raw/nsynth/extracted/nsynth-train/audio/brass_acoustic_061-065-050.wav,5305
brass_acoustic_065-065-050,train,brass,brass_acoustic_065,65,upper,50,data/raw/nsynth/extracted/nsynth-train/audio/brass_acoustic_065-065-050.wav,5305
brass_acoustic_022-065-075,train,brass,brass_acoustic_022,65,upper,75,data/raw/nsynth/extracted/nsynth-train/audio/brass_acoustic_022-065-075.wav,5305
brass_acoustic_047-065-075,train,brass,brass_acoustic_047,65,upper,75,data/raw/nsynth/extracted/nsynth-train/audio/brass_acoustic_047-065-075.wav,5305
brass_acoustic_007-065-100,train,brass,brass_acoustic_007,65,upper,100,data/raw/nsynth/extracted/nsynth-train/audio/brass_acoustic_007-065-100.wav,5305
brass_acoustic_022-065-100,train,brass,brass_acoustic_022,65,upper,100,data/raw/nsynth/extracted/nsynth-train/audio/brass_acoustic_022-065-100.wav,5305
brass_acoustic_023-065-100,train,brass,brass_acoustic_023,65,upper,100,data/raw/nsynth/extracted/nsynth-train/audio/brass_acoustic_023-065-100.wav,5305
brass_acoustic_027-065-100,train,brass,brass_acoustic_027,65,upper,100,data/raw/nsynth/extracted/nsynth-train/audio/brass_acoustic_027-065-100.wav,5305
brass_acoustic_061-065-100,train,brass,brass_acoustic_061,65,upper,100,data/raw/nsynth/extracted/nsynth-train/audio/brass_acoustic_061-065-100.wav,5305
brass_acoustic_066-065-100,train,brass,brass_acoustic_066,65,upper,100,data/raw/nsynth/extracted/nsynth-train/audio/brass_acoustic_066-065-100.wav,5305
brass_acoustic_004-065-127,train,brass,brass_acoustic_004,65,upper,127,data/raw/nsynth/extracted/nsynth-train/audio/brass_acoustic_004-065-127.wav,5305
brass_acoustic_020-065-127,train,brass,brass_acoustic_020,65,upper,127,data/raw/nsynth/extracted/nsynth-train/audio/brass_acoustic_020-065-127.wav,5305
brass_acoustic_041-065-127,train,brass,brass_acoustic_041,65,upper,127,data/raw/nsynth/extracted/nsynth-train/audio/brass_acoustic_041-065-127.wav,5305
brass_acoustic_039-066-025,train,brass,brass_acoustic_039,66,upper,25,data/raw/nsynth/extracted/nsynth-train/audio/brass_acoustic_039-066-025.wav,5305
brass_acoustic_042-066-025,train,brass,brass_acoustic_042,66,upper,25,data/raw/nsynth/extracted/nsynth-train/audio/brass_acoustic_042-066-025.wav,5305
brass_acoustic_064-066-025,train,brass,brass_acoustic_064,66,upper,25,data/raw/nsynth/extracted/nsynth-train/audio/brass_acoustic_064-066-025.wav,5305
brass_acoustic_066-066-025,train,brass,brass_acoustic_066,66,upper,25,data/raw/nsynth/extracted/nsynth-train/audio/brass_acoustic_066-066-025.wav,5305
brass_acoustic_002-066-050,train,brass,brass_acoustic_002,66,upper,50,data/raw/nsynth/extracted/nsynth-train/audio/brass_acoustic_002-066-050.wav,5305
brass_acoustic_014-066-050,train,brass,brass_acoustic_014,66,upper,50,data/raw/nsynth/extracted/nsynth-train/audio/brass_acoustic_014-066-050.wav,5305
brass_acoustic_054-066-050,train,brass,brass_acoustic_054,66,upper,50,data/raw/nsynth/extracted/nsynth-train/audio/brass_acoustic_054-066-050.wav,5305
brass_acoustic_064-066-050,train,brass,brass_acoustic_064,66,upper,50,data/raw/nsynth/extracted/nsynth-train/audio/brass_acoustic_064-066-050.wav,5305
brass_acoustic_017-066-075,train,brass,brass_acoustic_017,66,upper,75,data/raw/nsynth/extracted/nsynth-train/audio/brass_acoustic_017-066-075.wav,5305
brass_acoustic_031-066-075,train,brass,brass_acoustic_031,66,upper,75,data/raw/nsynth/extracted/nsynth-train/audio/brass_acoustic_031-066-075.wav,5305
brass_acoustic_038-066-075,train,brass,brass_acoustic_038,66,upper,75,data/raw/nsynth/extracted/nsynth-train/audio/brass_acoustic_038-066-075.wav,5305
brass_acoustic_066-066-075,train,brass,brass_acoustic_066,66,upper,75,data/raw/nsynth/extracted/nsynth-train/audio/brass_acoustic_066-066-075.wav,5305
brass_acoustic_007-066-100,train,brass,brass_acoustic_007,66,upper,100,data/raw/nsynth/extracted/nsynth-train/audio/brass_acoustic_007-066-100.wav,5305
brass_acoustic_029-066-100,train,brass,brass_acoustic_029,66,upper,100,data/raw/nsynth/extracted/nsynth-train/audio/brass_acoustic_029-066-100.wav,5305
brass_acoustic_032-066-100,train,brass,brass_acoustic_032,66,upper,100,data/raw/nsynth/extracted/nsynth-train/audio/brass_acoustic_032-066-100.wav,5305
brass_acoustic_033-066-100,train,brass,brass_acoustic_033,66,upper,100,data/raw/nsynth/extracted/nsynth-train/audio/brass_acoustic_033-066-100.wav,5305
brass_acoustic_044-066-100,train,brass,brass_acoustic_044,66,upper,100,data/raw/nsynth/extracted/nsynth-train/audio/brass_acoustic_044-066-100.wav,5305
brass_acoustic_025-066-127,train,brass,brass_acoustic_025,66,upper,127,data/raw/nsynth/extracted/nsynth-train/audio/brass_acoustic_025-066-127.wav,5305
brass_acoustic_028-066-127,train,brass,brass_acoustic_028,66,upper,127,data/raw/nsynth/extracted/nsynth-train/audio/brass_acoustic_028-066-127.wav,5305
brass_acoustic_029-066-127,train,brass,brass_acoustic_029,66,upper,127,data/raw/nsynth/extracted/nsynth-train/audio/brass_acoustic_029-066-127.wav,5305
brass_acoustic_054-066-127,train,brass,brass_acoustic_054,66,upper,127,data/raw/nsynth/extracted/nsynth-train/audio/brass_acoustic_054-066-127.wav,5305
brass_acoustic_062-066-127,train,brass,brass_acoustic_062,66,upper,127,data/raw/nsynth/extracted/nsynth-train/audio/brass_acoustic_062-066-127.wav,5305
brass_acoustic_064-066-127,train,brass,brass_acoustic_064,66,upper,127,data/raw/nsynth/extracted/nsynth-train/audio/brass_acoustic_064-066-127.wav,5305
brass_acoustic_014-067-025,train,brass,brass_acoustic_014,67,upper,25,data/raw/nsynth/extracted/nsynth-train/audio/brass_acoustic_014-067-025.wav,5305
brass_acoustic_028-067-025,train,brass,brass_acoustic_028,67,upper,25,data/raw/nsynth/extracted/nsynth-train/audio/brass_acoustic_028-067-025.wav,5305
brass_acoustic_052-067-025,train,brass,brass_acoustic_052,67,upper,25,data/raw/nsynth/extracted/nsynth-train/audio/brass_acoustic_052-067-025.wav,5305
brass_acoustic_002-067-050,train,brass,brass_acoustic_002,67,upper,50,data/raw/nsynth/extracted/nsynth-train/audio/brass_acoustic_002-067-050.wav,5305
brass_acoustic_017-067-050,train,brass,brass_acoustic_017,67,upper,50,data/raw/nsynth/extracted/nsynth-train/audio/brass_acoustic_017-067-050.wav,5305
brass_acoustic_024-067-050,train,brass,brass_acoustic_024,67,upper,50,data/raw/nsynth/extracted/nsynth-train/audio/brass_acoustic_024-067-050.wav,5305
brass_acoustic_057-067-050,train,brass,brass_acoustic_057,67,upper,50,data/raw/nsynth/extracted/nsynth-train/audio/brass_acoustic_057-067-050.wav,5305
brass_acoustic_004-067-075,train,brass,brass_acoustic_004,67,upper,75,data/raw/nsynth/extracted/nsynth-train/audio/brass_acoustic_004-067-075.wav,5305
brass_acoustic_014-067-100,train,brass,brass_acoustic_014,67,upper,100,data/raw/nsynth/extracted/nsynth-train/audio/brass_acoustic_014-067-100.wav,5305
brass_acoustic_021-067-100,train,brass,brass_acoustic_021,67,upper,100,data/raw/nsynth/extracted/nsynth-train/audio/brass_acoustic_021-067-100.wav,5305
brass_acoustic_024-067-100,train,brass,brass_acoustic_024,67,upper,100,data/raw/nsynth/extracted/nsynth-train/audio/brass_acoustic_024-067-100.wav,5305
brass_acoustic_029-067-100,train,brass,brass_acoustic_029,67,upper,100,data/raw/nsynth/extracted/nsynth-train/audio/brass_acoustic_029-067-100.wav,5305
brass_acoustic_041-067-100,train,brass,brass_acoustic_041,67,upper,100,data/raw/nsynth/extracted/nsynth-train/audio/brass_acoustic_041-067-100.wav,5305
brass_acoustic_021-067-127,train,brass,brass_acoustic_021,67,upper,127,data/raw/nsynth/extracted/nsynth-train/audio/brass_acoustic_021-067-127.wav,5305
brass_acoustic_030-067-127,train,brass,brass_acoustic_030,67,upper,127,data/raw/nsynth/extracted/nsynth-train/audio/brass_acoustic_030-067-127.wav,5305
brass_acoustic_064-067-127,train,brass,brass_acoustic_064,67,upper,127,data/raw/nsynth/extracted/nsynth-train/audio/brass_acoustic_064-067-127.wav,5305
brass_acoustic_036-068-025,train,brass,brass_acoustic_036,68,upper,25,data/raw/nsynth/extracted/nsynth-train/audio/brass_acoustic_036-068-025.wav,5305
brass_acoustic_041-068-025,train,brass,brass_acoustic_041,68,upper,25,data/raw/nsynth/extracted/nsynth-train/audio/brass_acoustic_041-068-025.wav,5305
brass_acoustic_051-068-025,train,brass,brass_acoustic_051,68,upper,25,data/raw/nsynth/extracted/nsynth-train/audio/brass_acoustic_051-068-025.wav,5305
brass_acoustic_007-068-050,train,brass,brass_acoustic_007,68,upper,50,data/raw/nsynth/extracted/nsynth-train/audio/brass_acoustic_007-068-050.wav,5305
brass_acoustic_035-068-050,train,brass,brass_acoustic_035,68,upper,50,data/raw/nsynth/extracted/nsynth-train/audio/brass_acoustic_035-068-050.wav,5305
brass_acoustic_023-068-075,train,brass,brass_acoustic_023,68,upper,75,data/raw/nsynth/extracted/nsynth-train/audio/brass_acoustic_023-068-075.wav,5305
brass_acoustic_047-068-075,train,brass,brass_acoustic_047,68,upper,75,data/raw/nsynth/extracted/nsynth-train/audio/brass_acoustic_047-068-075.wav,5305
brass_acoustic_009-068-100,train,brass,brass_acoustic_009,68,upper,100,data/raw/nsynth/extracted/nsynth-train/audio/brass_acoustic_009-068-100.wav,5305
brass_acoustic_022-068-100,train,brass,brass_acoustic_022,68,upper,100,data/raw/nsynth/extracted/nsynth-train/audio/brass_acoustic_022-068-100.wav,5305
brass_acoustic_050-068-100,train,brass,brass_acoustic_050,68,upper,100,data/raw/nsynth/extracted/nsynth-train/audio/brass_acoustic_050-068-100.wav,5305
brass_acoustic_007-068-127,train,brass,brass_acoustic_007,68,upper,127,data/raw/nsynth/extracted/nsynth-train/audio/brass_acoustic_007-068-127.wav,5305
brass_acoustic_024-068-127,train,brass,brass_acoustic_024,68,upper,127,data/raw/nsynth/extracted/nsynth-train/audio/brass_acoustic_024-068-127.wav,5305
brass_acoustic_041-068-127,train,brass,brass_acoustic_041,68,upper,127,data/raw/nsynth/extracted/nsynth-train/audio/brass_acoustic_041-068-127.wav,5305
brass_acoustic_066-068-127,train,brass,brass_acoustic_066,68,upper,127,data/raw/nsynth/extracted/nsynth-train/audio/brass_acoustic_066-068-127.wav,5305
brass_acoustic_004-069-025,train,brass,brass_acoustic_004,69,upper,25,data/raw/nsynth/extracted/nsynth-train/audio/brass_acoustic_004-069-025.wav,5305
brass_acoustic_017-069-025,train,brass,brass_acoustic_017,69,upper,25,data/raw/nsynth/extracted/nsynth-train/audio/brass_acoustic_017-069-025.wav,5305
brass_acoustic_021-069-025,train,brass,brass_acoustic_021,69,upper,25,data/raw/nsynth/extracted/nsynth-train/audio/brass_acoustic_021-069-025.wav,5305
brass_acoustic_027-069-025,train,brass,brass_acoustic_027,69,upper,25,data/raw/nsynth/extracted/nsynth-train/audio/brass_acoustic_027-069-025.wav,5305
brass_acoustic_063-069-025,train,brass,brass_acoustic_063,69,upper,25,data/raw/nsynth/extracted/nsynth-train/audio/brass_acoustic_063-069-025.wav,5305
brass_acoustic_028-069-050,train,brass,brass_acoustic_028,69,upper,50,data/raw/nsynth/extracted/nsynth-train/audio/brass_acoustic_028-069-050.wav,5305
brass_acoustic_033-069-050,train,brass,brass_acoustic_033,69,upper,50,data/raw/nsynth/extracted/nsynth-train/audio/brass_acoustic_033-069-050.wav,5305
brass_acoustic_036-069-050,train,brass,brass_acoustic_036,69,upper,50,data/raw/nsynth/extracted/nsynth-train/audio/brass_acoustic_036-069-050.wav,5305
brass_acoustic_038-069-050,train,brass,brass_acoustic_038,69,upper,50,data/raw/nsynth/extracted/nsynth-train/audio/brass_acoustic_038-069-050.wav,5305
brass_acoustic_050-069-050,train,brass,brass_acoustic_050,69,upper,50,data/raw/nsynth/extracted/nsynth-train/audio/brass_acoustic_050-069-050.wav,5305
brass_acoustic_014-069-075,train,brass,brass_acoustic_014,69,upper,75,data/raw/nsynth/extracted/nsynth-train/audio/brass_acoustic_014-069-075.wav,5305
brass_acoustic_021-069-075,train,brass,brass_acoustic_021,69,upper,75,data/raw/nsynth/extracted/nsynth-train/audio/brass_acoustic_021-069-075.wav,5305
brass_acoustic_044-069-075,train,brass,brass_acoustic_044,69,upper,75,data/raw/nsynth/extracted/nsynth-train/audio/brass_acoustic_044-069-075.wav,5305
brass_acoustic_049-069-075,train,brass,brass_acoustic_049,69,upper,75,data/raw/nsynth/extracted/nsynth-train/audio/brass_acoustic_049-069-075.wav,5305
brass_acoustic_064-069-075,train,brass,brass_acoustic_064,69,upper,75,data/raw/nsynth/extracted/nsynth-train/audio/brass_acoustic_064-069-075.wav,5305
brass_acoustic_066-069-075,train,brass,brass_acoustic_066,69,upper,75,data/raw/nsynth/extracted/nsynth-train/audio/brass_acoustic_066-069-075.wav,5305
brass_acoustic_003-069-100,train,brass,brass_acoustic_003,69,upper,100,data/raw/nsynth/extracted/nsynth-train/audio/brass_acoustic_003-069-100.wav,5305
brass_acoustic_023-069-100,train,brass,brass_acoustic_023,69,upper,100,data/raw/nsynth/extracted/nsynth-train/audio/brass_acoustic_023-069-100.wav,5305
brass_acoustic_032-069-100,train,brass,brass_acoustic_032,69,upper,100,data/raw/nsynth/extracted/nsynth-train/audio/brass_acoustic_032-069-100.wav,5305
brass_acoustic_027-069-127,train,brass,brass_acoustic_027,69,upper,127,data/raw/nsynth/extracted/nsynth-train/audio/brass_acoustic_027-069-127.wav,5305
brass_acoustic_028-069-127,train,brass,brass_acoustic_028,69,upper,127,data/raw/nsynth/extracted/nsynth-train/audio/brass_acoustic_028-069-127.wav,5305
brass_acoustic_029-069-127,train,brass,brass_acoustic_029,69,upper,127,data/raw/nsynth/extracted/nsynth-train/audio/brass_acoustic_029-069-127.wav,5305
brass_acoustic_042-069-127,train,brass,brass_acoustic_042,69,upper,127,data/raw/nsynth/extracted/nsynth-train/audio/brass_acoustic_042-069-127.wav,5305
brass_acoustic_051-069-127,train,brass,brass_acoustic_051,69,upper,127,data/raw/nsynth/extracted/nsynth-train/audio/brass_acoustic_051-069-127.wav,5305
guitar_electronic_015-043-025,train,guitar,guitar_electronic_015,43,lower,25,data/raw/nsynth/extracted/nsynth-train/audio/guitar_electronic_015-043-025.wav,5305
guitar_synthetic_003-043-050,train,guitar,guitar_synthetic_003,43,lower,50,data/raw/nsynth/extracted/nsynth-train/audio/guitar_synthetic_003-043-050.wav,5305
guitar_synthetic_009-043-050,train,guitar,guitar_synthetic_009,43,lower,50,data/raw/nsynth/extracted/nsynth-train/audio/guitar_synthetic_009-043-050.wav,5305
guitar_acoustic_035-043-075,train,guitar,guitar_acoustic_035,43,lower,75,data/raw/nsynth/extracted/nsynth-train/audio/guitar_acoustic_035-043-075.wav,5305
guitar_electronic_006-043-075,train,guitar,guitar_electronic_006,43,lower,75,data/raw/nsynth/extracted/nsynth-train/audio/guitar_electronic_006-043-075.wav,5305
guitar_electronic_040-043-075,train,guitar,guitar_electronic_040,43,lower,75,data/raw/nsynth/extracted/nsynth-train/audio/guitar_electronic_040-043-075.wav,5305
guitar_synthetic_010-043-075,train,guitar,guitar_synthetic_010,43,lower,75,data/raw/nsynth/extracted/nsynth-train/audio/guitar_synthetic_010-043-075.wav,5305
guitar_synthetic_011-043-075,train,guitar,guitar_synthetic_011,43,lower,75,data/raw/nsynth/extracted/nsynth-train/audio/guitar_synthetic_011-043-075.wav,5305
guitar_acoustic_006-043-100,train,guitar,guitar_acoustic_006,43,lower,100,data/raw/nsynth/extracted/nsynth-train/audio/guitar_acoustic_006-043-100.wav,5305
guitar_electronic_030-043-100,train,guitar,guitar_electronic_030,43,lower,100,data/raw/nsynth/extracted/nsynth-train/audio/guitar_electronic_030-043-100.wav,5305
guitar_acoustic_017-043-127,train,guitar,guitar_acoustic_017,43,lower,127,data/raw/nsynth/extracted/nsynth-train/audio/guitar_acoustic_017-043-127.wav,5305
guitar_acoustic_019-043-127,train,guitar,guitar_acoustic_019,43,lower,127,data/raw/nsynth/extracted/nsynth-train/audio/guitar_acoustic_019-043-127.wav,5305
guitar_electronic_019-043-127,train,guitar,guitar_electronic_019,43,lower,127,data/raw/nsynth/extracted/nsynth-train/audio/guitar_electronic_019-043-127.wav,5305
guitar_electronic_027-043-127,train,guitar,guitar_electronic_027,43,lower,127,data/raw/nsynth/extracted/nsynth-train/audio/guitar_electronic_027-043-127.wav,5305
guitar_acoustic_019-044-025,train,guitar,guitar_acoustic_019,44,lower,25,data/raw/nsynth/extracted/nsynth-train/audio/guitar_acoustic_019-044-025.wav,5305
guitar_synthetic_002-044-025,train,guitar,guitar_synthetic_002,44,lower,25,data/raw/nsynth/extracted/nsynth-train/audio/guitar_synthetic_002-044-025.wav,5305
guitar_acoustic_017-044-050,train,guitar,guitar_acoustic_017,44,lower,50,data/raw/nsynth/extracted/nsynth-train/audio/guitar_acoustic_017-044-050.wav,5305
guitar_electronic_040-044-050,train,guitar,guitar_electronic_040,44,lower,50,data/raw/nsynth/extracted/nsynth-train/audio/guitar_electronic_040-044-050.wav,5305
guitar_electronic_044-044-050,train,guitar,guitar_electronic_044,44,lower,50,data/raw/nsynth/extracted/nsynth-train/audio/guitar_electronic_044-044-050.wav,5305
guitar_electronic_045-044-050,train,guitar,guitar_electronic_045,44,lower,50,data/raw/nsynth/extracted/nsynth-train/audio/guitar_electronic_045-044-050.wav,5305
guitar_acoustic_008-044-075,train,guitar,guitar_acoustic_008,44,lower,75,data/raw/nsynth/extracted/nsynth-train/audio/guitar_acoustic_008-044-075.wav,5305
guitar_acoustic_024-044-075,train,guitar,guitar_acoustic_024,44,lower,75,data/raw/nsynth/extracted/nsynth-train/audio/guitar_acoustic_024-044-075.wav,5305
guitar_electronic_017-044-075,train,guitar,guitar_electronic_017,44,lower,75,data/raw/nsynth/extracted/nsynth-train/audio/guitar_electronic_017-044-075.wav,5305
guitar_electronic_027-044-075,train,guitar,guitar_electronic_027,44,lower,75,data/raw/nsynth/extracted/nsynth-train/audio/guitar_electronic_027-044-075.wav,5305
guitar_acoustic_026-044-100,train,guitar,guitar_acoustic_026,44,lower,100,data/raw/nsynth/extracted/nsynth-train/audio/guitar_acoustic_026-044-100.wav,5305
guitar_electronic_020-044-100,train,guitar,guitar_electronic_020,44,lower,100,data/raw/nsynth/extracted/nsynth-train/audio/guitar_electronic_020-044-100.wav,5305
guitar_electronic_030-044-100,train,guitar,guitar_electronic_030,44,lower,100,data/raw/nsynth/extracted/nsynth-train/audio/guitar_electronic_030-044-100.wav,5305
guitar_synthetic_005-044-100,train,guitar,guitar_synthetic_005,44,lower,100,data/raw/nsynth/extracted/nsynth-train/audio/guitar_synthetic_005-044-100.wav,5305
guitar_acoustic_024-044-127,train,guitar,guitar_acoustic_024,44,lower,127,data/raw/nsynth/extracted/nsynth-train/audio/guitar_acoustic_024-044-127.wav,5305
guitar_electronic_004-044-127,train,guitar,guitar_electronic_004,44,lower,127,data/raw/nsynth/extracted/nsynth-train/audio/guitar_electronic_004-044-127.wav,5305
guitar_electronic_009-044-127,train,guitar,guitar_electronic_009,44,lower,127,data/raw/nsynth/extracted/nsynth-train/audio/guitar_electronic_009-044-127.wav,5305
guitar_electronic_001-045-025,train,guitar,guitar_electronic_001,45,lower,25,data/raw/nsynth/extracted/nsynth-train/audio/guitar_electronic_001-045-025.wav,5305
guitar_electronic_008-045-025,train,guitar,guitar_electronic_008,45,lower,25,data/raw/nsynth/extracted/nsynth-train/audio/guitar_electronic_008-045-025.wav,5305
guitar_electronic_010-045-025,train,guitar,guitar_electronic_010,45,lower,25,data/raw/nsynth/extracted/nsynth-train/audio/guitar_electronic_010-045-025.wav,5305
guitar_electronic_045-045-025,train,guitar,guitar_electronic_045,45,lower,25,data/raw/nsynth/extracted/nsynth-train/audio/guitar_electronic_045-045-025.wav,5305
guitar_acoustic_006-045-050,train,guitar,guitar_acoustic_006,45,lower,50,data/raw/nsynth/extracted/nsynth-train/audio/guitar_acoustic_006-045-050.wav,5305
guitar_electronic_003-045-050,train,guitar,guitar_electronic_003,45,lower,50,data/raw/nsynth/extracted/nsynth-train/audio/guitar_electronic_003-045-050.wav,5305
guitar_electronic_010-045-050,train,guitar,guitar_electronic_010,45,lower,50,data/raw/nsynth/extracted/nsynth-train/audio/guitar_electronic_010-045-050.wav,5305
guitar_electronic_030-045-050,train,guitar,guitar_electronic_030,45,lower,50,data/raw/nsynth/extracted/nsynth-train/audio/guitar_electronic_030-045-050.wav,5305
guitar_acoustic_007-045-075,train,guitar,guitar_acoustic_007,45,lower,75,data/raw/nsynth/extracted/nsynth-train/audio/guitar_acoustic_007-045-075.wav,5305
guitar_acoustic_020-045-075,train,guitar,guitar_acoustic_020,45,lower,75,data/raw/nsynth/extracted/nsynth-train/audio/guitar_acoustic_020-045-075.wav,5305
guitar_acoustic_022-045-075,train,guitar,guitar_acoustic_022,45,lower,75,data/raw/nsynth/extracted/nsynth-train/audio/guitar_acoustic_022-045-075.wav,5305
guitar_electronic_007-045-075,train,guitar,guitar_electronic_007,45,lower,75,data/raw/nsynth/extracted/nsynth-train/audio/guitar_electronic_007-045-075.wav,5305
guitar_electronic_008-045-075,train,guitar,guitar_electronic_008,45,lower,75,data/raw/nsynth/extracted/nsynth-train/audio/guitar_electronic_008-045-075.wav,5305
guitar_synthetic_006-045-075,train,guitar,guitar_synthetic_006,45,lower,75,data/raw/nsynth/extracted/nsynth-train/audio/guitar_synthetic_006-045-075.wav,5305
guitar_acoustic_007-045-100,train,guitar,guitar_acoustic_007,45,lower,100,data/raw/nsynth/extracted/nsynth-train/audio/guitar_acoustic_007-045-100.wav,5305
guitar_acoustic_011-045-100,train,guitar,guitar_acoustic_011,45,lower,100,data/raw/nsynth/extracted/nsynth-train/audio/guitar_acoustic_011-045-100.wav,5305
guitar_electronic_027-045-100,train,guitar,guitar_electronic_027,45,lower,100,data/raw/nsynth/extracted/nsynth-train/audio/guitar_electronic_027-045-100.wav,5305
guitar_electronic_038-045-100,train,guitar,guitar_electronic_038,45,lower,100,data/raw/nsynth/extracted/nsynth-train/audio/guitar_electronic_038-045-100.wav,5305
guitar_synthetic_004-045-100,train,guitar,guitar_synthetic_004,45,lower,100,data/raw/nsynth/extracted/nsynth-train/audio/guitar_synthetic_004-045-100.wav,5305
guitar_acoustic_019-045-127,train,guitar,guitar_acoustic_019,45,lower,127,data/raw/nsynth/extracted/nsynth-train/audio/guitar_acoustic_019-045-127.wav,5305
guitar_electronic_010-045-127,train,guitar,guitar_electronic_010,45,lower,127,data/raw/nsynth/extracted/nsynth-train/audio/guitar_electronic_010-045-127.wav,5305
guitar_electronic_014-045-127,train,guitar,guitar_electronic_014,45,lower,127,data/raw/nsynth/extracted/nsynth-train/audio/guitar_electronic_014-045-127.wav,5305
guitar_electronic_045-045-127,train,guitar,guitar_electronic_045,45,lower,127,data/raw/nsynth/extracted/nsynth-train/audio/guitar_electronic_045-045-127.wav,5305
guitar_synthetic_002-045-127,train,guitar,guitar_synthetic_002,45,lower,127,data/raw/nsynth/extracted/nsynth-train/audio/guitar_synthetic_002-045-127.wav,5305
guitar_acoustic_006-046-025,train,guitar,guitar_acoustic_006,46,lower,25,data/raw/nsynth/extracted/nsynth-train/audio/guitar_acoustic_006-046-025.wav,5305
guitar_acoustic_017-046-025,train,guitar,guitar_acoustic_017,46,lower,25,data/raw/nsynth/extracted/nsynth-train/audio/guitar_acoustic_017-046-025.wav,5305
guitar_acoustic_026-046-025,train,guitar,guitar_acoustic_026,46,lower,25,data/raw/nsynth/extracted/nsynth-train/audio/guitar_acoustic_026-046-025.wav,5305
guitar_electronic_035-046-025,train,guitar,guitar_electronic_035,46,lower,25,data/raw/nsynth/extracted/nsynth-train/audio/guitar_electronic_035-046-025.wav,5305
guitar_synthetic_004-046-025,train,guitar,guitar_synthetic_004,46,lower,25,data/raw/nsynth/extracted/nsynth-train/audio/guitar_synthetic_004-046-025.wav,5305
guitar_acoustic_004-046-050,train,guitar,guitar_acoustic_004,46,lower,50,data/raw/nsynth/extracted/nsynth-train/audio/guitar_acoustic_004-046-050.wav,5305
guitar_acoustic_017-046-050,train,guitar,guitar_acoustic_017,46,lower,50,data/raw/nsynth/extracted/nsynth-train/audio/guitar_acoustic_017-046-050.wav,5305
guitar_electronic_003-046-050,train,guitar,guitar_electronic_003,46,lower,50,data/raw/nsynth/extracted/nsynth-train/audio/guitar_electronic_003-046-050.wav,5305
guitar_electronic_006-046-050,train,guitar,guitar_electronic_006,46,lower,50,data/raw/nsynth/extracted/nsynth-train/audio/guitar_electronic_006-046-050.wav,5305
guitar_electronic_019-046-050,train,guitar,guitar_electronic_019,46,lower,50,data/raw/nsynth/extracted/nsynth-train/audio/guitar_electronic_019-046-050.wav,5305
guitar_electronic_041-046-050,train,guitar,guitar_electronic_041,46,lower,50,data/raw/nsynth/extracted/nsynth-train/audio/guitar_electronic_041-046-050.wav,5305
guitar_electronic_043-046-050,train,guitar,guitar_electronic_043,46,lower,50,data/raw/nsynth/extracted/nsynth-train/audio/guitar_electronic_043-046-050.wav,5305
guitar_acoustic_029-046-075,train,guitar,guitar_acoustic_029,46,lower,75,data/raw/nsynth/extracted/nsynth-train/audio/guitar_acoustic_029-046-075.wav,5305
guitar_electronic_013-046-075,train,guitar,guitar_electronic_013,46,lower,75,data/raw/nsynth/extracted/nsynth-train/audio/guitar_electronic_013-046-075.wav,5305
guitar_electronic_029-046-075,train,guitar,guitar_electronic_029,46,lower,75,data/raw/nsynth/extracted/nsynth-train/audio/guitar_electronic_029-046-075.wav,5305
guitar_synthetic_003-046-075,train,guitar,guitar_synthetic_003,46,lower,75,data/raw/nsynth/extracted/nsynth-train/audio/guitar_synthetic_003-046-075.wav,5305
guitar_synthetic_004-046-075,train,guitar,guitar_synthetic_004,46,lower,75,data/raw/nsynth/extracted/nsynth-train/audio/guitar_synthetic_004-046-075.wav,5305
guitar_synthetic_007-046-075,train,guitar,guitar_synthetic_007,46,lower,75,data/raw/nsynth/extracted/nsynth-train/audio/guitar_synthetic_007-046-075.wav,5305
guitar_acoustic_024-046-100,train,guitar,guitar_acoustic_024,46,lower,100,data/raw/nsynth/extracted/nsynth-train/audio/guitar_acoustic_024-046-100.wav,5305
guitar_electronic_007-046-100,train,guitar,guitar_electronic_007,46,lower,100,data/raw/nsynth/extracted/nsynth-train/audio/guitar_electronic_007-046-100.wav,5305
guitar_electronic_031-046-100,train,guitar,guitar_electronic_031,46,lower,100,data/raw/nsynth/extracted/nsynth-train/audio/guitar_electronic_031-046-100.wav,5305
guitar_electronic_039-046-100,train,guitar,guitar_electronic_039,46,lower,100,data/raw/nsynth/extracted/nsynth-train/audio/guitar_electronic_039-046-100.wav,5305
guitar_acoustic_008-046-127,train,guitar,guitar_acoustic_008,46,lower,127,data/raw/nsynth/extracted/nsynth-train/audio/guitar_acoustic_008-046-127.wav,5305
guitar_electronic_009-046-127,train,guitar,guitar_electronic_009,46,lower,127,data/raw/nsynth/extracted/nsynth-train/audio/guitar_electronic_009-046-127.wav,5305
guitar_electronic_016-046-127,train,guitar,guitar_electronic_016,46,lower,127,data/raw/nsynth/extracted/nsynth-train/audio/guitar_electronic_016-046-127.wav,5305
guitar_acoustic_020-047-025,train,guitar,guitar_acoustic_020,47,lower,25,data/raw/nsynth/extracted/nsynth-train/audio/guitar_acoustic_020-047-025.wav,5305
guitar_electronic_019-047-025,train,guitar,guitar_electronic_019,47,lower,25,data/raw/nsynth/extracted/nsynth-train/audio/guitar_electronic_019-047-025.wav,5305
guitar_electronic_026-047-025,train,guitar,guitar_electronic_026,47,lower,25,data/raw/nsynth/extracted/nsynth-train/audio/guitar_electronic_026-047-025.wav,5305
guitar_electronic_040-047-025,train,guitar,guitar_electronic_040,47,lower,25,data/raw/nsynth/extracted/nsynth-train/audio/guitar_electronic_040-047-025.wav,5305
guitar_acoustic_009-047-050,train,guitar,guitar_acoustic_009,47,lower,50,data/raw/nsynth/extracted/nsynth-train/audio/guitar_acoustic_009-047-050.wav,5305
guitar_acoustic_024-047-050,train,guitar,guitar_acoustic_024,47,lower,50,data/raw/nsynth/extracted/nsynth-train/audio/guitar_acoustic_024-047-050.wav,5305
guitar_electronic_013-047-050,train,guitar,guitar_electronic_013,47,lower,50,data/raw/nsynth/extracted/nsynth-train/audio/guitar_electronic_013-047-050.wav,5305
guitar_electronic_016-047-050,train,guitar,guitar_electronic_016,47,lower,50,data/raw/nsynth/extracted/nsynth-train/audio/guitar_electronic_016-047-050.wav,5305
guitar_electronic_026-047-050,train,guitar,guitar_electronic_026,47,lower,50,data/raw/nsynth/extracted/nsynth-train/audio/guitar_electronic_026-047-050.wav,5305
guitar_synthetic_003-047-050,train,guitar,guitar_synthetic_003,47,lower,50,data/raw/nsynth/extracted/nsynth-train/audio/guitar_synthetic_003-047-050.wav,5305
guitar_synthetic_010-047-050,train,guitar,guitar_synthetic_010,47,lower,50,data/raw/nsynth/extracted/nsynth-train/audio/guitar_synthetic_010-047-050.wav,5305
guitar_acoustic_005-047-075,train,guitar,guitar_acoustic_005,47,lower,75,data/raw/nsynth/extracted/nsynth-train/audio/guitar_acoustic_005-047-075.wav,5305
guitar_acoustic_020-047-075,train,guitar,guitar_acoustic_020,47,lower,75,data/raw/nsynth/extracted/nsynth-train/audio/guitar_acoustic_020-047-075.wav,5305
guitar_electronic_003-047-075,train,guitar,guitar_electronic_003,47,lower,75,data/raw/nsynth/extracted/nsynth-train/audio/guitar_electronic_003-047-075.wav,5305
guitar_acoustic_003-047-100,train,guitar,guitar_acoustic_003,47,lower,100,data/raw/nsynth/extracted/nsynth-train/audio/guitar_acoustic_003-047-100.wav,5305
guitar_electronic_004-047-100,train,guitar,guitar_electronic_004,47,lower,100,data/raw/nsynth/extracted/nsynth-train/audio/guitar_electronic_004-047-100.wav,5305
guitar_electronic_007-047-100,train,guitar,guitar_electronic_007,47,lower,100,data/raw/nsynth/extracted/nsynth-train/audio/guitar_electronic_007-047-100.wav,5305
guitar_acoustic_033-047-127,train,guitar,guitar_acoustic_033,47,lower,127,data/raw/nsynth/extracted/nsynth-train/audio/guitar_acoustic_033-047-127.wav,5305
guitar_electronic_038-047-127,train,guitar,guitar_electronic_038,47,lower,127,data/raw/nsynth/extracted/nsynth-train/audio/guitar_electronic_038-047-127.wav,5305
guitar_electronic_045-047-127,train,guitar,guitar_electronic_045,47,lower,127,data/raw/nsynth/extracted/nsynth-train/audio/guitar_electronic_045-047-127.wav,5305
guitar_synthetic_003-047-127,train,guitar,guitar_synthetic_003,47,lower,127,data/raw/nsynth/extracted/nsynth-train/audio/guitar_synthetic_003-047-127.wav,5305
guitar_synthetic_005-047-127,train,guitar,guitar_synthetic_005,47,lower,127,data/raw/nsynth/extracted/nsynth-train/audio/guitar_synthetic_005-047-127.wav,5305
guitar_acoustic_005-048-025,train,guitar,guitar_acoustic_005,48,lower,25,data/raw/nsynth/extracted/nsynth-train/audio/guitar_acoustic_005-048-025.wav,5305
guitar_acoustic_016-048-025,train,guitar,guitar_acoustic_016,48,lower,25,data/raw/nsynth/extracted/nsynth-train/audio/guitar_acoustic_016-048-025.wav,5305
guitar_acoustic_018-048-025,train,guitar,guitar_acoustic_018,48,lower,25,data/raw/nsynth/extracted/nsynth-train/audio/guitar_acoustic_018-048-025.wav,5305
guitar_acoustic_023-048-025,train,guitar,guitar_acoustic_023,48,lower,25,data/raw/nsynth/extracted/nsynth-train/audio/guitar_acoustic_023-048-025.wav,5305
guitar_acoustic_034-048-025,train,guitar,guitar_acoustic_034,48,lower,25,data/raw/nsynth/extracted/nsynth-train/audio/guitar_acoustic_034-048-025.wav,5305
guitar_electronic_003-048-025,train,guitar,guitar_electronic_003,48,lower,25,data/raw/nsynth/extracted/nsynth-train/audio/guitar_electronic_003-048-025.wav,5305
guitar_electronic_015-048-025,train,guitar,guitar_electronic_015,48,lower,25,data/raw/nsynth/extracted/nsynth-train/audio/guitar_electronic_015-048-025.wav,5305
guitar_electronic_020-048-025,train,guitar,guitar_electronic_020,48,lower,25,data/raw/nsynth/extracted/nsynth-train/audio/guitar_electronic_020-048-025.wav,5305
guitar_electronic_000-048-050,train,guitar,guitar_electronic_000,48,lower,50,data/raw/nsynth/extracted/nsynth-train/audio/guitar_electronic_000-048-050.wav,5305
guitar_electronic_016-048-050,train,guitar,guitar_electronic_016,48,lower,50,data/raw/nsynth/extracted/nsynth-train/audio/guitar_electronic_016-048-050.wav,5305
guitar_electronic_030-048-050,train,guitar,guitar_electronic_030,48,lower,50,data/raw/nsynth/extracted/nsynth-train/audio/guitar_electronic_030-048-050.wav,5305
guitar_electronic_017-048-075,train,guitar,guitar_electronic_017,48,lower,75,data/raw/nsynth/extracted/nsynth-train/audio/guitar_electronic_017-048-075.wav,5305
guitar_electronic_023-048-075,train,guitar,guitar_electronic_023,48,lower,75,data/raw/nsynth/extracted/nsynth-train/audio/guitar_electronic_023-048-075.wav,5305
guitar_synthetic_002-048-075,train,guitar,guitar_synthetic_002,48,lower,75,data/raw/nsynth/extracted/nsynth-train/audio/guitar_synthetic_002-048-075.wav,5305
guitar_acoustic_000-048-100,train,guitar,guitar_acoustic_000,48,lower,100,data/raw/nsynth/extracted/nsynth-train/audio/guitar_acoustic_000-048-100.wav,5305
guitar_acoustic_011-048-100,train,guitar,guitar_acoustic_011,48,lower,100,data/raw/nsynth/extracted/nsynth-train/audio/guitar_acoustic_011-048-100.wav,5305
guitar_acoustic_032-048-100,train,guitar,guitar_acoustic_032,48,lower,100,data/raw/nsynth/extracted/nsynth-train/audio/guitar_acoustic_032-048-100.wav,5305
guitar_electronic_004-048-100,train,guitar,guitar_electronic_004,48,lower,100,data/raw/nsynth/extracted/nsynth-train/audio/guitar_electronic_004-048-100.wav,5305
guitar_electronic_012-048-100,train,guitar,guitar_electronic_012,48,lower,100,data/raw/nsynth/extracted/nsynth-train/audio/guitar_electronic_012-048-100.wav,5305
guitar_synthetic_000-048-100,train,guitar,guitar_synthetic_000,48,lower,100,data/raw/nsynth/extracted/nsynth-train/audio/guitar_synthetic_000-048-100.wav,5305
guitar_acoustic_001-048-127,train,guitar,guitar_acoustic_001,48,lower,127,data/raw/nsynth/extracted/nsynth-train/audio/guitar_acoustic_001-048-127.wav,5305
guitar_acoustic_023-048-127,train,guitar,guitar_acoustic_023,48,lower,127,data/raw/nsynth/extracted/nsynth-train/audio/guitar_acoustic_023-048-127.wav,5305
guitar_electronic_032-048-127,train,guitar,guitar_electronic_032,48,lower,127,data/raw/nsynth/extracted/nsynth-train/audio/guitar_electronic_032-048-127.wav,5305
guitar_electronic_034-048-127,train,guitar,guitar_electronic_034,48,lower,127,data/raw/nsynth/extracted/nsynth-train/audio/guitar_electronic_034-048-127.wav,5305
guitar_electronic_039-048-127,train,guitar,guitar_electronic_039,48,lower,127,data/raw/nsynth/extracted/nsynth-train/audio/guitar_electronic_039-048-127.wav,5305
guitar_acoustic_018-049-025,train,guitar,guitar_acoustic_018,49,lower,25,data/raw/nsynth/extracted/nsynth-train/audio/guitar_acoustic_018-049-025.wav,5305
guitar_acoustic_023-049-025,train,guitar,guitar_acoustic_023,49,lower,25,data/raw/nsynth/extracted/nsynth-train/audio/guitar_acoustic_023-049-025.wav,5305
guitar_electronic_015-049-025,train,guitar,guitar_electronic_015,49,lower,25,data/raw/nsynth/extracted/nsynth-train/audio/guitar_electronic_015-049-025.wav,5305
guitar_electronic_026-049-025,train,guitar,guitar_electronic_026,49,lower,25,data/raw/nsynth/extracted/nsynth-train/audio/guitar_electronic_026-049-025.wav,5305
guitar_electronic_041-049-025,train,guitar,guitar_electronic_041,49,lower,25,data/raw/nsynth/extracted/nsynth-train/audio/guitar_electronic_041-049-025.wav,5305
guitar_electronic_045-049-025,train,guitar,guitar_electronic_045,49,lower,25,data/raw/nsynth/extracted/nsynth-train/audio/guitar_electronic_045-049-025.wav,5305
guitar_synthetic_006-049-025,train,guitar,guitar_synthetic_006,49,lower,25,data/raw/nsynth/extracted/nsynth-train/audio/guitar_synthetic_006-049-025.wav,5305
guitar_acoustic_019-049-050,train,guitar,guitar_acoustic_019,49,lower,50,data/raw/nsynth/extracted/nsynth-train/audio/guitar_acoustic_019-049-050.wav,5305
guitar_electronic_015-049-050,train,guitar,guitar_electronic_015,49,lower,50,data/raw/nsynth/extracted/nsynth-train/audio/guitar_electronic_015-049-050.wav,5305
guitar_synthetic_003-049-050,train,guitar,guitar_synthetic_003,49,lower,50,data/raw/nsynth/extracted/nsynth-train/audio/guitar_synthetic_003-049-050.wav,5305
guitar_acoustic_020-049-075,train,guitar,guitar_acoustic_020,49,lower,75,data/raw/nsynth/extracted/nsynth-train/audio/guitar_acoustic_020-049-075.wav,5305
guitar_electronic_005-049-075,train,guitar,guitar_electronic_005,49,lower,75,data/raw/nsynth/extracted/nsynth-train/audio/guitar_electronic_005-049-075.wav,5305
guitar_synthetic_009-049-075,train,guitar,guitar_synthetic_009,49,lower,75,data/raw/nsynth/extracted/nsynth-train/audio/guitar_synthetic_009-049-075.wav,5305
guitar_acoustic_028-049-100,train,guitar,guitar_acoustic_028,49,lower,100,data/raw/nsynth/extracted/nsynth-train/audio/guitar_acoustic_028-049-100.wav,5305
guitar_electronic_026-049-100,train,guitar,guitar_electronic_026,49,lower,100,data/raw/nsynth/extracted/nsynth-train/audio/guitar_electronic_026-049-100.wav,5305
guitar_electronic_031-049-100,train,guitar,guitar_electronic_031,49,lower,100,data/raw/nsynth/extracted/nsynth-train/audio/guitar_electronic_031-049-100.wav,5305
guitar_electronic_033-049-100,train,guitar,guitar_electronic_033,49,lower,100,data/raw/nsynth/extracted/nsynth-train/audio/guitar_electronic_033-049-100.wav,5305
guitar_electronic_045-049-100,train,guitar,guitar_electronic_045,49,lower,100,data/raw/nsynth/extracted/nsynth-train/audio/guitar_electronic_045-049-100.wav,5305
guitar_acoustic_000-049-127,train,guitar,guitar_acoustic_000,49,lower,127,data/raw/nsynth/extracted/nsynth-train/audio/guitar_acoustic_000-049-127.wav,5305
guitar_acoustic_028-049-127,train,guitar,guitar_acoustic_028,49,lower,127,data/raw/nsynth/extracted/nsynth-train/audio/guitar_acoustic_028-049-127.wav,5305
guitar_electronic_039-049-127,train,guitar,guitar_electronic_039,49,lower,127,data/raw/nsynth/extracted/nsynth-train/audio/guitar_electronic_039-049-127.wav,5305
guitar_synthetic_003-049-127,train,guitar,guitar_synthetic_003,49,lower,127,data/raw/nsynth/extracted/nsynth-train/audio/guitar_synthetic_003-049-127.wav,5305
guitar_acoustic_003-050-025,train,guitar,guitar_acoustic_003,50,lower,25,data/raw/nsynth/extracted/nsynth-train/audio/guitar_acoustic_003-050-025.wav,5305
guitar_acoustic_035-050-025,train,guitar,guitar_acoustic_035,50,lower,25,data/raw/nsynth/extracted/nsynth-train/audio/guitar_acoustic_035-050-025.wav,5305
guitar_electronic_004-050-025,train,guitar,guitar_electronic_004,50,lower,25,data/raw/nsynth/extracted/nsynth-train/audio/guitar_electronic_004-050-025.wav,5305
guitar_electronic_008-050-025,train,guitar,guitar_electronic_008,50,lower,25,data/raw/nsynth/extracted/nsynth-train/audio/guitar_electronic_008-050-025.wav,5305
guitar_electronic_009-050-025,train,guitar,guitar_electronic_009,50,lower,25,data/raw/nsynth/extracted/nsynth-train/audio/guitar_electronic_009-050-025.wav,5305
guitar_acoustic_022-050-050,train,guitar,guitar_acoustic_022,50,lower,50,data/raw/nsynth/extracted/nsynth-train/audio/guitar_acoustic_022-050-050.wav,5305
guitar_electronic_005-050-050,train,guitar,guitar_electronic_005,50,lower,50,data/raw/nsynth/extracted/nsynth-train/audio/guitar_electronic_005-050-050.wav,5305
guitar_electronic_010-050-050,train,guitar,guitar_electronic_010,50,lower,50,data/raw/nsynth/extracted/nsynth-train/audio/guitar_electronic_010-050-050.wav,5305
guitar_electronic_013-050-050,train,guitar,guitar_electronic_013,50,lower,50,data/raw/nsynth/extracted/nsynth-train/audio/guitar_electronic_013-050-050.wav,5305
guitar_synthetic_003-050-050,train,guitar,guitar_synthetic_003,50,lower,50,data/raw/nsynth/extracted/nsynth-train/audio/guitar_synthetic_003-050-050.wav,5305
guitar_acoustic_020-050-075,train,guitar,guitar_acoustic_020,50,lower,75,data/raw/nsynth/extracted/nsynth-train/audio/guitar_acoustic_020-050-075.wav,5305
guitar_electronic_005-050-075,train,guitar,guitar_electronic_005,50,lower,75,data/raw/nsynth/extracted/nsynth-train/audio/guitar_electronic_005-050-075.wav,5305
guitar_electronic_027-050-075,train,guitar,guitar_electronic_027,50,lower,75,data/raw/nsynth/extracted/nsynth-train/audio/guitar_electronic_027-050-075.wav,5305
guitar_synthetic_002-050-075,train,guitar,guitar_synthetic_002,50,lower,75,data/raw/nsynth/extracted/nsynth-train/audio/guitar_synthetic_002-050-075.wav,5305
guitar_electronic_003-050-100,train,guitar,guitar_electronic_003,50,lower,100,data/raw/nsynth/extracted/nsynth-train/audio/guitar_electronic_003-050-100.wav,5305
guitar_electronic_006-050-100,train,guitar,guitar_electronic_006,50,lower,100,data/raw/nsynth/extracted/nsynth-train/audio/guitar_electronic_006-050-100.wav,5305
guitar_electronic_026-050-100,train,guitar,guitar_electronic_026,50,lower,100,data/raw/nsynth/extracted/nsynth-train/audio/guitar_electronic_026-050-100.wav,5305
guitar_synthetic_000-050-100,train,guitar,guitar_synthetic_000,50,lower,100,data/raw/nsynth/extracted/nsynth-train/audio/guitar_synthetic_000-050-100.wav,5305
guitar_synthetic_010-050-100,train,guitar,guitar_synthetic_010,50,lower,100,data/raw/nsynth/extracted/nsynth-train/audio/guitar_synthetic_010-050-100.wav,5305
guitar_electronic_027-050-127,train,guitar,guitar_electronic_027,50,lower,127,data/raw/nsynth/extracted/nsynth-train/audio/guitar_electronic_027-050-127.wav,5305
guitar_electronic_029-050-127,train,guitar,guitar_electronic_029,50,lower,127,data/raw/nsynth/extracted/nsynth-train/audio/guitar_electronic_029-050-127.wav,5305
guitar_electronic_041-050-127,train,guitar,guitar_electronic_041,50,lower,127,data/raw/nsynth/extracted/nsynth-train/audio/guitar_electronic_041-050-127.wav,5305
guitar_synthetic_001-050-127,train,guitar,guitar_synthetic_001,50,lower,127,data/raw/nsynth/extracted/nsynth-train/audio/guitar_synthetic_001-050-127.wav,5305
guitar_acoustic_028-051-025,train,guitar,guitar_acoustic_028,51,lower,25,data/raw/nsynth/extracted/nsynth-train/audio/guitar_acoustic_028-051-025.wav,5305
guitar_electronic_020-051-025,train,guitar,guitar_electronic_020,51,lower,25,data/raw/nsynth/extracted/nsynth-train/audio/guitar_electronic_020-051-025.wav,5305
guitar_electronic_029-051-025,train,guitar,guitar_electronic_029,51,lower,25,data/raw/nsynth/extracted/nsynth-train/audio/guitar_electronic_029-051-025.wav,5305
guitar_synthetic_001-051-025,train,guitar,guitar_synthetic_001,51,lower,25,data/raw/nsynth/extracted/nsynth-train/audio/guitar_synthetic_001-051-025.wav,5305
guitar_acoustic_012-051-050,train,guitar,guitar_acoustic_012,51,lower,50,data/raw/nsynth/extracted/nsynth-train/audio/guitar_acoustic_012-051-050.wav,5305
guitar_electronic_013-051-050,train,guitar,guitar_electronic_013,51,lower,50,data/raw/nsynth/extracted/nsynth-train/audio/guitar_electronic_013-051-050.wav,5305
guitar_electronic_016-051-050,train,guitar,guitar_electronic_016,51,lower,50,data/raw/nsynth/extracted/nsynth-train/audio/guitar_electronic_016-051-050.wav,5305
guitar_electronic_027-051-050,train,guitar,guitar_electronic_027,51,lower,50,data/raw/nsynth/extracted/nsynth-train/audio/guitar_electronic_027-051-050.wav,5305
guitar_electronic_042-051-050,train,guitar,guitar_electronic_042,51,lower,50,data/raw/nsynth/extracted/nsynth-train/audio/guitar_electronic_042-051-050.wav,5305
guitar_acoustic_022-051-075,train,guitar,guitar_acoustic_022,51,lower,75,data/raw/nsynth/extracted/nsynth-train/audio/guitar_acoustic_022-051-075.wav,5305
guitar_acoustic_029-051-075,train,guitar,guitar_acoustic_029,51,lower,75,data/raw/nsynth/extracted/nsynth-train/audio/guitar_acoustic_029-051-075.wav,5305
guitar_electronic_005-051-075,train,guitar,guitar_electronic_005,51,lower,75,data/raw/nsynth/extracted/nsynth-train/audio/guitar_electronic_005-051-075.wav,5305
guitar_electronic_045-051-075,train,guitar,guitar_electronic_045,51,lower,75,data/raw/nsynth/extracted/nsynth-train/audio/guitar_electronic_045-051-075.wav,5305
guitar_synthetic_000-051-075,train,guitar,guitar_synthetic_000,51,lower,75,data/raw/nsynth/extracted/nsynth-train/audio/guitar_synthetic_000-051-075.wav,5305
guitar_synthetic_001-051-075,train,guitar,guitar_synthetic_001,51,lower,75,data/raw/nsynth/extracted/nsynth-train/audio/guitar_synthetic_001-051-075.wav,5305
guitar_acoustic_004-051-100,train,guitar,guitar_acoustic_004,51,lower,100,data/raw/nsynth/extracted/nsynth-train/audio/guitar_acoustic_004-051-100.wav,5305
guitar_acoustic_032-051-100,train,guitar,guitar_acoustic_032,51,lower,100,data/raw/nsynth/extracted/nsynth-train/audio/guitar_acoustic_032-051-100.wav,5305
guitar_electronic_008-051-100,train,guitar,guitar_electronic_008,51,lower,100,data/raw/nsynth/extracted/nsynth-train/audio/guitar_electronic_008-051-100.wav,5305
guitar_electronic_020-051-100,train,guitar,guitar_electronic_020,51,lower,100,data/raw/nsynth/extracted/nsynth-train/audio/guitar_electronic_020-051-100.wav,5305
guitar_electronic_037-051-100,train,guitar,guitar_electronic_037,51,lower,100,data/raw/nsynth/extracted/nsynth-train/audio/guitar_electronic_037-051-100.wav,5305
guitar_synthetic_011-051-100,train,guitar,guitar_synthetic_011,51,lower,100,data/raw/nsynth/extracted/nsynth-train/audio/guitar_synthetic_011-051-100.wav,5305
guitar_acoustic_025-051-127,train,guitar,guitar_acoustic_025,51,lower,127,data/raw/nsynth/extracted/nsynth-train/audio/guitar_acoustic_025-051-127.wav,5305
guitar_electronic_008-051-127,train,guitar,guitar_electronic_008,51,lower,127,data/raw/nsynth/extracted/nsynth-train/audio/guitar_electronic_008-051-127.wav,5305
guitar_electronic_011-051-127,train,guitar,guitar_electronic_011,51,lower,127,data/raw/nsynth/extracted/nsynth-train/audio/guitar_electronic_011-051-127.wav,5305
guitar_electronic_013-051-127,train,guitar,guitar_electronic_013,51,lower,127,data/raw/nsynth/extracted/nsynth-train/audio/guitar_electronic_013-051-127.wav,5305
guitar_electronic_020-051-127,train,guitar,guitar_electronic_020,51,lower,127,data/raw/nsynth/extracted/nsynth-train/audio/guitar_electronic_020-051-127.wav,5305
guitar_electronic_030-051-127,train,guitar,guitar_electronic_030,51,lower,127,data/raw/nsynth/extracted/nsynth-train/audio/guitar_electronic_030-051-127.wav,5305
guitar_electronic_042-051-127,train,guitar,guitar_electronic_042,51,lower,127,data/raw/nsynth/extracted/nsynth-train/audio/guitar_electronic_042-051-127.wav,5305
guitar_acoustic_002-052-025,train,guitar,guitar_acoustic_002,52,middle,25,data/raw/nsynth/extracted/nsynth-train/audio/guitar_acoustic_002-052-025.wav,5305
guitar_electronic_029-052-025,train,guitar,guitar_electronic_029,52,middle,25,data/raw/nsynth/extracted/nsynth-train/audio/guitar_electronic_029-052-025.wav,5305
guitar_synthetic_001-052-025,train,guitar,guitar_synthetic_001,52,middle,25,data/raw/nsynth/extracted/nsynth-train/audio/guitar_synthetic_001-052-025.wav,5305
guitar_acoustic_002-052-050,train,guitar,guitar_acoustic_002,52,middle,50,data/raw/nsynth/extracted/nsynth-train/audio/guitar_acoustic_002-052-050.wav,5305
guitar_acoustic_018-052-050,train,guitar,guitar_acoustic_018,52,middle,50,data/raw/nsynth/extracted/nsynth-train/audio/guitar_acoustic_018-052-050.wav,5305
guitar_electronic_002-052-050,train,guitar,guitar_electronic_002,52,middle,50,data/raw/nsynth/extracted/nsynth-train/audio/guitar_electronic_002-052-050.wav,5305
guitar_electronic_018-052-050,train,guitar,guitar_electronic_018,52,middle,50,data/raw/nsynth/extracted/nsynth-train/audio/guitar_electronic_018-052-050.wav,5305
guitar_electronic_033-052-050,train,guitar,guitar_electronic_033,52,middle,50,data/raw/nsynth/extracted/nsynth-train/audio/guitar_electronic_033-052-050.wav,5305
guitar_electronic_042-052-050,train,guitar,guitar_electronic_042,52,middle,50,data/raw/nsynth/extracted/nsynth-train/audio/guitar_electronic_042-052-050.wav,5305
guitar_acoustic_018-052-075,train,guitar,guitar_acoustic_018,52,middle,75,data/raw/nsynth/extracted/nsynth-train/audio/guitar_acoustic_018-052-075.wav,5305
guitar_acoustic_023-052-075,train,guitar,guitar_acoustic_023,52,middle,75,data/raw/nsynth/extracted/nsynth-train/audio/guitar_acoustic_023-052-075.wav,5305
guitar_electronic_004-052-075,train,guitar,guitar_electronic_004,52,middle,75,data/raw/nsynth/extracted/nsynth-train/audio/guitar_electronic_004-052-075.wav,5305
guitar_electronic_036-052-075,train,guitar,guitar_electronic_036,52,middle,75,data/raw/nsynth/extracted/nsynth-train/audio/guitar_electronic_036-052-075.wav,5305
guitar_acoustic_004-052-100,train,guitar,guitar_acoustic_004,52,middle,100,data/raw/nsynth/extracted/nsynth-train/audio/guitar_acoustic_004-052-100.wav,5305
guitar_electronic_009-052-100,train,guitar,guitar_electronic_009,52,middle,100,data/raw/nsynth/extracted/nsynth-train/audio/guitar_electronic_009-052-100.wav,5305
guitar_electronic_041-052-100,train,guitar,guitar_electronic_041,52,middle,100,data/raw/nsynth/extracted/nsynth-train/audio/guitar_electronic_041-052-100.wav,5305
guitar_acoustic_009-052-127,train,guitar,guitar_acoustic_009,52,middle,127,data/raw/nsynth/extracted/nsynth-train/audio/guitar_acoustic_009-052-127.wav,5305
guitar_electronic_010-052-127,train,guitar,guitar_electronic_010,52,middle,127,data/raw/nsynth/extracted/nsynth-train/audio/guitar_electronic_010-052-127.wav,5305
guitar_electronic_020-052-127,train,guitar,guitar_electronic_020,52,middle,127,data/raw/nsynth/extracted/nsynth-train/audio/guitar_electronic_020-052-127.wav,5305
guitar_synthetic_000-052-127,train,guitar,guitar_synthetic_000,52,middle,127,data/raw/nsynth/extracted/nsynth-train/audio/guitar_synthetic_000-052-127.wav,5305
guitar_acoustic_024-053-025,train,guitar,guitar_acoustic_024,53,middle,25,data/raw/nsynth/extracted/nsynth-train/audio/guitar_acoustic_024-053-025.wav,5305
guitar_acoustic_032-053-025,train,guitar,guitar_acoustic_032,53,middle,25,data/raw/nsynth/extracted/nsynth-train/audio/guitar_acoustic_032-053-025.wav,5305
guitar_electronic_007-053-025,train,guitar,guitar_electronic_007,53,middle,25,data/raw/nsynth/extracted/nsynth-train/audio/guitar_electronic_007-053-025.wav,5305
guitar_electronic_023-053-025,train,guitar,guitar_electronic_023,53,middle,25,data/raw/nsynth/extracted/nsynth-train/audio/guitar_electronic_023-053-025.wav,5305
guitar_synthetic_004-053-025,train,guitar,guitar_synthetic_004,53,middle,25,data/raw/nsynth/extracted/nsynth-train/audio/guitar_synthetic_004-053-025.wav,5305
guitar_synthetic_006-053-025,train,guitar,guitar_synthetic_006,53,middle,25,data/raw/nsynth/extracted/nsynth-train/audio/guitar_synthetic_006-053-025.wav,5305
guitar_electronic_005-053-050,train,guitar,guitar_electronic_005,53,middle,50,data/raw/nsynth/extracted/nsynth-train/audio/guitar_electronic_005-053-050.wav,5305
guitar_electronic_021-053-050,train,guitar,guitar_electronic_021,53,middle,50,data/raw/nsynth/extracted/nsynth-train/audio/guitar_electronic_021-053-050.wav,5305
guitar_electronic_032-053-050,train,guitar,guitar_electronic_032,53,middle,50,data/raw/nsynth/extracted/nsynth-train/audio/guitar_electronic_032-053-050.wav,5305
guitar_electronic_037-053-050,train,guitar,guitar_electronic_037,53,middle,50,data/raw/nsynth/extracted/nsynth-train/audio/guitar_electronic_037-053-050.wav,5305
guitar_electronic_038-053-050,train,guitar,guitar_electronic_038,53,middle,50,data/raw/nsynth/extracted/nsynth-train/audio/guitar_electronic_038-053-050.wav,5305
guitar_synthetic_003-053-050,train,guitar,guitar_synthetic_003,53,middle,50,data/raw/nsynth/extracted/nsynth-train/audio/guitar_synthetic_003-053-050.wav,5305
guitar_acoustic_000-053-075,train,guitar,guitar_acoustic_000,53,middle,75,data/raw/nsynth/extracted/nsynth-train/audio/guitar_acoustic_000-053-075.wav,5305
guitar_electronic_004-053-075,train,guitar,guitar_electronic_004,53,middle,75,data/raw/nsynth/extracted/nsynth-train/audio/guitar_electronic_004-053-075.wav,5305
guitar_electronic_011-053-075,train,guitar,guitar_electronic_011,53,middle,75,data/raw/nsynth/extracted/nsynth-train/audio/guitar_electronic_011-053-075.wav,5305
guitar_electronic_013-053-075,train,guitar,guitar_electronic_013,53,middle,75,data/raw/nsynth/extracted/nsynth-train/audio/guitar_electronic_013-053-075.wav,5305
guitar_electronic_026-053-075,train,guitar,guitar_electronic_026,53,middle,75,data/raw/nsynth/extracted/nsynth-train/audio/guitar_electronic_026-053-075.wav,5305
guitar_acoustic_002-053-100,train,guitar,guitar_acoustic_002,53,middle,100,data/raw/nsynth/extracted/nsynth-train/audio/guitar_acoustic_002-053-100.wav,5305
guitar_acoustic_025-053-100,train,guitar,guitar_acoustic_025,53,middle,100,data/raw/nsynth/extracted/nsynth-train/audio/guitar_acoustic_025-053-100.wav,5305
guitar_electronic_002-053-100,train,guitar,guitar_electronic_002,53,middle,100,data/raw/nsynth/extracted/nsynth-train/audio/guitar_electronic_002-053-100.wav,5305
guitar_electronic_012-053-100,train,guitar,guitar_electronic_012,53,middle,100,data/raw/nsynth/extracted/nsynth-train/audio/guitar_electronic_012-053-100.wav,5305
guitar_electronic_015-053-100,train,guitar,guitar_electronic_015,53,middle,100,data/raw/nsynth/extracted/nsynth-train/audio/guitar_electronic_015-053-100.wav,5305
guitar_synthetic_000-053-100,train,guitar,guitar_synthetic_000,53,middle,100,data/raw/nsynth/extracted/nsynth-train/audio/guitar_synthetic_000-053-100.wav,5305
guitar_synthetic_007-053-100,train,guitar,guitar_synthetic_007,53,middle,100,data/raw/nsynth/extracted/nsynth-train/audio/guitar_synthetic_007-053-100.wav,5305
guitar_acoustic_013-053-127,train,guitar,guitar_acoustic_013,53,middle,127,data/raw/nsynth/extracted/nsynth-train/audio/guitar_acoustic_013-053-127.wav,5305
guitar_acoustic_028-053-127,train,guitar,guitar_acoustic_028,53,middle,127,data/raw/nsynth/extracted/nsynth-train/audio/guitar_acoustic_028-053-127.wav,5305
guitar_electronic_043-053-127,train,guitar,guitar_electronic_043,53,middle,127,data/raw/nsynth/extracted/nsynth-train/audio/guitar_electronic_043-053-127.wav,5305
guitar_electronic_044-053-127,train,guitar,guitar_electronic_044,53,middle,127,data/raw/nsynth/extracted/nsynth-train/audio/guitar_electronic_044-053-127.wav,5305
guitar_electronic_012-054-025,train,guitar,guitar_electronic_012,54,middle,25,data/raw/nsynth/extracted/nsynth-train/audio/guitar_electronic_012-054-025.wav,5305
guitar_synthetic_007-054-025,train,guitar,guitar_synthetic_007,54,middle,25,data/raw/nsynth/extracted/nsynth-train/audio/guitar_synthetic_007-054-025.wav,5305
guitar_acoustic_002-054-050,train,guitar,guitar_acoustic_002,54,middle,50,data/raw/nsynth/extracted/nsynth-train/audio/guitar_acoustic_002-054-050.wav,5305
guitar_electronic_003-054-050,train,guitar,guitar_electronic_003,54,middle,50,data/raw/nsynth/extracted/nsynth-train/audio/guitar_electronic_003-054-050.wav,5305
guitar_electronic_007-054-050,train,guitar,guitar_electronic_007,54,middle,50,data/raw/nsynth/extracted/nsynth-train/audio/guitar_electronic_007-054-050.wav,5305
guitar_synthetic_000-054-050,train,guitar,guitar_synthetic_000,54,middle,50,data/raw/nsynth/extracted/nsynth-train/audio/guitar_synthetic_000-054-050.wav,5305
guitar_acoustic_017-054-075,train,guitar,guitar_acoustic_017,54,middle,75,data/raw/nsynth/extracted/nsynth-train/audio/guitar_acoustic_017-054-075.wav,5305
guitar_electronic_010-054-075,train,guitar,guitar_electronic_010,54,middle,75,data/raw/nsynth/extracted/nsynth-train/audio/guitar_electronic_010-054-075.wav,5305
guitar_electronic_010-054-100,train,guitar,guitar_electronic_010,54,middle,100,data/raw/nsynth/extracted/nsynth-train/audio/guitar_electronic_010-054-100.wav,5305
guitar_electronic_013-054-100,train,guitar,guitar_electronic_013,54,middle,100,data/raw/nsynth/extracted/nsynth-train/audio/guitar_electronic_013-054-100.wav,5305
guitar_electronic_033-054-100,train,guitar,guitar_electronic_033,54,middle,100,data/raw/nsynth/extracted/nsynth-train/audio/guitar_electronic_033-054-100.wav,5305
guitar_acoustic_001-054-127,train,guitar,guitar_acoustic_001,54,middle,127,data/raw/nsynth/extracted/nsynth-train/audio/guitar_acoustic_001-054-127.wav,5305
guitar_electronic_018-054-127,train,guitar,guitar_electronic_018,54,middle,127,data/raw/nsynth/extracted/nsynth-train/audio/guitar_electronic_018-054-127.wav,5305
guitar_electronic_021-054-127,train,guitar,guitar_electronic_021,54,middle,127,data/raw/nsynth/extracted/nsynth-train/audio/guitar_electronic_021-054-127.wav,5305
guitar_acoustic_006-055-025,train,guitar,guitar_acoustic_006,55,middle,25,data/raw/nsynth/extracted/nsynth-train/audio/guitar_acoustic_006-055-025.wav,5305
guitar_acoustic_020-055-025,train,guitar,guitar_acoustic_020,55,middle,25,data/raw/nsynth/extracted/nsynth-train/audio/guitar_acoustic_020-055-025.wav,5305
guitar_electronic_044-055-025,train,guitar,guitar_electronic_044,55,middle,25,data/raw/nsynth/extracted/nsynth-train/audio/guitar_electronic_044-055-025.wav,5305
guitar_acoustic_006-055-050,train,guitar,guitar_acoustic_006,55,middle,50,data/raw/nsynth/extracted/nsynth-train/audio/guitar_acoustic_006-055-050.wav,5305
guitar_electronic_020-055-050,train,guitar,guitar_electronic_020,55,middle,50,data/raw/nsynth/extracted/nsynth-train/audio/guitar_electronic_020-055-050.wav,5305
guitar_electronic_026-055-050,train,guitar,guitar_electronic_026,55,middle,50,data/raw/nsynth/extracted/nsynth-train/audio/guitar_electronic_026-055-050.wav,5305
guitar_acoustic_013-055-075,train,guitar,guitar_acoustic_013,55,middle,75,data/raw/nsynth/extracted/nsynth-train/audio/guitar_acoustic_013-055-075.wav,5305
guitar_acoustic_022-055-075,train,guitar,guitar_acoustic_022,55,middle,75,data/raw/nsynth/extracted/nsynth-train/audio/guitar_acoustic_022-055-075.wav,5305
guitar_acoustic_028-055-075,train,guitar,guitar_acoustic_028,55,middle,75,data/raw/nsynth/extracted/nsynth-train/audio/guitar_acoustic_028-055-075.wav,5305
guitar_electronic_041-055-075,train,guitar,guitar_electronic_041,55,middle,75,data/raw/nsynth/extracted/nsynth-train/audio/guitar_electronic_041-055-075.wav,5305
guitar_electronic_045-055-075,train,guitar,guitar_electronic_045,55,middle,75,data/raw/nsynth/extracted/nsynth-train/audio/guitar_electronic_045-055-075.wav,5305
guitar_acoustic_016-055-100,train,guitar,guitar_acoustic_016,55,middle,100,data/raw/nsynth/extracted/nsynth-train/audio/guitar_acoustic_016-055-100.wav,5305
guitar_acoustic_025-055-100,train,guitar,guitar_acoustic_025,55,middle,100,data/raw/nsynth/extracted/nsynth-train/audio/guitar_acoustic_025-055-100.wav,5305
guitar_electronic_032-055-100,train,guitar,guitar_electronic_032,55,middle,100,data/raw/nsynth/extracted/nsynth-train/audio/guitar_electronic_032-055-100.wav,5305
guitar_acoustic_007-055-127,train,guitar,guitar_acoustic_007,55,middle,127,data/raw/nsynth/extracted/nsynth-train/audio/guitar_acoustic_007-055-127.wav,5305
guitar_acoustic_008-055-127,train,guitar,guitar_acoustic_008,55,middle,127,data/raw/nsynth/extracted/nsynth-train/audio/guitar_acoustic_008-055-127.wav,5305
guitar_electronic_012-055-127,train,guitar,guitar_electronic_012,55,middle,127,data/raw/nsynth/extracted/nsynth-train/audio/guitar_electronic_012-055-127.wav,5305
guitar_electronic_027-055-127,train,guitar,guitar_electronic_027,55,middle,127,data/raw/nsynth/extracted/nsynth-train/audio/guitar_electronic_027-055-127.wav,5305
guitar_electronic_042-055-127,train,guitar,guitar_electronic_042,55,middle,127,data/raw/nsynth/extracted/nsynth-train/audio/guitar_electronic_042-055-127.wav,5305
guitar_electronic_043-055-127,train,guitar,guitar_electronic_043,55,middle,127,data/raw/nsynth/extracted/nsynth-train/audio/guitar_electronic_043-055-127.wav,5305
guitar_acoustic_035-056-025,train,guitar,guitar_acoustic_035,56,middle,25,data/raw/nsynth/extracted/nsynth-train/audio/guitar_acoustic_035-056-025.wav,5305
guitar_electronic_017-056-025,train,guitar,guitar_electronic_017,56,middle,25,data/raw/nsynth/extracted/nsynth-train/audio/guitar_electronic_017-056-025.wav,5305
guitar_electronic_033-056-025,train,guitar,guitar_electronic_033,56,middle,25,data/raw/nsynth/extracted/nsynth-train/audio/guitar_electronic_033-056-025.wav,5305
guitar_synthetic_007-056-025,train,guitar,guitar_synthetic_007,56,middle,25,data/raw/nsynth/extracted/nsynth-train/audio/guitar_synthetic_007-056-025.wav,5305
guitar_acoustic_034-056-050,train,guitar,guitar_acoustic_034,56,middle,50,data/raw/nsynth/extracted/nsynth-train/audio/guitar_acoustic_034-056-050.wav,5305
guitar_electronic_015-056-050,train,guitar,guitar_electronic_015,56,middle,50,data/raw/nsynth/extracted/nsynth-train/audio/guitar_electronic_015-056-050.wav,5305
guitar_electronic_034-056-050,train,guitar,guitar_electronic_034,56,middle,50,data/raw/nsynth/extracted/nsynth-train/audio/guitar_electronic_034-056-050.wav,5305
guitar_acoustic_017-056-075,train,guitar,guitar_acoustic_017,56,middle,75,data/raw/nsynth/extracted/nsynth-train/audio/guitar_acoustic_017-056-075.wav,5305
guitar_electronic_017-056-075,train,guitar,guitar_electronic_017,56,middle,75,data/raw/nsynth/extracted/nsynth-train/audio/guitar_electronic_017-056-075.wav,5305
guitar_electronic_027-056-075,train,guitar,guitar_electronic_027,56,middle,75,data/raw/nsynth/extracted/nsynth-train/audio/guitar_electronic_027-056-075.wav,5305
guitar_electronic_042-056-075,train,guitar,guitar_electronic_042,56,middle,75,data/raw/nsynth/extracted/nsynth-train/audio/guitar_electronic_042-056-075.wav,5305
guitar_acoustic_004-056-100,train,guitar,guitar_acoustic_004,56,middle,100,data/raw/nsynth/extracted/nsynth-train/audio/guitar_acoustic_004-056-100.wav,5305
guitar_synthetic_000-056-100,train,guitar,guitar_synthetic_000,56,middle,100,data/raw/nsynth/extracted/nsynth-train/audio/guitar_synthetic_000-056-100.wav,5305
guitar_synthetic_001-056-100,train,guitar,guitar_synthetic_001,56,middle,100,data/raw/nsynth/extracted/nsynth-train/audio/guitar_synthetic_001-056-100.wav,5305
guitar_synthetic_004-056-100,train,guitar,guitar_synthetic_004,56,middle,100,data/raw/nsynth/extracted/nsynth-train/audio/guitar_synthetic_004-056-100.wav,5305
guitar_synthetic_006-056-100,train,guitar,guitar_synthetic_006,56,middle,100,data/raw/nsynth/extracted/nsynth-train/audio/guitar_synthetic_006-056-100.wav,5305
guitar_electronic_012-056-127,train,guitar,guitar_electronic_012,56,middle,127,data/raw/nsynth/extracted/nsynth-train/audio/guitar_electronic_012-056-127.wav,5305
guitar_electronic_029-056-127,train,guitar,guitar_electronic_029,56,middle,127,data/raw/nsynth/extracted/nsynth-train/audio/guitar_electronic_029-056-127.wav,5305
guitar_electronic_046-056-127,train,guitar,guitar_electronic_046,56,middle,127,data/raw/nsynth/extracted/nsynth-train/audio/guitar_electronic_046-056-127.wav,5305
guitar_acoustic_002-057-025,train,guitar,guitar_acoustic_002,57,middle,25,data/raw/nsynth/extracted/nsynth-train/audio/guitar_acoustic_002-057-025.wav,5305
guitar_acoustic_018-057-025,train,guitar,guitar_acoustic_018,57,middle,25,data/raw/nsynth/extracted/nsynth-train/audio/guitar_acoustic_018-057-025.wav,5305
guitar_electronic_010-057-025,train,guitar,guitar_electronic_010,57,middle,25,data/raw/nsynth/extracted/nsynth-train/audio/guitar_electronic_010-057-025.wav,5305
guitar_electronic_013-057-025,train,guitar,guitar_electronic_013,57,middle,25,data/raw/nsynth/extracted/nsynth-train/audio/guitar_electronic_013-057-025.wav,5305
guitar_electronic_032-057-025,train,guitar,guitar_electronic_032,57,middle,25,data/raw/nsynth/extracted/nsynth-train/audio/guitar_electronic_032-057-025.wav,5305
guitar_electronic_035-057-025,train,guitar,guitar_electronic_035,57,middle,25,data/raw/nsynth/extracted/nsynth-train/audio/guitar_electronic_035-057-025.wav,5305
guitar_synthetic_009-057-025,train,guitar,guitar_synthetic_009,57,middle,25,data/raw/nsynth/extracted/nsynth-train/audio/guitar_synthetic_009-057-025.wav,5305
guitar_acoustic_002-057-050,train,guitar,guitar_acoustic_002,57,middle,50,data/raw/nsynth/extracted/nsynth-train/audio/guitar_acoustic_002-057-050.wav,5305
guitar_acoustic_006-057-050,train,guitar,guitar_acoustic_006,57,middle,50,data/raw/nsynth/extracted/nsynth-train/audio/guitar_acoustic_006-057-050.wav,5305
guitar_acoustic_023-057-050,train,guitar,guitar_acoustic_023,57,middle,50,data/raw/nsynth/extracted/nsynth-train/audio/guitar_acoustic_023-057-050.wav,5305
guitar_electronic_021-057-050,train,guitar,guitar_electronic_021,57,middle,50,data/raw/nsynth/extracted/nsynth-train/audio/guitar_electronic_021-057-050.wav,5305
guitar_electronic_027-057-050,train,guitar,guitar_electronic_027,57,middle,50,data/raw/nsynth/extracted/nsynth-train/audio/guitar_electronic_027-057-050.wav,5305
guitar_electronic_042-057-050,train,guitar,guitar_electronic_042,57,middle,50,data/raw/nsynth/extracted/nsynth-train/audio/guitar_electronic_042-057-050.wav,5305
guitar_electronic_044-057-050,train,guitar,guitar_electronic_044,57,middle,50,data/raw/nsynth/extracted/nsynth-train/audio/guitar_electronic_044-057-050.wav,5305
guitar_electronic_006-057-075,train,guitar,guitar_electronic_006,57,middle,75,data/raw/nsynth/extracted/nsynth-train/audio/guitar_electronic_006-057-075.wav,5305
guitar_electronic_012-057-075,train,guitar,guitar_electronic_012,57,middle,75,data/raw/nsynth/extracted/nsynth-train/audio/guitar_electronic_012-057-075.wav,5305
guitar_electronic_017-057-075,train,guitar,guitar_electronic_017,57,middle,75,data/raw/nsynth/extracted/nsynth-train/audio/guitar_electronic_017-057-075.wav,5305
guitar_electronic_042-057-075,train,guitar,guitar_electronic_042,57,middle,75,data/raw/nsynth/extracted/nsynth-train/audio/guitar_electronic_042-057-075.wav,5305
guitar_electronic_043-057-075,train,guitar,guitar_electronic_043,57,middle,75,data/raw/nsynth/extracted/nsynth-train/audio/guitar_electronic_043-057-075.wav,5305
guitar_synthetic_000-057-075,train,guitar,guitar_synthetic_000,57,middle,75,data/raw/nsynth/extracted/nsynth-train/audio/guitar_synthetic_000-057-075.wav,5305
guitar_synthetic_003-057-075,train,guitar,guitar_synthetic_003,57,middle,75,data/raw/nsynth/extracted/nsynth-train/audio/guitar_synthetic_003-057-075.wav,5305
guitar_acoustic_009-057-100,train,guitar,guitar_acoustic_009,57,middle,100,data/raw/nsynth/extracted/nsynth-train/audio/guitar_acoustic_009-057-100.wav,5305
guitar_electronic_024-057-100,train,guitar,guitar_electronic_024,57,middle,100,data/raw/nsynth/extracted/nsynth-train/audio/guitar_electronic_024-057-100.wav,5305
guitar_electronic_029-057-100,train,guitar,guitar_electronic_029,57,middle,100,data/raw/nsynth/extracted/nsynth-train/audio/guitar_electronic_029-057-100.wav,5305
guitar_synthetic_003-057-100,train,guitar,guitar_synthetic_003,57,middle,100,data/raw/nsynth/extracted/nsynth-train/audio/guitar_synthetic_003-057-100.wav,5305
guitar_acoustic_024-057-127,train,guitar,guitar_acoustic_024,57,middle,127,data/raw/nsynth/extracted/nsynth-train/audio/guitar_acoustic_024-057-127.wav,5305
guitar_acoustic_025-057-127,train,guitar,guitar_acoustic_025,57,middle,127,data/raw/nsynth/extracted/nsynth-train/audio/guitar_acoustic_025-057-127.wav,5305
guitar_acoustic_026-057-127,train,guitar,guitar_acoustic_026,57,middle,127,data/raw/nsynth/extracted/nsynth-train/audio/guitar_acoustic_026-057-127.wav,5305
guitar_electronic_010-057-127,train,guitar,guitar_electronic_010,57,middle,127,data/raw/nsynth/extracted/nsynth-train/audio/guitar_electronic_010-057-127.wav,5305
guitar_electronic_016-057-127,train,guitar,guitar_electronic_016,57,middle,127,data/raw/nsynth/extracted/nsynth-train/audio/guitar_electronic_016-057-127.wav,5305
guitar_electronic_030-057-127,train,guitar,guitar_electronic_030,57,middle,127,data/raw/nsynth/extracted/nsynth-train/audio/guitar_electronic_030-057-127.wav,5305
guitar_electronic_037-057-127,train,guitar,guitar_electronic_037,57,middle,127,data/raw/nsynth/extracted/nsynth-train/audio/guitar_electronic_037-057-127.wav,5305
guitar_acoustic_007-058-025,train,guitar,guitar_acoustic_007,58,middle,25,data/raw/nsynth/extracted/nsynth-train/audio/guitar_acoustic_007-058-025.wav,5305
guitar_acoustic_008-058-025,train,guitar,guitar_acoustic_008,58,middle,25,data/raw/nsynth/extracted/nsynth-train/audio/guitar_acoustic_008-058-025.wav,5305
guitar_acoustic_012-058-025,train,guitar,guitar_acoustic_012,58,middle,25,data/raw/nsynth/extracted/nsynth-train/audio/guitar_acoustic_012-058-025.wav,5305
guitar_acoustic_016-058-025,train,guitar,guitar_acoustic_016,58,middle,25,data/raw/nsynth/extracted/nsynth-train/audio/guitar_acoustic_016-058-025.wav,5305
guitar_acoustic_017-058-025,train,guitar,guitar_acoustic_017,58,middle,25,data/raw/nsynth/extracted/nsynth-train/audio/guitar_acoustic_017-058-025.wav,5305
guitar_electronic_016-058-025,train,guitar,guitar_electronic_016,58,middle,25,data/raw/nsynth/extracted/nsynth-train/audio/guitar_electronic_016-058-025.wav,5305
guitar_acoustic_016-058-050,train,guitar,guitar_acoustic_016,58,middle,50,data/raw/nsynth/extracted/nsynth-train/audio/guitar_acoustic_016-058-050.wav,5305
guitar_electronic_006-058-050,train,guitar,guitar_electronic_006,58,middle,50,data/raw/nsynth/extracted/nsynth-train/audio/guitar_electronic_006-058-050.wav,5305
guitar_electronic_021-058-050,train,guitar,guitar_electronic_021,58,middle,50,data/raw/nsynth/extracted/nsynth-train/audio/guitar_electronic_021-058-050.wav,5305
guitar_electronic_038-058-050,train,guitar,guitar_electronic_038,58,middle,50,data/raw/nsynth/extracted/nsynth-train/audio/guitar_electronic_038-058-050.wav,5305
guitar_electronic_044-058-050,train,guitar,guitar_electronic_044,58,middle,50,data/raw/nsynth/extracted/nsynth-train/audio/guitar_electronic_044-058-050.wav,5305
guitar_synthetic_007-058-050,train,guitar,guitar_synthetic_007,58,middle,50,data/raw/nsynth/extracted/nsynth-train/audio/guitar_synthetic_007-058-050.wav,5305
guitar_acoustic_009-058-075,train,guitar,guitar_acoustic_009,58,middle,75,data/raw/nsynth/extracted/nsynth-train/audio/guitar_acoustic_009-058-075.wav,5305
guitar_electronic_000-058-075,train,guitar,guitar_electronic_000,58,middle,75,data/raw/nsynth/extracted/nsynth-train/audio/guitar_electronic_000-058-075.wav,5305
guitar_electronic_030-058-075,train,guitar,guitar_electronic_030,58,middle,75,data/raw/nsynth/extracted/nsynth-train/audio/guitar_electronic_030-058-075.wav,5305
guitar_synthetic_008-058-075,train,guitar,guitar_synthetic_008,58,middle,75,data/raw/nsynth/extracted/nsynth-train/audio/guitar_synthetic_008-058-075.wav,5305
guitar_synthetic_009-058-075,train,guitar,guitar_synthetic_009,58,middle,75,data/raw/nsynth/extracted/nsynth-train/audio/guitar_synthetic_009-058-075.wav,5305
guitar_acoustic_008-058-100,train,guitar,guitar_acoustic_008,58,middle,100,data/raw/nsynth/extracted/nsynth-train/audio/guitar_acoustic_008-058-100.wav,5305
guitar_electronic_006-058-100,train,guitar,guitar_electronic_006,58,middle,100,data/raw/nsynth/extracted/nsynth-train/audio/guitar_electronic_006-058-100.wav,5305
guitar_electronic_029-058-100,train,guitar,guitar_electronic_029,58,middle,100,data/raw/nsynth/extracted/nsynth-train/audio/guitar_electronic_029-058-100.wav,5305
guitar_acoustic_008-058-127,train,guitar,guitar_acoustic_008,58,middle,127,data/raw/nsynth/extracted/nsynth-train/audio/guitar_acoustic_008-058-127.wav,5305
guitar_electronic_004-058-127,train,guitar,guitar_electronic_004,58,middle,127,data/raw/nsynth/extracted/nsynth-train/audio/guitar_electronic_004-058-127.wav,5305
guitar_electronic_018-058-127,train,guitar,guitar_electronic_018,58,middle,127,data/raw/nsynth/extracted/nsynth-train/audio/guitar_electronic_018-058-127.wav,5305
guitar_acoustic_003-059-025,train,guitar,guitar_acoustic_003,59,middle,25,data/raw/nsynth/extracted/nsynth-train/audio/guitar_acoustic_003-059-025.wav,5305
guitar_acoustic_004-059-025,train,guitar,guitar_acoustic_004,59,middle,25,data/raw/nsynth/extracted/nsynth-train/audio/guitar_acoustic_004-059-025.wav,5305
guitar_acoustic_018-059-025,train,guitar,guitar_acoustic_018,59,middle,25,data/raw/nsynth/extracted/nsynth-train/audio/guitar_acoustic_018-059-025.wav,5305
guitar_acoustic_034-059-025,train,guitar,guitar_acoustic_034,59,middle,25,data/raw/nsynth/extracted/nsynth-train/audio/guitar_acoustic_034-059-025.wav,5305
guitar_electronic_007-059-025,train,guitar,guitar_electronic_007,59,middle,25,data/raw/nsynth/extracted/nsynth-train/audio/guitar_electronic_007-059-025.wav,5305
guitar_electronic_036-059-025,train,guitar,guitar_electronic_036,59,middle,25,data/raw/nsynth/extracted/nsynth-train/audio/guitar_electronic_036-059-025.wav,5305
guitar_electronic_019-059-050,train,guitar,guitar_electronic_019,59,middle,50,data/raw/nsynth/extracted/nsynth-train/audio/guitar_electronic_019-059-050.wav,5305
guitar_electronic_039-059-050,train,guitar,guitar_electronic_039,59,middle,50,data/raw/nsynth/extracted/nsynth-train/audio/guitar_electronic_039-059-050.wav,5305
guitar_acoustic_007-059-075,train,guitar,guitar_acoustic_007,59,middle,75,data/raw/nsynth/extracted/nsynth-train/audio/guitar_acoustic_007-059-075.wav,5305
guitar_electronic_018-059-075,train,guitar,guitar_electronic_018,59,middle,75,data/raw/nsynth/extracted/nsynth-train/audio/guitar_electronic_018-059-075.wav,5305
guitar_electronic_029-059-075,train,guitar,guitar_electronic_029,59,middle,75,data/raw/nsynth/extracted/nsynth-train/audio/guitar_electronic_029-059-075.wav,5305
guitar_electronic_030-059-075,train,guitar,guitar_electronic_030,59,middle,75,data/raw/nsynth/extracted/nsynth-train/audio/guitar_electronic_030-059-075.wav,5305
guitar_electronic_038-059-075,train,guitar,guitar_electronic_038,59,middle,75,data/raw/nsynth/extracted/nsynth-train/audio/guitar_electronic_038-059-075.wav,5305
guitar_acoustic_011-059-100,train,guitar,guitar_acoustic_011,59,middle,100,data/raw/nsynth/extracted/nsynth-train/audio/guitar_acoustic_011-059-100.wav,5305
guitar_electronic_001-059-100,train,guitar,guitar_electronic_001,59,middle,100,data/raw/nsynth/extracted/nsynth-train/audio/guitar_electronic_001-059-100.wav,5305
guitar_electronic_006-059-100,train,guitar,guitar_electronic_006,59,middle,100,data/raw/nsynth/extracted/nsynth-train/audio/guitar_electronic_006-059-100.wav,5305
guitar_electronic_011-059-100,train,guitar,guitar_electronic_011,59,middle,100,data/raw/nsynth/extracted/nsynth-train/audio/guitar_electronic_011-059-100.wav,5305
guitar_acoustic_007-059-127,train,guitar,guitar_acoustic_007,59,middle,127,data/raw/nsynth/extracted/nsynth-train/audio/guitar_acoustic_007-059-127.wav,5305
guitar_acoustic_020-059-127,train,guitar,guitar_acoustic_020,59,middle,127,data/raw/nsynth/extracted/nsynth-train/audio/guitar_acoustic_020-059-127.wav,5305
guitar_acoustic_031-059-127,train,guitar,guitar_acoustic_031,59,middle,127,data/raw/nsynth/extracted/nsynth-train/audio/guitar_acoustic_031-059-127.wav,5305
guitar_synthetic_005-059-127,train,guitar,guitar_synthetic_005,59,middle,127,data/raw/nsynth/extracted/nsynth-train/audio/guitar_synthetic_005-059-127.wav,5305
guitar_synthetic_010-059-127,train,guitar,guitar_synthetic_010,59,middle,127,data/raw/nsynth/extracted/nsynth-train/audio/guitar_synthetic_010-059-127.wav,5305
guitar_acoustic_022-060-025,train,guitar,guitar_acoustic_022,60,middle,25,data/raw/nsynth/extracted/nsynth-train/audio/guitar_acoustic_022-060-025.wav,5305
guitar_acoustic_034-060-025,train,guitar,guitar_acoustic_034,60,middle,25,data/raw/nsynth/extracted/nsynth-train/audio/guitar_acoustic_034-060-025.wav,5305
guitar_electronic_030-060-025,train,guitar,guitar_electronic_030,60,middle,25,data/raw/nsynth/extracted/nsynth-train/audio/guitar_electronic_030-060-025.wav,5305
guitar_electronic_034-060-050,train,guitar,guitar_electronic_034,60,middle,50,data/raw/nsynth/extracted/nsynth-train/audio/guitar_electronic_034-060-050.wav,5305
guitar_electronic_035-060-050,train,guitar,guitar_electronic_035,60,middle,50,data/raw/nsynth/extracted/nsynth-train/audio/guitar_electronic_035-060-050.wav,5305
guitar_synthetic_010-060-050,train,guitar,guitar_synthetic_010,60,middle,50,data/raw/nsynth/extracted/nsynth-train/audio/guitar_synthetic_010-060-050.wav,5305
guitar_acoustic_024-060-075,train,guitar,guitar_acoustic_024,60,middle,75,data/raw/nsynth/extracted/nsynth-train/audio/guitar_acoustic_024-060-075.wav,5305
guitar_acoustic_028-060-075,train,guitar,guitar_acoustic_028,60,middle,75,data/raw/nsynth/extracted/nsynth-train/audio/guitar_acoustic_028-060-075.wav,5305
guitar_electronic_038-060-075,train,guitar,guitar_electronic_038,60,middle,75,data/raw/nsynth/extracted/nsynth-train/audio/guitar_electronic_038-060-075.wav,5305
guitar_acoustic_006-060-100,train,guitar,guitar_acoustic_006,60,middle,100,data/raw/nsynth/extracted/nsynth-train/audio/guitar_acoustic_006-060-100.wav,5305
guitar_acoustic_009-060-100,train,guitar,guitar_acoustic_009,60,middle,100,data/raw/nsynth/extracted/nsynth-train/audio/guitar_acoustic_009-060-100.wav,5305
guitar_acoustic_011-060-100,train,guitar,guitar_acoustic_011,60,middle,100,data/raw/nsynth/extracted/nsynth-train/audio/guitar_acoustic_011-060-100.wav,5305
guitar_acoustic_019-060-100,train,guitar,guitar_acoustic_019,60,middle,100,data/raw/nsynth/extracted/nsynth-train/audio/guitar_acoustic_019-060-100.wav,5305
guitar_acoustic_025-060-100,train,guitar,guitar_acoustic_025,60,middle,100,data/raw/nsynth/extracted/nsynth-train/audio/guitar_acoustic_025-060-100.wav,5305
guitar_electronic_009-060-100,train,guitar,guitar_electronic_009,60,middle,100,data/raw/nsynth/extracted/nsynth-train/audio/guitar_electronic_009-060-100.wav,5305
guitar_electronic_023-060-100,train,guitar,guitar_electronic_023,60,middle,100,data/raw/nsynth/extracted/nsynth-train/audio/guitar_electronic_023-060-100.wav,5305
guitar_synthetic_002-060-100,train,guitar,guitar_synthetic_002,60,middle,100,data/raw/nsynth/extracted/nsynth-train/audio/guitar_synthetic_002-060-100.wav,5305
guitar_acoustic_001-060-127,train,guitar,guitar_acoustic_001,60,middle,127,data/raw/nsynth/extracted/nsynth-train/audio/guitar_acoustic_001-060-127.wav,5305
guitar_acoustic_013-060-127,train,guitar,guitar_acoustic_013,60,middle,127,data/raw/nsynth/extracted/nsynth-train/audio/guitar_acoustic_013-060-127.wav,5305
guitar_electronic_004-060-127,train,guitar,guitar_electronic_004,60,middle,127,data/raw/nsynth/extracted/nsynth-train/audio/guitar_electronic_004-060-127.wav,5305
guitar_electronic_012-060-127,train,guitar,guitar_electronic_012,60,middle,127,data/raw/nsynth/extracted/nsynth-train/audio/guitar_electronic_012-060-127.wav,5305
guitar_electronic_030-060-127,train,guitar,guitar_electronic_030,60,middle,127,data/raw/nsynth/extracted/nsynth-train/audio/guitar_electronic_030-060-127.wav,5305
guitar_acoustic_006-061-025,train,guitar,guitar_acoustic_006,61,upper,25,data/raw/nsynth/extracted/nsynth-train/audio/guitar_acoustic_006-061-025.wav,5305
guitar_acoustic_022-061-025,train,guitar,guitar_acoustic_022,61,upper,25,data/raw/nsynth/extracted/nsynth-train/audio/guitar_acoustic_022-061-025.wav,5305
guitar_electronic_013-061-025,train,guitar,guitar_electronic_013,61,upper,25,data/raw/nsynth/extracted/nsynth-train/audio/guitar_electronic_013-061-025.wav,5305
guitar_electronic_018-061-025,train,guitar,guitar_electronic_018,61,upper,25,data/raw/nsynth/extracted/nsynth-train/audio/guitar_electronic_018-061-025.wav,5305
guitar_electronic_024-061-025,train,guitar,guitar_electronic_024,61,upper,25,data/raw/nsynth/extracted/nsynth-train/audio/guitar_electronic_024-061-025.wav,5305
guitar_acoustic_002-061-050,train,guitar,guitar_acoustic_002,61,upper,50,data/raw/nsynth/extracted/nsynth-train/audio/guitar_acoustic_002-061-050.wav,5305
guitar_acoustic_017-061-050,train,guitar,guitar_acoustic_017,61,upper,50,data/raw/nsynth/extracted/nsynth-train/audio/guitar_acoustic_017-061-050.wav,5305
guitar_acoustic_020-061-050,train,guitar,guitar_acoustic_020,61,upper,50,data/raw/nsynth/extracted/nsynth-train/audio/guitar_acoustic_020-061-050.wav,5305
guitar_electronic_019-061-050,train,guitar,guitar_electronic_019,61,upper,50,data/raw/nsynth/extracted/nsynth-train/audio/guitar_electronic_019-061-050.wav,5305
guitar_electronic_030-061-050,train,guitar,guitar_electronic_030,61,upper,50,data/raw/nsynth/extracted/nsynth-train/audio/guitar_electronic_030-061-050.wav,5305
guitar_electronic_031-061-050,train,guitar,guitar_electronic_031,61,upper,50,data/raw/nsynth/extracted/nsynth-train/audio/guitar_electronic_031-061-050.wav,5305
guitar_electronic_039-061-050,train,guitar,guitar_electronic_039,61,upper,50,data/raw/nsynth/extracted/nsynth-train/audio/guitar_electronic_039-061-050.wav,5305
guitar_synthetic_005-061-050,train,guitar,guitar_synthetic_005,61,upper,50,data/raw/nsynth/extracted/nsynth-train/audio/guitar_synthetic_005-061-050.wav,5305
guitar_acoustic_017-061-075,train,guitar,guitar_acoustic_017,61,upper,75,data/raw/nsynth/extracted/nsynth-train/audio/guitar_acoustic_017-061-075.wav,5305
guitar_acoustic_022-061-075,train,guitar,guitar_acoustic_022,61,upper,75,data/raw/nsynth/extracted/nsynth-train/audio/guitar_acoustic_022-061-075.wav,5305
guitar_acoustic_023-061-075,train,guitar,guitar_acoustic_023,61,upper,75,data/raw/nsynth/extracted/nsynth-train/audio/guitar_acoustic_023-061-075.wav,5305
guitar_electronic_010-061-075,train,guitar,guitar_electronic_010,61,upper,75,data/raw/nsynth/extracted/nsynth-train/audio/guitar_electronic_010-061-075.wav,5305
guitar_electronic_045-061-075,train,guitar,guitar_electronic_045,61,upper,75,data/raw/nsynth/extracted/nsynth-train/audio/guitar_electronic_045-061-075.wav,5305
guitar_electronic_006-061-100,train,guitar,guitar_electronic_006,61,upper,100,data/raw/nsynth/extracted/nsynth-train/audio/guitar_electronic_006-061-100.wav,5305
guitar_electronic_023-061-100,train,guitar,guitar_electronic_023,61,upper,100,data/raw/nsynth/extracted/nsynth-train/audio/guitar_electronic_023-061-100.wav,5305
guitar_electronic_032-061-100,train,guitar,guitar_electronic_032,61,upper,100,data/raw/nsynth/extracted/nsynth-train/audio/guitar_electronic_032-061-100.wav,5305
guitar_acoustic_031-061-127,train,guitar,guitar_acoustic_031,61,upper,127,data/raw/nsynth/extracted/nsynth-train/audio/guitar_acoustic_031-061-127.wav,5305
guitar_electronic_005-061-127,train,guitar,guitar_electronic_005,61,upper,127,data/raw/nsynth/extracted/nsynth-train/audio/guitar_electronic_005-061-127.wav,5305
guitar_electronic_024-061-127,train,guitar,guitar_electronic_024,61,upper,127,data/raw/nsynth/extracted/nsynth-train/audio/guitar_electronic_024-061-127.wav,5305
guitar_synthetic_003-061-127,train,guitar,guitar_synthetic_003,61,upper,127,data/raw/nsynth/extracted/nsynth-train/audio/guitar_synthetic_003-061-127.wav,5305
guitar_electronic_009-062-025,train,guitar,guitar_electronic_009,62,upper,25,data/raw/nsynth/extracted/nsynth-train/audio/guitar_electronic_009-062-025.wav,5305
guitar_electronic_010-062-025,train,guitar,guitar_electronic_010,62,upper,25,data/raw/nsynth/extracted/nsynth-train/audio/guitar_electronic_010-062-025.wav,5305
guitar_electronic_040-062-025,train,guitar,guitar_electronic_040,62,upper,25,data/raw/nsynth/extracted/nsynth-train/audio/guitar_electronic_040-062-025.wav,5305
guitar_synthetic_011-062-025,train,guitar,guitar_synthetic_011,62,upper,25,data/raw/nsynth/extracted/nsynth-train/audio/guitar_synthetic_011-062-025.wav,5305
guitar_electronic_001-062-050,train,guitar,guitar_electronic_001,62,upper,50,data/raw/nsynth/extracted/nsynth-train/audio/guitar_electronic_001-062-050.wav,5305
guitar_electronic_008-062-050,train,guitar,guitar_electronic_008,62,upper,50,data/raw/nsynth/extracted/nsynth-train/audio/guitar_electronic_008-062-050.wav,5305
guitar_electronic_013-062-075,train,guitar,guitar_electronic_013,62,upper,75,data/raw/nsynth/extracted/nsynth-train/audio/guitar_electronic_013-062-075.wav,5305
guitar_electronic_040-062-075,train,guitar,guitar_electronic_040,62,upper,75,data/raw/nsynth/extracted/nsynth-train/audio/guitar_electronic_040-062-075.wav,5305
guitar_electronic_042-062-075,train,guitar,guitar_electronic_042,62,upper,75,data/raw/nsynth/extracted/nsynth-train/audio/guitar_electronic_042-062-075.wav,5305
guitar_acoustic_005-062-100,train,guitar,guitar_acoustic_005,62,upper,100,data/raw/nsynth/extracted/nsynth-train/audio/guitar_acoustic_005-062-100.wav,5305
guitar_acoustic_023-062-100,train,guitar,guitar_acoustic_023,62,upper,100,data/raw/nsynth/extracted/nsynth-train/audio/guitar_acoustic_023-062-100.wav,5305
guitar_electronic_026-062-100,train,guitar,guitar_electronic_026,62,upper,100,data/raw/nsynth/extracted/nsynth-train/audio/guitar_electronic_026-062-100.wav,5305
guitar_electronic_037-062-100,train,guitar,guitar_electronic_037,62,upper,100,data/raw/nsynth/extracted/nsynth-train/audio/guitar_electronic_037-062-100.wav,5305
guitar_electronic_043-062-100,train,guitar,guitar_electronic_043,62,upper,100,data/raw/nsynth/extracted/nsynth-train/audio/guitar_electronic_043-062-100.wav,5305
guitar_electronic_044-062-100,train,guitar,guitar_electronic_044,62,upper,100,data/raw/nsynth/extracted/nsynth-train/audio/guitar_electronic_044-062-100.wav,5305
guitar_acoustic_009-062-127,train,guitar,guitar_acoustic_009,62,upper,127,data/raw/nsynth/extracted/nsynth-train/audio/guitar_acoustic_009-062-127.wav,5305
guitar_electronic_015-062-127,train,guitar,guitar_electronic_015,62,upper,127,data/raw/nsynth/extracted/nsynth-train/audio/guitar_electronic_015-062-127.wav,5305
guitar_electronic_018-062-127,train,guitar,guitar_electronic_018,62,upper,127,data/raw/nsynth/extracted/nsynth-train/audio/guitar_electronic_018-062-127.wav,5305
guitar_acoustic_001-063-025,train,guitar,guitar_acoustic_001,63,upper,25,data/raw/nsynth/extracted/nsynth-train/audio/guitar_acoustic_001-063-025.wav,5305
guitar_acoustic_002-063-025,train,guitar,guitar_acoustic_002,63,upper,25,data/raw/nsynth/extracted/nsynth-train/audio/guitar_acoustic_002-063-025.wav,5305
guitar_acoustic_007-063-025,train,guitar,guitar_acoustic_007,63,upper,25,data/raw/nsynth/extracted/nsynth-train/audio/guitar_acoustic_007-063-025.wav,5305
guitar_electronic_012-063-025,train,guitar,guitar_electronic_012,63,upper,25,data/raw/nsynth/extracted/nsynth-train/audio/guitar_electronic_012-063-025.wav,5305
guitar_electronic_021-063-025,train,guitar,guitar_electronic_021,63,upper,25,data/raw/nsynth/extracted/nsynth-train/audio/guitar_electronic_021-063-025.wav,5305
guitar_electronic_024-063-025,train,guitar,guitar_electronic_024,63,upper,25,data/raw/nsynth/extracted/nsynth-train/audio/guitar_electronic_024-063-025.wav,5305
guitar_electronic_029-063-025,train,guitar,guitar_electronic_029,63,upper,25,data/raw/nsynth/extracted/nsynth-train/audio/guitar_electronic_029-063-025.wav,5305
guitar_synthetic_011-063-025,train,guitar,guitar_synthetic_011,63,upper,25,data/raw/nsynth/extracted/nsynth-train/audio/guitar_synthetic_011-063-025.wav,5305
guitar_acoustic_013-063-050,train,guitar,guitar_acoustic_013,63,upper,50,data/raw/nsynth/extracted/nsynth-train/audio/guitar_acoustic_013-063-050.wav,5305
guitar_acoustic_027-063-050,train,guitar,guitar_acoustic_027,63,upper,50,data/raw/nsynth/extracted/nsynth-train/audio/guitar_acoustic_027-063-050.wav,5305
guitar_electronic_044-063-050,train,guitar,guitar_electronic_044,63,upper,50,data/raw/nsynth/extracted/nsynth-train/audio/guitar_electronic_044-063-050.wav,5305
guitar_synthetic_010-063-050,train,guitar,guitar_synthetic_010,63,upper,50,data/raw/nsynth/extracted/nsynth-train/audio/guitar_synthetic_010-063-050.wav,5305
guitar_electronic_007-063-075,train,guitar,guitar_electronic_007,63,upper,75,data/raw/nsynth/extracted/nsynth-train/audio/guitar_electronic_007-063-075.wav,5305
guitar_electronic_032-063-075,train,guitar,guitar_electronic_032,63,upper,75,data/raw/nsynth/extracted/nsynth-train/audio/guitar_electronic_032-063-075.wav,5305
guitar_electronic_034-063-075,train,guitar,guitar_electronic_034,63,upper,75,data/raw/nsynth/extracted/nsynth-train/audio/guitar_electronic_034-063-075.wav,5305
guitar_acoustic_019-063-100,train,guitar,guitar_acoustic_019,63,upper,100,data/raw/nsynth/extracted/nsynth-train/audio/guitar_acoustic_019-063-100.wav,5305
guitar_electronic_023-063-100,train,guitar,guitar_electronic_023,63,upper,100,data/raw/nsynth/extracted/nsynth-train/audio/guitar_electronic_023-063-100.wav,5305
guitar_electronic_037-063-100,train,guitar,guitar_electronic_037,63,upper,100,data/raw/nsynth/extracted/nsynth-train/audio/guitar_electronic_037-063-100.wav,5305
guitar_acoustic_001-063-127,train,guitar,guitar_acoustic_001,63,upper,127,data/raw/nsynth/extracted/nsynth-train/audio/guitar_acoustic_001-063-127.wav,5305
guitar_acoustic_004-063-127,train,guitar,guitar_acoustic_004,63,upper,127,data/raw/nsynth/extracted/nsynth-train/audio/guitar_acoustic_004-063-127.wav,5305
guitar_electronic_014-063-127,train,guitar,guitar_electronic_014,63,upper,127,data/raw/nsynth/extracted/nsynth-train/audio/guitar_electronic_014-063-127.wav,5305
guitar_electronic_032-063-127,train,guitar,guitar_electronic_032,63,upper,127,data/raw/nsynth/extracted/nsynth-train/audio/guitar_electronic_032-063-127.wav,5305
guitar_synthetic_007-063-127,train,guitar,guitar_synthetic_007,63,upper,127,data/raw/nsynth/extracted/nsynth-train/audio/guitar_synthetic_007-063-127.wav,5305
guitar_acoustic_011-064-025,train,guitar,guitar_acoustic_011,64,upper,25,data/raw/nsynth/extracted/nsynth-train/audio/guitar_acoustic_011-064-025.wav,5305
guitar_acoustic_018-064-025,train,guitar,guitar_acoustic_018,64,upper,25,data/raw/nsynth/extracted/nsynth-train/audio/guitar_acoustic_018-064-025.wav,5305
guitar_synthetic_000-064-025,train,guitar,guitar_synthetic_000,64,upper,25,data/raw/nsynth/extracted/nsynth-train/audio/guitar_synthetic_000-064-025.wav,5305
guitar_acoustic_031-064-050,train,guitar,guitar_acoustic_031,64,upper,50,data/raw/nsynth/extracted/nsynth-train/audio/guitar_acoustic_031-064-050.wav,5305
guitar_electronic_001-064-050,train,guitar,guitar_electronic_001,64,upper,50,data/raw/nsynth/extracted/nsynth-train/audio/guitar_electronic_001-064-050.wav,5305
guitar_electronic_040-064-050,train,guitar,guitar_electronic_040,64,upper,50,data/raw/nsynth/extracted/nsynth-train/audio/guitar_electronic_040-064-050.wav,5305
guitar_acoustic_000-064-075,train,guitar,guitar_acoustic_000,64,upper,75,data/raw/nsynth/extracted/nsynth-train/audio/guitar_acoustic_000-064-075.wav,5305
guitar_acoustic_016-064-075,train,guitar,guitar_acoustic_016,64,upper,75,data/raw/nsynth/extracted/nsynth-train/audio/guitar_acoustic_016-064-075.wav,5305
guitar_acoustic_032-064-075,train,guitar,guitar_acoustic_032,64,upper,75,data/raw/nsynth/extracted/nsynth-train/audio/guitar_acoustic_032-064-075.wav,5305
guitar_electronic_001-064-075,train,guitar,guitar_electronic_001,64,upper,75,data/raw/nsynth/extracted/nsynth-train/audio/guitar_electronic_001-064-075.wav,5305
guitar_electronic_043-064-075,train,guitar,guitar_electronic_043,64,upper,75,data/raw/nsynth/extracted/nsynth-train/audio/guitar_electronic_043-064-075.wav,5305
guitar_synthetic_001-064-075,train,guitar,guitar_synthetic_001,64,upper,75,data/raw/nsynth/extracted/nsynth-train/audio/guitar_synthetic_001-064-075.wav,5305
guitar_synthetic_012-064-075,train,guitar,guitar_synthetic_012,64,upper,75,data/raw/nsynth/extracted/nsynth-train/audio/guitar_synthetic_012-064-075.wav,5305
guitar_acoustic_002-064-100,train,guitar,guitar_acoustic_002,64,upper,100,data/raw/nsynth/extracted/nsynth-train/audio/guitar_acoustic_002-064-100.wav,5305
guitar_electronic_005-064-100,train,guitar,guitar_electronic_005,64,upper,100,data/raw/nsynth/extracted/nsynth-train/audio/guitar_electronic_005-064-100.wav,5305
guitar_synthetic_002-064-100,train,guitar,guitar_synthetic_002,64,upper,100,data/raw/nsynth/extracted/nsynth-train/audio/guitar_synthetic_002-064-100.wav,5305
guitar_synthetic_003-064-100,train,guitar,guitar_synthetic_003,64,upper,100,data/raw/nsynth/extracted/nsynth-train/audio/guitar_synthetic_003-064-100.wav,5305
guitar_acoustic_013-064-127,train,guitar,guitar_acoustic_013,64,upper,127,data/raw/nsynth/extracted/nsynth-train/audio/guitar_acoustic_013-064-127.wav,5305
guitar_acoustic_016-064-127,train,guitar,guitar_acoustic_016,64,upper,127,data/raw/nsynth/extracted/nsynth-train/audio/guitar_acoustic_016-064-127.wav,5305
guitar_acoustic_029-064-127,train,guitar,guitar_acoustic_029,64,upper,127,data/raw/nsynth/extracted/nsynth-train/audio/guitar_acoustic_029-064-127.wav,5305
guitar_electronic_010-064-127,train,guitar,guitar_electronic_010,64,upper,127,data/raw/nsynth/extracted/nsynth-train/audio/guitar_electronic_010-064-127.wav,5305
guitar_electronic_031-064-127,train,guitar,guitar_electronic_031,64,upper,127,data/raw/nsynth/extracted/nsynth-train/audio/guitar_electronic_031-064-127.wav,5305
guitar_electronic_038-064-127,train,guitar,guitar_electronic_038,64,upper,127,data/raw/nsynth/extracted/nsynth-train/audio/guitar_electronic_038-064-127.wav,5305
guitar_electronic_010-065-025,train,guitar,guitar_electronic_010,65,upper,25,data/raw/nsynth/extracted/nsynth-train/audio/guitar_electronic_010-065-025.wav,5305
guitar_electronic_023-065-025,train,guitar,guitar_electronic_023,65,upper,25,data/raw/nsynth/extracted/nsynth-train/audio/guitar_electronic_023-065-025.wav,5305
guitar_electronic_024-065-025,train,guitar,guitar_electronic_024,65,upper,25,data/raw/nsynth/extracted/nsynth-train/audio/guitar_electronic_024-065-025.wav,5305
guitar_synthetic_003-065-025,train,guitar,guitar_synthetic_003,65,upper,25,data/raw/nsynth/extracted/nsynth-train/audio/guitar_synthetic_003-065-025.wav,5305
guitar_acoustic_020-065-050,train,guitar,guitar_acoustic_020,65,upper,50,data/raw/nsynth/extracted/nsynth-train/audio/guitar_acoustic_020-065-050.wav,5305
guitar_acoustic_031-065-050,train,guitar,guitar_acoustic_031,65,upper,50,data/raw/nsynth/extracted/nsynth-train/audio/guitar_acoustic_031-065-050.wav,5305
guitar_acoustic_033-065-050,train,guitar,guitar_acoustic_033,65,upper,50,data/raw/nsynth/extracted/nsynth-train/audio/guitar_acoustic_033-065-050.wav,5305
guitar_electronic_029-065-050,train,guitar,guitar_electronic_029,65,upper,50,data/raw/nsynth/extracted/nsynth-train/audio/guitar_electronic_029-065-050.wav,5305
guitar_electronic_045-065-050,train,guitar,guitar_electronic_045,65,upper,50,data/raw/nsynth/extracted/nsynth-train/audio/guitar_electronic_045-065-050.wav,5305
guitar_acoustic_011-065-075,train,guitar,guitar_acoustic_011,65,upper,75,data/raw/nsynth/extracted/nsynth-train/audio/guitar_acoustic_011-065-075.wav,5305
guitar_electronic_000-065-075,train,guitar,guitar_electronic_000,65,upper,75,data/raw/nsynth/extracted/nsynth-train/audio/guitar_electronic_000-065-075.wav,5305
guitar_electronic_010-065-075,train,guitar,guitar_electronic_010,65,upper,75,data/raw/nsynth/extracted/nsynth-train/audio/guitar_electronic_010-065-075.wav,5305
guitar_electronic_018-065-075,train,guitar,guitar_electronic_018,65,upper,75,data/raw/nsynth/extracted/nsynth-train/audio/guitar_electronic_018-065-075.wav,5305
guitar_electronic_031-065-075,train,guitar,guitar_electronic_031,65,upper,75,data/raw/nsynth/extracted/nsynth-train/audio/guitar_electronic_031-065-075.wav,5305
guitar_synthetic_000-065-075,train,guitar,guitar_synthetic_000,65,upper,75,data/raw/nsynth/extracted/nsynth-train/audio/guitar_synthetic_000-065-075.wav,5305
guitar_synthetic_001-065-075,train,guitar,guitar_synthetic_001,65,upper,75,data/raw/nsynth/extracted/nsynth-train/audio/guitar_synthetic_001-065-075.wav,5305
guitar_acoustic_028-065-100,train,guitar,guitar_acoustic_028,65,upper,100,data/raw/nsynth/extracted/nsynth-train/audio/guitar_acoustic_028-065-100.wav,5305
guitar_electronic_011-065-100,train,guitar,guitar_electronic_011,65,upper,100,data/raw/nsynth/extracted/nsynth-train/audio/guitar_electronic_011-065-100.wav,5305
guitar_electronic_042-065-100,train,guitar,guitar_electronic_042,65,upper,100,data/raw/nsynth/extracted/nsynth-train/audio/guitar_electronic_042-065-100.wav,5305
guitar_electronic_044-065-100,train,guitar,guitar_electronic_044,65,upper,100,data/raw/nsynth/extracted/nsynth-train/audio/guitar_electronic_044-065-100.wav,5305
guitar_synthetic_005-065-100,train,guitar,guitar_synthetic_005,65,upper,100,data/raw/nsynth/extracted/nsynth-train/audio/guitar_synthetic_005-065-100.wav,5305
guitar_acoustic_012-065-127,train,guitar,guitar_acoustic_012,65,upper,127,data/raw/nsynth/extracted/nsynth-train/audio/guitar_acoustic_012-065-127.wav,5305
guitar_acoustic_033-065-127,train,guitar,guitar_acoustic_033,65,upper,127,data/raw/nsynth/extracted/nsynth-train/audio/guitar_acoustic_033-065-127.wav,5305
guitar_synthetic_002-065-127,train,guitar,guitar_synthetic_002,65,upper,127,data/raw/nsynth/extracted/nsynth-train/audio/guitar_synthetic_002-065-127.wav,5305
guitar_synthetic_008-065-127,train,guitar,guitar_synthetic_008,65,upper,127,data/raw/nsynth/extracted/nsynth-train/audio/guitar_synthetic_008-065-127.wav,5305
guitar_acoustic_036-066-025,train,guitar,guitar_acoustic_036,66,upper,25,data/raw/nsynth/extracted/nsynth-train/audio/guitar_acoustic_036-066-025.wav,5305
guitar_electronic_004-066-025,train,guitar,guitar_electronic_004,66,upper,25,data/raw/nsynth/extracted/nsynth-train/audio/guitar_electronic_004-066-025.wav,5305
guitar_electronic_038-066-025,train,guitar,guitar_electronic_038,66,upper,25,data/raw/nsynth/extracted/nsynth-train/audio/guitar_electronic_038-066-025.wav,5305
guitar_acoustic_003-066-050,train,guitar,guitar_acoustic_003,66,upper,50,data/raw/nsynth/extracted/nsynth-train/audio/guitar_acoustic_003-066-050.wav,5305
guitar_acoustic_005-066-050,train,guitar,guitar_acoustic_005,66,upper,50,data/raw/nsynth/extracted/nsynth-train/audio/guitar_acoustic_005-066-050.wav,5305
guitar_acoustic_029-066-050,train,guitar,guitar_acoustic_029,66,upper,50,data/raw/nsynth/extracted/nsynth-train/audio/guitar_acoustic_029-066-050.wav,5305
guitar_electronic_004-066-050,train,guitar,guitar_electronic_004,66,upper,50,data/raw/nsynth/extracted/nsynth-train/audio/guitar_electronic_004-066-050.wav,5305
guitar_electronic_031-066-050,train,guitar,guitar_electronic_031,66,upper,50,data/raw/nsynth/extracted/nsynth-train/audio/guitar_electronic_031-066-050.wav,5305
guitar_electronic_040-066-050,train,guitar,guitar_electronic_040,66,upper,50,data/raw/nsynth/extracted/nsynth-train/audio/guitar_electronic_040-066-050.wav,5305
guitar_synthetic_002-066-050,train,guitar,guitar_synthetic_002,66,upper,50,data/raw/nsynth/extracted/nsynth-train/audio/guitar_synthetic_002-066-050.wav,5305
guitar_synthetic_009-066-050,train,guitar,guitar_synthetic_009,66,upper,50,data/raw/nsynth/extracted/nsynth-train/audio/guitar_synthetic_009-066-050.wav,5305
guitar_acoustic_002-066-075,train,guitar,guitar_acoustic_002,66,upper,75,data/raw/nsynth/extracted/nsynth-train/audio/guitar_acoustic_002-066-075.wav,5305
guitar_acoustic_009-066-075,train,guitar,guitar_acoustic_009,66,upper,75,data/raw/nsynth/extracted/nsynth-train/audio/guitar_acoustic_009-066-075.wav,5305
guitar_acoustic_018-066-075,train,guitar,guitar_acoustic_018,66,upper,75,data/raw/nsynth/extracted/nsynth-train/audio/guitar_acoustic_018-066-075.wav,5305
guitar_electronic_011-066-075,train,guitar,guitar_electronic_011,66,upper,75,data/raw/nsynth/extracted/nsynth-train/audio/guitar_electronic_011-066-075.wav,5305
guitar_electronic_016-066-075,train,guitar,guitar_electronic_016,66,upper,75,data/raw/nsynth/extracted/nsynth-train/audio/guitar_electronic_016-066-075.wav,5305
guitar_electronic_024-066-075,train,guitar,guitar_electronic_024,66,upper,75,data/raw/nsynth/extracted/nsynth-train/audio/guitar_electronic_024-066-075.wav,5305
guitar_electronic_034-066-075,train,guitar,guitar_electronic_034,66,upper,75,data/raw/nsynth/extracted/nsynth-train/audio/guitar_electronic_034-066-075.wav,5305
guitar_electronic_041-066-075,train,guitar,guitar_electronic_041,66,upper,75,data/raw/nsynth/extracted/nsynth-train/audio/guitar_electronic_041-066-075.wav,5305
guitar_acoustic_019-066-100,train,guitar,guitar_acoustic_019,66,upper,100,data/raw/nsynth/extracted/nsynth-train/audio/guitar_acoustic_019-066-100.wav,5305
guitar_acoustic_023-066-100,train,guitar,guitar_acoustic_023,66,upper,100,data/raw/nsynth/extracted/nsynth-train/audio/guitar_acoustic_023-066-100.wav,5305
guitar_electronic_007-066-100,train,guitar,guitar_electronic_007,66,upper,100,data/raw/nsynth/extracted/nsynth-train/audio/guitar_electronic_007-066-100.wav,5305
guitar_electronic_009-066-100,train,guitar,guitar_electronic_009,66,upper,100,data/raw/nsynth/extracted/nsynth-train/audio/guitar_electronic_009-066-100.wav,5305
guitar_electronic_032-066-100,train,guitar,guitar_electronic_032,66,upper,100,data/raw/nsynth/extracted/nsynth-train/audio/guitar_electronic_032-066-100.wav,5305
guitar_electronic_038-066-100,train,guitar,guitar_electronic_038,66,upper,100,data/raw/nsynth/extracted/nsynth-train/audio/guitar_electronic_038-066-100.wav,5305
guitar_electronic_042-066-100,train,guitar,guitar_electronic_042,66,upper,100,data/raw/nsynth/extracted/nsynth-train/audio/guitar_electronic_042-066-100.wav,5305
guitar_acoustic_017-066-127,train,guitar,guitar_acoustic_017,66,upper,127,data/raw/nsynth/extracted/nsynth-train/audio/guitar_acoustic_017-066-127.wav,5305
guitar_acoustic_028-066-127,train,guitar,guitar_acoustic_028,66,upper,127,data/raw/nsynth/extracted/nsynth-train/audio/guitar_acoustic_028-066-127.wav,5305
guitar_electronic_019-066-127,train,guitar,guitar_electronic_019,66,upper,127,data/raw/nsynth/extracted/nsynth-train/audio/guitar_electronic_019-066-127.wav,5305
guitar_synthetic_001-066-127,train,guitar,guitar_synthetic_001,66,upper,127,data/raw/nsynth/extracted/nsynth-train/audio/guitar_synthetic_001-066-127.wav,5305
guitar_synthetic_005-066-127,train,guitar,guitar_synthetic_005,66,upper,127,data/raw/nsynth/extracted/nsynth-train/audio/guitar_synthetic_005-066-127.wav,5305
guitar_electronic_001-067-025,train,guitar,guitar_electronic_001,67,upper,25,data/raw/nsynth/extracted/nsynth-train/audio/guitar_electronic_001-067-025.wav,5305
guitar_electronic_032-067-025,train,guitar,guitar_electronic_032,67,upper,25,data/raw/nsynth/extracted/nsynth-train/audio/guitar_electronic_032-067-025.wav,5305
guitar_synthetic_002-067-025,train,guitar,guitar_synthetic_002,67,upper,25,data/raw/nsynth/extracted/nsynth-train/audio/guitar_synthetic_002-067-025.wav,5305
guitar_electronic_007-067-050,train,guitar,guitar_electronic_007,67,upper,50,data/raw/nsynth/extracted/nsynth-train/audio/guitar_electronic_007-067-050.wav,5305
guitar_electronic_035-067-050,train,guitar,guitar_electronic_035,67,upper,50,data/raw/nsynth/extracted/nsynth-train/audio/guitar_electronic_035-067-050.wav,5305
guitar_synthetic_001-067-050,train,guitar,guitar_synthetic_001,67,upper,50,data/raw/nsynth/extracted/nsynth-train/audio/guitar_synthetic_001-067-050.wav,5305
guitar_acoustic_024-067-075,train,guitar,guitar_acoustic_024,67,upper,75,data/raw/nsynth/extracted/nsynth-train/audio/guitar_acoustic_024-067-075.wav,5305
guitar_electronic_005-067-075,train,guitar,guitar_electronic_005,67,upper,75,data/raw/nsynth/extracted/nsynth-train/audio/guitar_electronic_005-067-075.wav,5305
guitar_electronic_039-067-075,train,guitar,guitar_electronic_039,67,upper,75,data/raw/nsynth/extracted/nsynth-train/audio/guitar_electronic_039-067-075.wav,5305
guitar_synthetic_007-067-075,train,guitar,guitar_synthetic_007,67,upper,75,data/raw/nsynth/extracted/nsynth-train/audio/guitar_synthetic_007-067-075.wav,5305
guitar_acoustic_013-067-100,train,guitar,guitar_acoustic_013,67,upper,100,data/raw/nsynth/extracted/nsynth-train/audio/guitar_acoustic_013-067-100.wav,5305
guitar_acoustic_016-067-100,train,guitar,guitar_acoustic_016,67,upper,100,data/raw/nsynth/extracted/nsynth-train/audio/guitar_acoustic_016-067-100.wav,5305
guitar_acoustic_025-067-100,train,guitar,guitar_acoustic_025,67,upper,100,data/raw/nsynth/extracted/nsynth-train/audio/guitar_acoustic_025-067-100.wav,5305
guitar_electronic_013-067-100,train,guitar,guitar_electronic_013,67,upper,100,data/raw/nsynth/extracted/nsynth-train/audio/guitar_electronic_013-067-100.wav,5305
guitar_acoustic_019-067-127,train,guitar,guitar_acoustic_019,67,upper,127,data/raw/nsynth/extracted/nsynth-train/audio/guitar_acoustic_019-067-127.wav,5305
guitar_acoustic_020-067-127,train,guitar,guitar_acoustic_020,67,upper,127,data/raw/nsynth/extracted/nsynth-train/audio/guitar_acoustic_020-067-127.wav,5305
guitar_acoustic_034-067-127,train,guitar,guitar_acoustic_034,67,upper,127,data/raw/nsynth/extracted/nsynth-train/audio/guitar_acoustic_034-067-127.wav,5305
guitar_electronic_000-067-127,train,guitar,guitar_electronic_000,67,upper,127,data/raw/nsynth/extracted/nsynth-train/audio/guitar_electronic_000-067-127.wav,5305
guitar_electronic_021-067-127,train,guitar,guitar_electronic_021,67,upper,127,data/raw/nsynth/extracted/nsynth-train/audio/guitar_electronic_021-067-127.wav,5305
guitar_synthetic_005-067-127,train,guitar,guitar_synthetic_005,67,upper,127,data/raw/nsynth/extracted/nsynth-train/audio/guitar_synthetic_005-067-127.wav,5305
guitar_acoustic_028-068-025,train,guitar,guitar_acoustic_028,68,upper,25,data/raw/nsynth/extracted/nsynth-train/audio/guitar_acoustic_028-068-025.wav,5305
guitar_electronic_012-068-025,train,guitar,guitar_electronic_012,68,upper,25,data/raw/nsynth/extracted/nsynth-train/audio/guitar_electronic_012-068-025.wav,5305
guitar_electronic_030-068-025,train,guitar,guitar_electronic_030,68,upper,25,data/raw/nsynth/extracted/nsynth-train/audio/guitar_electronic_030-068-025.wav,5305
guitar_acoustic_002-068-050,train,guitar,guitar_acoustic_002,68,upper,50,data/raw/nsynth/extracted/nsynth-train/audio/guitar_acoustic_002-068-050.wav,5305
guitar_acoustic_023-068-050,train,guitar,guitar_acoustic_023,68,upper,50,data/raw/nsynth/extracted/nsynth-train/audio/guitar_acoustic_023-068-050.wav,5305
guitar_electronic_015-068-050,train,guitar,guitar_electronic_015,68,upper,50,data/raw/nsynth/extracted/nsynth-train/audio/guitar_electronic_015-068-050.wav,5305
guitar_electronic_025-068-050,train,guitar,guitar_electronic_025,68,upper,50,data/raw/nsynth/extracted/nsynth-train/audio/guitar_electronic_025-068-050.wav,5305
guitar_electronic_027-068-050,train,guitar,guitar_electronic_027,68,upper,50,data/raw/nsynth/extracted/nsynth-train/audio/guitar_electronic_027-068-050.wav,5305
guitar_electronic_038-068-050,train,guitar,guitar_electronic_038,68,upper,50,data/raw/nsynth/extracted/nsynth-train/audio/guitar_electronic_038-068-050.wav,5305
guitar_electronic_007-068-075,train,guitar,guitar_electronic_007,68,upper,75,data/raw/nsynth/extracted/nsynth-train/audio/guitar_electronic_007-068-075.wav,5305
guitar_electronic_032-068-075,train,guitar,guitar_electronic_032,68,upper,75,data/raw/nsynth/extracted/nsynth-train/audio/guitar_electronic_032-068-075.wav,5305
guitar_acoustic_009-068-100,train,guitar,guitar_acoustic_009,68,upper,100,data/raw/nsynth/extracted/nsynth-train/audio/guitar_acoustic_009-068-100.wav,5305
guitar_electronic_018-068-100,train,guitar,guitar_electronic_018,68,upper,100,data/raw/nsynth/extracted/nsynth-train/audio/guitar_electronic_018-068-100.wav,5305
guitar_electronic_038-068-100,train,guitar,guitar_electronic_038,68,upper,100,data/raw/nsynth/extracted/nsynth-train/audio/guitar_electronic_038-068-100.wav,5305
guitar_acoustic_024-068-127,train,guitar,guitar_acoustic_024,68,upper,127,data/raw/nsynth/extracted/nsynth-train/audio/guitar_acoustic_024-068-127.wav,5305
guitar_electronic_019-068-127,train,guitar,guitar_electronic_019,68,upper,127,data/raw/nsynth/extracted/nsynth-train/audio/guitar_electronic_019-068-127.wav,5305
guitar_acoustic_003-069-025,train,guitar,guitar_acoustic_003,69,upper,25,data/raw/nsynth/extracted/nsynth-train/audio/guitar_acoustic_003-069-025.wav,5305
guitar_acoustic_017-069-025,train,guitar,guitar_acoustic_017,69,upper,25,data/raw/nsynth/extracted/nsynth-train/audio/guitar_acoustic_017-069-025.wav,5305
guitar_acoustic_019-069-025,train,guitar,guitar_acoustic_019,69,upper,25,data/raw/nsynth/extracted/nsynth-train/audio/guitar_acoustic_019-069-025.wav,5305
guitar_acoustic_022-069-025,train,guitar,guitar_acoustic_022,69,upper,25,data/raw/nsynth/extracted/nsynth-train/audio/guitar_acoustic_022-069-025.wav,5305
guitar_acoustic_024-069-025,train,guitar,guitar_acoustic_024,69,upper,25,data/raw/nsynth/extracted/nsynth-train/audio/guitar_acoustic_024-069-025.wav,5305
guitar_electronic_003-069-025,train,guitar,guitar_electronic_003,69,upper,25,data/raw/nsynth/extracted/nsynth-train/audio/guitar_electronic_003-069-025.wav,5305
guitar_electronic_023-069-025,train,guitar,guitar_electronic_023,69,upper,25,data/raw/nsynth/extracted/nsynth-train/audio/guitar_electronic_023-069-025.wav,5305
guitar_electronic_042-069-050,train,guitar,guitar_electronic_042,69,upper,50,data/raw/nsynth/extracted/nsynth-train/audio/guitar_electronic_042-069-050.wav,5305
guitar_electronic_039-069-075,train,guitar,guitar_electronic_039,69,upper,75,data/raw/nsynth/extracted/nsynth-train/audio/guitar_electronic_039-069-075.wav,5305
guitar_acoustic_022-069-100,train,guitar,guitar_acoustic_022,69,upper,100,data/raw/nsynth/extracted/nsynth-train/audio/guitar_acoustic_022-069-100.wav,5305
guitar_acoustic_036-069-100,train,guitar,guitar_acoustic_036,69,upper,100,data/raw/nsynth/extracted/nsynth-train/audio/guitar_acoustic_036-069-100.wav,5305
guitar_electronic_003-069-100,train,guitar,guitar_electronic_003,69,upper,100,data/raw/nsynth/extracted/nsynth-train/audio/guitar_electronic_003-069-100.wav,5305
guitar_electronic_026-069-100,train,guitar,guitar_electronic_026,69,upper,100,data/raw/nsynth/extracted/nsynth-train/audio/guitar_electronic_026-069-100.wav,5305
guitar_electronic_034-069-100,train,guitar,guitar_electronic_034,69,upper,100,data/raw/nsynth/extracted/nsynth-train/audio/guitar_electronic_034-069-100.wav,5305
guitar_acoustic_002-069-127,train,guitar,guitar_acoustic_002,69,upper,127,data/raw/nsynth/extracted/nsynth-train/audio/guitar_acoustic_002-069-127.wav,5305
guitar_acoustic_004-069-127,train,guitar,guitar_acoustic_004,69,upper,127,data/raw/nsynth/extracted/nsynth-train/audio/guitar_acoustic_004-069-127.wav,5305
guitar_electronic_007-069-127,train,guitar,guitar_electronic_007,69,upper,127,data/raw/nsynth/extracted/nsynth-train/audio/guitar_electronic_007-069-127.wav,5305
guitar_electronic_009-069-127,train,guitar,guitar_electronic_009,69,upper,127,data/raw/nsynth/extracted/nsynth-train/audio/guitar_electronic_009-069-127.wav,5305
guitar_electronic_038-069-127,train,guitar,guitar_electronic_038,69,upper,127,data/raw/nsynth/extracted/nsynth-train/audio/guitar_electronic_038-069-127.wav,5305
keyboard_electronic_033-043-025,train,keyboard,keyboard_electronic_033,43,lower,25,data/raw/nsynth/extracted/nsynth-train/audio/keyboard_electronic_033-043-025.wav,5305
keyboard_electronic_050-043-025,train,keyboard,keyboard_electronic_050,43,lower,25,data/raw/nsynth/extracted/nsynth-train/audio/keyboard_electronic_050-043-025.wav,5305
keyboard_electronic_053-043-025,train,keyboard,keyboard_electronic_053,43,lower,25,data/raw/nsynth/extracted/nsynth-train/audio/keyboard_electronic_053-043-025.wav,5305
keyboard_electronic_067-043-025,train,keyboard,keyboard_electronic_067,43,lower,25,data/raw/nsynth/extracted/nsynth-train/audio/keyboard_electronic_067-043-025.wav,5305
keyboard_acoustic_012-043-050,train,keyboard,keyboard_acoustic_012,43,lower,50,data/raw/nsynth/extracted/nsynth-train/audio/keyboard_acoustic_012-043-050.wav,5305
keyboard_electronic_000-043-050,train,keyboard,keyboard_electronic_000,43,lower,50,data/raw/nsynth/extracted/nsynth-train/audio/keyboard_electronic_000-043-050.wav,5305
keyboard_electronic_013-043-050,train,keyboard,keyboard_electronic_013,43,lower,50,data/raw/nsynth/extracted/nsynth-train/audio/keyboard_electronic_013-043-050.wav,5305
keyboard_electronic_037-043-050,train,keyboard,keyboard_electronic_037,43,lower,50,data/raw/nsynth/extracted/nsynth-train/audio/keyboard_electronic_037-043-050.wav,5305
keyboard_electronic_068-043-050,train,keyboard,keyboard_electronic_068,43,lower,50,data/raw/nsynth/extracted/nsynth-train/audio/keyboard_electronic_068-043-050.wav,5305
keyboard_electronic_079-043-050,train,keyboard,keyboard_electronic_079,43,lower,50,data/raw/nsynth/extracted/nsynth-train/audio/keyboard_electronic_079-043-050.wav,5305
keyboard_electronic_100-043-050,train,keyboard,keyboard_electronic_100,43,lower,50,data/raw/nsynth/extracted/nsynth-train/audio/keyboard_electronic_100-043-050.wav,5305
keyboard_synthetic_003-043-050,train,keyboard,keyboard_synthetic_003,43,lower,50,data/raw/nsynth/extracted/nsynth-train/audio/keyboard_synthetic_003-043-050.wav,5305
keyboard_electronic_013-043-075,train,keyboard,keyboard_electronic_013,43,lower,75,data/raw/nsynth/extracted/nsynth-train/audio/keyboard_electronic_013-043-075.wav,5305
keyboard_electronic_027-043-075,train,keyboard,keyboard_electronic_027,43,lower,75,data/raw/nsynth/extracted/nsynth-train/audio/keyboard_electronic_027-043-075.wav,5305
keyboard_electronic_063-043-075,train,keyboard,keyboard_electronic_063,43,lower,75,data/raw/nsynth/extracted/nsynth-train/audio/keyboard_electronic_063-043-075.wav,5305
keyboard_synthetic_001-043-075,train,keyboard,keyboard_synthetic_001,43,lower,75,data/raw/nsynth/extracted/nsynth-train/audio/keyboard_synthetic_001-043-075.wav,5305
keyboard_synthetic_008-043-075,train,keyboard,keyboard_synthetic_008,43,lower,75,data/raw/nsynth/extracted/nsynth-train/audio/keyboard_synthetic_008-043-075.wav,5305
keyboard_electronic_028-043-100,train,keyboard,keyboard_electronic_028,43,lower,100,data/raw/nsynth/extracted/nsynth-train/audio/keyboard_electronic_028-043-100.wav,5305
keyboard_electronic_042-043-100,train,keyboard,keyboard_electronic_042,43,lower,100,data/raw/nsynth/extracted/nsynth-train/audio/keyboard_electronic_042-043-100.wav,5305
keyboard_synthetic_009-043-100,train,keyboard,keyboard_synthetic_009,43,lower,100,data/raw/nsynth/extracted/nsynth-train/audio/keyboard_synthetic_009-043-100.wav,5305
keyboard_electronic_009-043-127,train,keyboard,keyboard_electronic_009,43,lower,127,data/raw/nsynth/extracted/nsynth-train/audio/keyboard_electronic_009-043-127.wav,5305
keyboard_electronic_023-043-127,train,keyboard,keyboard_electronic_023,43,lower,127,data/raw/nsynth/extracted/nsynth-train/audio/keyboard_electronic_023-043-127.wav,5305
keyboard_electronic_057-043-127,train,keyboard,keyboard_electronic_057,43,lower,127,data/raw/nsynth/extracted/nsynth-train/audio/keyboard_electronic_057-043-127.wav,5305
keyboard_acoustic_001-044-025,train,keyboard,keyboard_acoustic_001,44,lower,25,data/raw/nsynth/extracted/nsynth-train/audio/keyboard_acoustic_001-044-025.wav,5305
keyboard_electronic_035-044-025,train,keyboard,keyboard_electronic_035,44,lower,25,data/raw/nsynth/extracted/nsynth-train/audio/keyboard_electronic_035-044-025.wav,5305
keyboard_electronic_037-044-025,train,keyboard,keyboard_electronic_037,44,lower,25,data/raw/nsynth/extracted/nsynth-train/audio/keyboard_electronic_037-044-025.wav,5305
keyboard_electronic_096-044-025,train,keyboard,keyboard_electronic_096,44,lower,25,data/raw/nsynth/extracted/nsynth-train/audio/keyboard_electronic_096-044-025.wav,5305
keyboard_electronic_027-044-050,train,keyboard,keyboard_electronic_027,44,lower,50,data/raw/nsynth/extracted/nsynth-train/audio/keyboard_electronic_027-044-050.wav,5305
keyboard_electronic_036-044-050,train,keyboard,keyboard_electronic_036,44,lower,50,data/raw/nsynth/extracted/nsynth-train/audio/keyboard_electronic_036-044-050.wav,5305
keyboard_electronic_055-044-050,train,keyboard,keyboard_electronic_055,44,lower,50,data/raw/nsynth/extracted/nsynth-train/audio/keyboard_electronic_055-044-050.wav,5305
keyboard_electronic_056-044-050,train,keyboard,keyboard_electronic_056,44,lower,50,data/raw/nsynth/extracted/nsynth-train/audio/keyboard_electronic_056-044-050.wav,5305
keyboard_electronic_080-044-050,train,keyboard,keyboard_electronic_080,44,lower,50,data/raw/nsynth/extracted/nsynth-train/audio/keyboard_electronic_080-044-050.wav,5305
keyboard_synthetic_007-044-050,train,keyboard,keyboard_synthetic_007,44,lower,50,data/raw/nsynth/extracted/nsynth-train/audio/keyboard_synthetic_007-044-050.wav,5305
keyboard_electronic_035-044-075,train,keyboard,keyboard_electronic_035,44,lower,75,data/raw/nsynth/extracted/nsynth-train/audio/keyboard_electronic_035-044-075.wav,5305
keyboard_electronic_011-044-100,train,keyboard,keyboard_electronic_011,44,lower,100,data/raw/nsynth/extracted/nsynth-train/audio/keyboard_electronic_011-044-100.wav,5305
keyboard_electronic_042-044-100,train,keyboard,keyboard_electronic_042,44,lower,100,data/raw/nsynth/extracted/nsynth-train/audio/keyboard_electronic_042-044-100.wav,5305
keyboard_electronic_050-044-100,train,keyboard,keyboard_electronic_050,44,lower,100,data/raw/nsynth/extracted/nsynth-train/audio/keyboard_electronic_050-044-100.wav,5305
keyboard_electronic_104-044-100,train,keyboard,keyboard_electronic_104,44,lower,100,data/raw/nsynth/extracted/nsynth-train/audio/keyboard_electronic_104-044-100.wav,5305
keyboard_electronic_109-044-100,train,keyboard,keyboard_electronic_109,44,lower,100,data/raw/nsynth/extracted/nsynth-train/audio/keyboard_electronic_109-044-100.wav,5305
keyboard_electronic_024-044-127,train,keyboard,keyboard_electronic_024,44,lower,127,data/raw/nsynth/extracted/nsynth-train/audio/keyboard_electronic_024-044-127.wav,5305
keyboard_electronic_050-044-127,train,keyboard,keyboard_electronic_050,44,lower,127,data/raw/nsynth/extracted/nsynth-train/audio/keyboard_electronic_050-044-127.wav,5305
keyboard_electronic_079-044-127,train,keyboard,keyboard_electronic_079,44,lower,127,data/raw/nsynth/extracted/nsynth-train/audio/keyboard_electronic_079-044-127.wav,5305
keyboard_acoustic_016-045-025,train,keyboard,keyboard_acoustic_016,45,lower,25,data/raw/nsynth/extracted/nsynth-train/audio/keyboard_acoustic_016-045-025.wav,5305
keyboard_electronic_017-045-025,train,keyboard,keyboard_electronic_017,45,lower,25,data/raw/nsynth/extracted/nsynth-train/audio/keyboard_electronic_017-045-025.wav,5305
keyboard_electronic_076-045-025,train,keyboard,keyboard_electronic_076,45,lower,25,data/raw/nsynth/extracted/nsynth-train/audio/keyboard_electronic_076-045-025.wav,5305
keyboard_electronic_086-045-025,train,keyboard,keyboard_electronic_086,45,lower,25,data/raw/nsynth/extracted/nsynth-train/audio/keyboard_electronic_086-045-025.wav,5305
keyboard_electronic_029-045-050,train,keyboard,keyboard_electronic_029,45,lower,50,data/raw/nsynth/extracted/nsynth-train/audio/keyboard_electronic_029-045-050.wav,5305
keyboard_electronic_061-045-050,train,keyboard,keyboard_electronic_061,45,lower,50,data/raw/nsynth/extracted/nsynth-train/audio/keyboard_electronic_061-045-050.wav,5305
keyboard_electronic_073-045-050,train,keyboard,keyboard_electronic_073,45,lower,50,data/raw/nsynth/extracted/nsynth-train/audio/keyboard_electronic_073-045-050.wav,5305
keyboard_synthetic_001-045-050,train,keyboard,keyboard_synthetic_001,45,lower,50,data/raw/nsynth/extracted/nsynth-train/audio/keyboard_synthetic_001-045-050.wav,5305
keyboard_electronic_011-045-075,train,keyboard,keyboard_electronic_011,45,lower,75,data/raw/nsynth/extracted/nsynth-train/audio/keyboard_electronic_011-045-075.wav,5305
keyboard_electronic_016-045-075,train,keyboard,keyboard_electronic_016,45,lower,75,data/raw/nsynth/extracted/nsynth-train/audio/keyboard_electronic_016-045-075.wav,5305
keyboard_electronic_027-045-075,train,keyboard,keyboard_electronic_027,45,lower,75,data/raw/nsynth/extracted/nsynth-train/audio/keyboard_electronic_027-045-075.wav,5305
keyboard_electronic_046-045-075,train,keyboard,keyboard_electronic_046,45,lower,75,data/raw/nsynth/extracted/nsynth-train/audio/keyboard_electronic_046-045-075.wav,5305
keyboard_acoustic_006-045-100,train,keyboard,keyboard_acoustic_006,45,lower,100,data/raw/nsynth/extracted/nsynth-train/audio/keyboard_acoustic_006-045-100.wav,5305
keyboard_acoustic_019-045-100,train,keyboard,keyboard_acoustic_019,45,lower,100,data/raw/nsynth/extracted/nsynth-train/audio/keyboard_acoustic_019-045-100.wav,5305
keyboard_electronic_023-045-100,train,keyboard,keyboard_electronic_023,45,lower,100,data/raw/nsynth/extracted/nsynth-train/audio/keyboard_electronic_023-045-100.wav,5305
keyboard_electronic_039-045-100,train,keyboard,keyboard_electronic_039,45,lower,100,data/raw/nsynth/extracted/nsynth-train/audio/keyboard_electronic_039-045-100.wav,5305
keyboard_electronic_065-045-100,train,keyboard,keyboard_electronic_065,45,lower,100,data/raw/nsynth/extracted/nsynth-train/audio/keyboard_electronic_065-045-100.wav,5305
keyboard_electronic_067-045-100,train,keyboard,keyboard_electronic_067,45,lower,100,data/raw/nsynth/extracted/nsynth-train/audio/keyboard_electronic_067-045-100.wav,5305
keyboard_electronic_008-045-127,train,keyboard,keyboard_electronic_008,45,lower,127,data/raw/nsynth/extracted/nsynth-train/audio/keyboard_electronic_008-045-127.wav,5305
keyboard_electronic_015-045-127,train,keyboard,keyboard_electronic_015,45,lower,127,data/raw/nsynth/extracted/nsynth-train/audio/keyboard_electronic_015-045-127.wav,5305
keyboard_acoustic_008-046-025,train,keyboard,keyboard_acoustic_008,46,lower,25,data/raw/nsynth/extracted/nsynth-train/audio/keyboard_acoustic_008-046-025.wav,5305
keyboard_electronic_000-046-025,train,keyboard,keyboard_electronic_000,46,lower,25,data/raw/nsynth/extracted/nsynth-train/audio/keyboard_electronic_000-046-025.wav,5305
keyboard_electronic_009-046-025,train,keyboard,keyboard_electronic_009,46,lower,25,data/raw/nsynth/extracted/nsynth-train/audio/keyboard_electronic_009-046-025.wav,5305
keyboard_electronic_018-046-025,train,keyboard,keyboard_electronic_018,46,lower,25,data/raw/nsynth/extracted/nsynth-train/audio/keyboard_electronic_018-046-025.wav,5305
keyboard_electronic_064-046-025,train,keyboard,keyboard_electronic_064,46,lower,25,data/raw/nsynth/extracted/nsynth-train/audio/keyboard_electronic_064-046-025.wav,5305
keyboard_electronic_090-046-025,train,keyboard,keyboard_electronic_090,46,lower,25,data/raw/nsynth/extracted/nsynth-train/audio/keyboard_electronic_090-046-025.wav,5305
keyboard_electronic_083-046-050,train,keyboard,keyboard_electronic_083,46,lower,50,data/raw/nsynth/extracted/nsynth-train/audio/keyboard_electronic_083-046-050.wav,5305
keyboard_synthetic_007-046-050,train,keyboard,keyboard_synthetic_007,46,lower,50,data/raw/nsynth/extracted/nsynth-train/audio/keyboard_synthetic_007-046-050.wav,5305
keyboard_acoustic_017-046-075,train,keyboard,keyboard_acoustic_017,46,lower,75,data/raw/nsynth/extracted/nsynth-train/audio/keyboard_acoustic_017-046-075.wav,5305
keyboard_electronic_015-046-075,train,keyboard,keyboard_electronic_015,46,lower,75,data/raw/nsynth/extracted/nsynth-train/audio/keyboard_electronic_015-046-075.wav,5305
keyboard_electronic_033-046-075,train,keyboard,keyboard_electronic_033,46,lower,75,data/raw/nsynth/extracted/nsynth-train/audio/keyboard_electronic_033-046-075.wav,5305
keyboard_electronic_034-046-075,train,keyboard,keyboard_electronic_034,46,lower,75,data/raw/nsynth/extracted/nsynth-train/audio/keyboard_electronic_034-046-075.wav,5305
keyboard_electronic_085-046-075,train,keyboard,keyboard_electronic_085,46,lower,75,data/raw/nsynth/extracted/nsynth-train/audio/keyboard_electronic_085-046-075.wav,5305
keyboard_electronic_059-046-100,train,keyboard,keyboard_electronic_059,46,lower,100,data/raw/nsynth/extracted/nsynth-train/audio/keyboard_electronic_059-046-100.wav,5305
keyboard_electronic_076-046-100,train,keyboard,keyboard_electronic_076,46,lower,100,data/raw/nsynth/extracted/nsynth-train/audio/keyboard_electronic_076-046-100.wav,5305
keyboard_electronic_088-046-100,train,keyboard,keyboard_electronic_088,46,lower,100,data/raw/nsynth/extracted/nsynth-train/audio/keyboard_electronic_088-046-100.wav,5305
keyboard_electronic_107-046-100,train,keyboard,keyboard_electronic_107,46,lower,100,data/raw/nsynth/extracted/nsynth-train/audio/keyboard_electronic_107-046-100.wav,5305
keyboard_electronic_070-046-127,train,keyboard,keyboard_electronic_070,46,lower,127,data/raw/nsynth/extracted/nsynth-train/audio/keyboard_electronic_070-046-127.wav,5305
keyboard_electronic_071-046-127,train,keyboard,keyboard_electronic_071,46,lower,127,data/raw/nsynth/extracted/nsynth-train/audio/keyboard_electronic_071-046-127.wav,5305
keyboard_electronic_097-046-127,train,keyboard,keyboard_electronic_097,46,lower,127,data/raw/nsynth/extracted/nsynth-train/audio/keyboard_electronic_097-046-127.wav,5305
keyboard_electronic_071-047-025,train,keyboard,keyboard_electronic_071,47,lower,25,data/raw/nsynth/extracted/nsynth-train/audio/keyboard_electronic_071-047-025.wav,5305
keyboard_electronic_086-047-025,train,keyboard,keyboard_electronic_086,47,lower,25,data/raw/nsynth/extracted/nsynth-train/audio/keyboard_electronic_086-047-025.wav,5305
keyboard_electronic_106-047-025,train,keyboard,keyboard_electronic_106,47,lower,25,data/raw/nsynth/extracted/nsynth-train/audio/keyboard_electronic_106-047-025.wav,5305
keyboard_acoustic_011-047-050,train,keyboard,keyboard_acoustic_011,47,lower,50,data/raw/nsynth/extracted/nsynth-train/audio/keyboard_acoustic_011-047-050.wav,5305
keyboard_electronic_019-047-050,train,keyboard,keyboard_electronic_019,47,lower,50,data/raw/nsynth/extracted/nsynth-train/audio/keyboard_electronic_019-047-050.wav,5305
keyboard_electronic_061-047-050,train,keyboard,keyboard_electronic_061,47,lower,50,data/raw/nsynth/extracted/nsynth-train/audio/keyboard_electronic_061-047-050.wav,5305
keyboard_electronic_030-047-075,train,keyboard,keyboard_electronic_030,47,lower,75,data/raw/nsynth/extracted/nsynth-train/audio/keyboard_electronic_030-047-075.wav,5305
keyboard_electronic_061-047-075,train,keyboard,keyboard_electronic_061,47,lower,75,data/raw/nsynth/extracted/nsynth-train/audio/keyboard_electronic_061-047-075.wav,5305
keyboard_electronic_073-047-075,train,keyboard,keyboard_electronic_073,47,lower,75,data/raw/nsynth/extracted/nsynth-train/audio/keyboard_electronic_073-047-075.wav,5305
keyboard_electronic_084-047-075,train,keyboard,keyboard_electronic_084,47,lower,75,data/raw/nsynth/extracted/nsynth-train/audio/keyboard_electronic_084-047-075.wav,5305
keyboard_electronic_105-047-075,train,keyboard,keyboard_electronic_105,47,lower,75,data/raw/nsynth/extracted/nsynth-train/audio/keyboard_electronic_105-047-075.wav,5305
keyboard_acoustic_014-047-100,train,keyboard,keyboard_acoustic_014,47,lower,100,data/raw/nsynth/extracted/nsynth-train/audio/keyboard_acoustic_014-047-100.wav,5305
keyboard_electronic_017-047-100,train,keyboard,keyboard_electronic_017,47,lower,100,data/raw/nsynth/extracted/nsynth-train/audio/keyboard_electronic_017-047-100.wav,5305
keyboard_electronic_052-047-100,train,keyboard,keyboard_electronic_052,47,lower,100,data/raw/nsynth/extracted/nsynth-train/audio/keyboard_electronic_052-047-100.wav,5305
keyboard_electronic_081-047-100,train,keyboard,keyboard_electronic_081,47,lower,100,data/raw/nsynth/extracted/nsynth-train/audio/keyboard_electronic_081-047-100.wav,5305
keyboard_electronic_095-047-100,train,keyboard,keyboard_electronic_095,47,lower,100,data/raw/nsynth/extracted/nsynth-train/audio/keyboard_electronic_095-047-100.wav,5305
keyboard_acoustic_007-047-127,train,keyboard,keyboard_acoustic_007,47,lower,127,data/raw/nsynth/extracted/nsynth-train/audio/keyboard_acoustic_007-047-127.wav,5305
keyboard_acoustic_010-047-127,train,keyboard,keyboard_acoustic_010,47,lower,127,data/raw/nsynth/extracted/nsynth-train/audio/keyboard_acoustic_010-047-127.wav,5305
keyboard_acoustic_011-047-127,train,keyboard,keyboard_acoustic_011,47,lower,127,data/raw/nsynth/extracted/nsynth-train/audio/keyboard_acoustic_011-047-127.wav,5305
keyboard_acoustic_018-047-127,train,keyboard,keyboard_acoustic_018,47,lower,127,data/raw/nsynth/extracted/nsynth-train/audio/keyboard_acoustic_018-047-127.wav,5305
keyboard_electronic_011-047-127,train,keyboard,keyboard_electronic_011,47,lower,127,data/raw/nsynth/extracted/nsynth-train/audio/keyboard_electronic_011-047-127.wav,5305
keyboard_electronic_016-047-127,train,keyboard,keyboard_electronic_016,47,lower,127,data/raw/nsynth/extracted/nsynth-train/audio/keyboard_electronic_016-047-127.wav,5305
keyboard_electronic_089-047-127,train,keyboard,keyboard_electronic_089,47,lower,127,data/raw/nsynth/extracted/nsynth-train/audio/keyboard_electronic_089-047-127.wav,5305
keyboard_electronic_091-047-127,train,keyboard,keyboard_electronic_091,47,lower,127,data/raw/nsynth/extracted/nsynth-train/audio/keyboard_electronic_091-047-127.wav,5305
keyboard_electronic_010-048-025,train,keyboard,keyboard_electronic_010,48,lower,25,data/raw/nsynth/extracted/nsynth-train/audio/keyboard_electronic_010-048-025.wav,5305
keyboard_electronic_013-048-025,train,keyboard,keyboard_electronic_013,48,lower,25,data/raw/nsynth/extracted/nsynth-train/audio/keyboard_electronic_013-048-025.wav,5305
keyboard_electronic_016-048-025,train,keyboard,keyboard_electronic_016,48,lower,25,data/raw/nsynth/extracted/nsynth-train/audio/keyboard_electronic_016-048-025.wav,5305
keyboard_electronic_037-048-025,train,keyboard,keyboard_electronic_037,48,lower,25,data/raw/nsynth/extracted/nsynth-train/audio/keyboard_electronic_037-048-025.wav,5305
keyboard_electronic_012-048-050,train,keyboard,keyboard_electronic_012,48,lower,50,data/raw/nsynth/extracted/nsynth-train/audio/keyboard_electronic_012-048-050.wav,5305
keyboard_electronic_042-048-050,train,keyboard,keyboard_electronic_042,48,lower,50,data/raw/nsynth/extracted/nsynth-train/audio/keyboard_electronic_042-048-050.wav,5305
keyboard_electronic_045-048-050,train,keyboard,keyboard_electronic_045,48,lower,50,data/raw/nsynth/extracted/nsynth-train/audio/keyboard_electronic_045-048-050.wav,5305
keyboard_acoustic_015-048-075,train,keyboard,keyboard_acoustic_015,48,lower,75,data/raw/nsynth/extracted/nsynth-train/audio/keyboard_acoustic_015-048-075.wav,5305
keyboard_electronic_057-048-075,train,keyboard,keyboard_electronic_057,48,lower,75,data/raw/nsynth/extracted/nsynth-train/audio/keyboard_electronic_057-048-075.wav,5305
keyboard_electronic_067-048-075,train,keyboard,keyboard_electronic_067,48,lower,75,data/raw/nsynth/extracted/nsynth-train/audio/keyboard_electronic_067-048-075.wav,5305
keyboard_synthetic_001-048-075,train,keyboard,keyboard_synthetic_001,48,lower,75,data/raw/nsynth/extracted/nsynth-train/audio/keyboard_synthetic_001-048-075.wav,5305
keyboard_synthetic_004-048-075,train,keyboard,keyboard_synthetic_004,48,lower,75,data/raw/nsynth/extracted/nsynth-train/audio/keyboard_synthetic_004-048-075.wav,5305
keyboard_acoustic_007-048-100,train,keyboard,keyboard_acoustic_007,48,lower,100,data/raw/nsynth/extracted/nsynth-train/audio/keyboard_acoustic_007-048-100.wav,5305
keyboard_acoustic_013-048-100,train,keyboard,keyboard_acoustic_013,48,lower,100,data/raw/nsynth/extracted/nsynth-train/audio/keyboard_acoustic_013-048-100.wav,5305
keyboard_electronic_029-048-100,train,keyboard,keyboard_electronic_029,48,lower,100,data/raw/nsynth/extracted/nsynth-train/audio/keyboard_electronic_029-048-100.wav,5305
keyboard_synthetic_004-048-100,train,keyboard,keyboard_synthetic_004,48,lower,100,data/raw/nsynth/extracted/nsynth-train/audio/keyboard_synthetic_004-048-100.wav,5305
keyboard_synthetic_009-048-100,train,keyboard,keyboard_synthetic_009,48,lower,100,data/raw/nsynth/extracted/nsynth-train/audio/keyboard_synthetic_009-048-100.wav,5305
keyboard_electronic_008-048-127,train,keyboard,keyboard_electronic_008,48,lower,127,data/raw/nsynth/extracted/nsynth-train/audio/keyboard_electronic_008-048-127.wav,5305
keyboard_electronic_033-048-127,train,keyboard,keyboard_electronic_033,48,lower,127,data/raw/nsynth/extracted/nsynth-train/audio/keyboard_electronic_033-048-127.wav,5305
keyboard_electronic_036-048-127,train,keyboard,keyboard_electronic_036,48,lower,127,data/raw/nsynth/extracted/nsynth-train/audio/keyboard_electronic_036-048-127.wav,5305
keyboard_electronic_086-048-127,train,keyboard,keyboard_electronic_086,48,lower,127,data/raw/nsynth/extracted/nsynth-train/audio/keyboard_electronic_086-048-127.wav,5305
keyboard_synthetic_012-048-127,train,keyboard,keyboard_synthetic_012,48,lower,127,data/raw/nsynth/extracted/nsynth-train/audio/keyboard_synthetic_012-048-127.wav,5305
keyboard_electronic_007-049-025,train,keyboard,keyboard_electronic_007,49,lower,25,data/raw/nsynth/extracted/nsynth-train/audio/keyboard_electronic_007-049-025.wav,5305
keyboard_electronic_013-049-025,train,keyboard,keyboard_electronic_013,49,lower,25,data/raw/nsynth/extracted/nsynth-train/audio/keyboard_electronic_013-049-025.wav,5305
keyboard_electronic_081-049-025,train,keyboard,keyboard_electronic_081,49,lower,25,data/raw/nsynth/extracted/nsynth-train/audio/keyboard_electronic_081-049-025.wav,5305
keyboard_electronic_082-049-025,train,keyboard,keyboard_electronic_082,49,lower,25,data/raw/nsynth/extracted/nsynth-train/audio/keyboard_electronic_082-049-025.wav,5305
keyboard_acoustic_010-049-050,train,keyboard,keyboard_acoustic_010,49,lower,50,data/raw/nsynth/extracted/nsynth-train/audio/keyboard_acoustic_010-049-050.wav,5305
keyboard_electronic_054-049-050,train,keyboard,keyboard_electronic_054,49,lower,50,data/raw/nsynth/extracted/nsynth-train/audio/keyboard_electronic_054-049-050.wav,5305
keyboard_electronic_088-049-050,train,keyboard,keyboard_electronic_088,49,lower,50,data/raw/nsynth/extracted/nsynth-train/audio/keyboard_electronic_088-049-050.wav,5305
keyboard_electronic_097-049-050,train,keyboard,keyboard_electronic_097,49,lower,50,data/raw/nsynth/extracted/nsynth-train/audio/keyboard_electronic_097-049-050.wav,5305
keyboard_synthetic_008-049-050,train,keyboard,keyboard_synthetic_008,49,lower,50,data/raw/nsynth/extracted/nsynth-train/audio/keyboard_synthetic_008-049-050.wav,5305
keyboard_synthetic_009-049-050,train,keyboard,keyboard_synthetic_009,49,lower,50,data/raw/nsynth/extracted/nsynth-train/audio/keyboard_synthetic_009-049-050.wav,5305
keyboard_electronic_018-049-075,train,keyboard,keyboard_electronic_018,49,lower,75,data/raw/nsynth/extracted/nsynth-train/audio/keyboard_electronic_018-049-075.wav,5305
keyboard_electronic_085-049-075,train,keyboard,keyboard_electronic_085,49,lower,75,data/raw/nsynth/extracted/nsynth-train/audio/keyboard_electronic_085-049-075.wav,5305
keyboard_synthetic_001-049-075,train,keyboard,keyboard_synthetic_001,49,lower,75,data/raw/nsynth/extracted/nsynth-train/audio/keyboard_synthetic_001-049-075.wav,5305
keyboard_electronic_046-049-100,train,keyboard,keyboard_electronic_046,49,lower,100,data/raw/nsynth/extracted/nsynth-train/audio/keyboard_electronic_046-049-100.wav,5305
keyboard_synthetic_001-049-100,train,keyboard,keyboard_synthetic_001,49,lower,100,data/raw/nsynth/extracted/nsynth-train/audio/keyboard_synthetic_001-049-100.wav,5305
keyboard_acoustic_005-049-127,train,keyboard,keyboard_acoustic_005,49,lower,127,data/raw/nsynth/extracted/nsynth-train/audio/keyboard_acoustic_005-049-127.wav,5305
keyboard_acoustic_019-049-127,train,keyboard,keyboard_acoustic_019,49,lower,127,data/raw/nsynth/extracted/nsynth-train/audio/keyboard_acoustic_019-049-127.wav,5305
keyboard_acoustic_020-049-127,train,keyboard,keyboard_acoustic_020,49,lower,127,data/raw/nsynth/extracted/nsynth-train/audio/keyboard_acoustic_020-049-127.wav,5305
keyboard_electronic_006-049-127,train,keyboard,keyboard_electronic_006,49,lower,127,data/raw/nsynth/extracted/nsynth-train/audio/keyboard_electronic_006-049-127.wav,5305
keyboard_electronic_030-049-127,train,keyboard,keyboard_electronic_030,49,lower,127,data/raw/nsynth/extracted/nsynth-train/audio/keyboard_electronic_030-049-127.wav,5305
keyboard_electronic_031-049-127,train,keyboard,keyboard_electronic_031,49,lower,127,data/raw/nsynth/extracted/nsynth-train/audio/keyboard_electronic_031-049-127.wav,5305
keyboard_electronic_070-049-127,train,keyboard,keyboard_electronic_070,49,lower,127,data/raw/nsynth/extracted/nsynth-train/audio/keyboard_electronic_070-049-127.wav,5305
keyboard_electronic_110-049-127,train,keyboard,keyboard_electronic_110,49,lower,127,data/raw/nsynth/extracted/nsynth-train/audio/keyboard_electronic_110-049-127.wav,5305
keyboard_acoustic_014-050-025,train,keyboard,keyboard_acoustic_014,50,lower,25,data/raw/nsynth/extracted/nsynth-train/audio/keyboard_acoustic_014-050-025.wav,5305
keyboard_electronic_013-050-025,train,keyboard,keyboard_electronic_013,50,lower,25,data/raw/nsynth/extracted/nsynth-train/audio/keyboard_electronic_013-050-025.wav,5305
keyboard_electronic_014-050-025,train,keyboard,keyboard_electronic_014,50,lower,25,data/raw/nsynth/extracted/nsynth-train/audio/keyboard_electronic_014-050-025.wav,5305
keyboard_electronic_071-050-025,train,keyboard,keyboard_electronic_071,50,lower,25,data/raw/nsynth/extracted/nsynth-train/audio/keyboard_electronic_071-050-025.wav,5305
keyboard_acoustic_011-050-050,train,keyboard,keyboard_acoustic_011,50,lower,50,data/raw/nsynth/extracted/nsynth-train/audio/keyboard_acoustic_011-050-050.wav,5305
keyboard_acoustic_017-050-050,train,keyboard,keyboard_acoustic_017,50,lower,50,data/raw/nsynth/extracted/nsynth-train/audio/keyboard_acoustic_017-050-050.wav,5305
keyboard_electronic_044-050-050,train,keyboard,keyboard_electronic_044,50,lower,50,data/raw/nsynth/extracted/nsynth-train/audio/keyboard_electronic_044-050-050.wav,5305
keyboard_electronic_091-050-050,train,keyboard,keyboard_electronic_091,50,lower,50,data/raw/nsynth/extracted/nsynth-train/audio/keyboard_electronic_091-050-050.wav,5305
keyboard_acoustic_000-050-075,train,keyboard,keyboard_acoustic_000,50,lower,75,data/raw/nsynth/extracted/nsynth-train/audio/keyboard_acoustic_000-050-075.wav,5305
keyboard_electronic_016-050-075,train,keyboard,keyboard_electronic_016,50,lower,75,data/raw/nsynth/extracted/nsynth-train/audio/keyboard_electronic_016-050-075.wav,5305
keyboard_electronic_032-050-075,train,keyboard,keyboard_electronic_032,50,lower,75,data/raw/nsynth/extracted/nsynth-train/audio/keyboard_electronic_032-050-075.wav,5305
keyboard_electronic_044-050-100,train,keyboard,keyboard_electronic_044,50,lower,100,data/raw/nsynth/extracted/nsynth-train/audio/keyboard_electronic_044-050-100.wav,5305
keyboard_electronic_051-050-100,train,keyboard,keyboard_electronic_051,50,lower,100,data/raw/nsynth/extracted/nsynth-train/audio/keyboard_electronic_051-050-100.wav,5305
keyboard_electronic_086-050-100,train,keyboard,keyboard_electronic_086,50,lower,100,data/raw/nsynth/extracted/nsynth-train/audio/keyboard_electronic_086-050-100.wav,5305
keyboard_electronic_095-050-100,train,keyboard,keyboard_electronic_095,50,lower,100,data/raw/nsynth/extracted/nsynth-train/audio/keyboard_electronic_095-050-100.wav,5305
keyboard_electronic_097-050-100,train,keyboard,keyboard_electronic_097,50,lower,100,data/raw/nsynth/extracted/nsynth-train/audio/keyboard_electronic_097-050-100.wav,5305
keyboard_acoustic_008-050-127,train,keyboard,keyboard_acoustic_008,50,lower,127,data/raw/nsynth/extracted/nsynth-train/audio/keyboard_acoustic_008-050-127.wav,5305
keyboard_acoustic_012-050-127,train,keyboard,keyboard_acoustic_012,50,lower,127,data/raw/nsynth/extracted/nsynth-train/audio/keyboard_acoustic_012-050-127.wav,5305
keyboard_electronic_021-050-127,train,keyboard,keyboard_electronic_021,50,lower,127,data/raw/nsynth/extracted/nsynth-train/audio/keyboard_electronic_021-050-127.wav,5305
keyboard_electronic_074-050-127,train,keyboard,keyboard_electronic_074,50,lower,127,data/raw/nsynth/extracted/nsynth-train/audio/keyboard_electronic_074-050-127.wav,5305
keyboard_acoustic_002-051-025,train,keyboard,keyboard_acoustic_002,51,lower,25,data/raw/nsynth/extracted/nsynth-train/audio/keyboard_acoustic_002-051-025.wav,5305
keyboard_acoustic_011-051-025,train,keyboard,keyboard_acoustic_011,51,lower,25,data/raw/nsynth/extracted/nsynth-train/audio/keyboard_acoustic_011-051-025.wav,5305
keyboard_electronic_007-051-025,train,keyboard,keyboard_electronic_007,51,lower,25,data/raw/nsynth/extracted/nsynth-train/audio/keyboard_electronic_007-051-025.wav,5305
keyboard_electronic_062-051-025,train,keyboard,keyboard_electronic_062,51,lower,25,data/raw/nsynth/extracted/nsynth-train/audio/keyboard_electronic_062-051-025.wav,5305
keyboard_electronic_096-051-025,train,keyboard,keyboard_electronic_096,51,lower,25,data/raw/nsynth/extracted/nsynth-train/audio/keyboard_electronic_096-051-025.wav,5305
keyboard_electronic_109-051-025,train,keyboard,keyboard_electronic_109,51,lower,25,data/raw/nsynth/extracted/nsynth-train/audio/keyboard_electronic_109-051-025.wav,5305
keyboard_synthetic_005-051-025,train,keyboard,keyboard_synthetic_005,51,lower,25,data/raw/nsynth/extracted/nsynth-train/audio/keyboard_synthetic_005-051-025.wav,5305
keyboard_electronic_018-051-050,train,keyboard,keyboard_electronic_018,51,lower,50,data/raw/nsynth/extracted/nsynth-train/audio/keyboard_electronic_018-051-050.wav,5305
keyboard_electronic_068-051-050,train,keyboard,keyboard_electronic_068,51,lower,50,data/raw/nsynth/extracted/nsynth-train/audio/keyboard_electronic_068-051-050.wav,5305
keyboard_electronic_082-051-050,train,keyboard,keyboard_electronic_082,51,lower,50,data/raw/nsynth/extracted/nsynth-train/audio/keyboard_electronic_082-051-050.wav,5305
keyboard_synthetic_010-051-050,train,keyboard,keyboard_synthetic_010,51,lower,50,data/raw/nsynth/extracted/nsynth-train/audio/keyboard_synthetic_010-051-050.wav,5305
keyboard_acoustic_000-051-075,train,keyboard,keyboard_acoustic_000,51,lower,75,data/raw/nsynth/extracted/nsynth-train/audio/keyboard_acoustic_000-051-075.wav,5305
keyboard_electronic_007-051-075,train,keyboard,keyboard_electronic_007,51,lower,75,data/raw/nsynth/extracted/nsynth-train/audio/keyboard_electronic_007-051-075.wav,5305
keyboard_electronic_011-051-075,train,keyboard,keyboard_electronic_011,51,lower,75,data/raw/nsynth/extracted/nsynth-train/audio/keyboard_electronic_011-051-075.wav,5305
keyboard_electronic_016-051-075,train,keyboard,keyboard_electronic_016,51,lower,75,data/raw/nsynth/extracted/nsynth-train/audio/keyboard_electronic_016-051-075.wav,5305
keyboard_electronic_027-051-075,train,keyboard,keyboard_electronic_027,51,lower,75,data/raw/nsynth/extracted/nsynth-train/audio/keyboard_electronic_027-051-075.wav,5305
keyboard_electronic_034-051-075,train,keyboard,keyboard_electronic_034,51,lower,75,data/raw/nsynth/extracted/nsynth-train/audio/keyboard_electronic_034-051-075.wav,5305
keyboard_electronic_042-051-075,train,keyboard,keyboard_electronic_042,51,lower,75,data/raw/nsynth/extracted/nsynth-train/audio/keyboard_electronic_042-051-075.wav,5305
keyboard_electronic_080-051-075,train,keyboard,keyboard_electronic_080,51,lower,75,data/raw/nsynth/extracted/nsynth-train/audio/keyboard_electronic_080-051-075.wav,5305
keyboard_synthetic_003-051-075,train,keyboard,keyboard_synthetic_003,51,lower,75,data/raw/nsynth/extracted/nsynth-train/audio/keyboard_synthetic_003-051-075.wav,5305
keyboard_acoustic_000-051-100,train,keyboard,keyboard_acoustic_000,51,lower,100,data/raw/nsynth/extracted/nsynth-train/audio/keyboard_acoustic_000-051-100.wav,5305
keyboard_electronic_031-051-100,train,keyboard,keyboard_electronic_031,51,lower,100,data/raw/nsynth/extracted/nsynth-train/audio/keyboard_electronic_031-051-100.wav,5305
keyboard_electronic_070-051-100,train,keyboard,keyboard_electronic_070,51,lower,100,data/raw/nsynth/extracted/nsynth-train/audio/keyboard_electronic_070-051-100.wav,5305
keyboard_electronic_081-051-100,train,keyboard,keyboard_electronic_081,51,lower,100,data/raw/nsynth/extracted/nsynth-train/audio/keyboard_electronic_081-051-100.wav,5305
keyboard_electronic_091-051-100,train,keyboard,keyboard_electronic_091,51,lower,100,data/raw/nsynth/extracted/nsynth-train/audio/keyboard_electronic_091-051-100.wav,5305
keyboard_electronic_000-051-127,train,keyboard,keyboard_electronic_000,51,lower,127,data/raw/nsynth/extracted/nsynth-train/audio/keyboard_electronic_000-051-127.wav,5305
keyboard_electronic_006-051-127,train,keyboard,keyboard_electronic_006,51,lower,127,data/raw/nsynth/extracted/nsynth-train/audio/keyboard_electronic_006-051-127.wav,5305
keyboard_electronic_025-051-127,train,keyboard,keyboard_electronic_025,51,lower,127,data/raw/nsynth/extracted/nsynth-train/audio/keyboard_electronic_025-051-127.wav,5305
keyboard_synthetic_004-051-127,train,keyboard,keyboard_synthetic_004,51,lower,127,data/raw/nsynth/extracted/nsynth-train/audio/keyboard_synthetic_004-051-127.wav,5305
keyboard_electronic_016-052-025,train,keyboard,keyboard_electronic_016,52,middle,25,data/raw/nsynth/extracted/nsynth-train/audio/keyboard_electronic_016-052-025.wav,5305
keyboard_electronic_038-052-025,train,keyboard,keyboard_electronic_038,52,middle,25,data/raw/nsynth/extracted/nsynth-train/audio/keyboard_electronic_038-052-025.wav,5305
keyboard_electronic_047-052-025,train,keyboard,keyboard_electronic_047,52,middle,25,data/raw/nsynth/extracted/nsynth-train/audio/keyboard_electronic_047-052-025.wav,5305
keyboard_electronic_074-052-025,train,keyboard,keyboard_electronic_074,52,middle,25,data/raw/nsynth/extracted/nsynth-train/audio/keyboard_electronic_074-052-025.wav,5305
keyboard_electronic_011-052-050,train,keyboard,keyboard_electronic_011,52,middle,50,data/raw/nsynth/extracted/nsynth-train/audio/keyboard_electronic_011-052-050.wav,5305
keyboard_electronic_063-052-050,train,keyboard,keyboard_electronic_063,52,middle,50,data/raw/nsynth/extracted/nsynth-train/audio/keyboard_electronic_063-052-050.wav,5305
keyboard_synthetic_001-052-050,train,keyboard,keyboard_synthetic_001,52,middle,50,data/raw/nsynth/extracted/nsynth-train/audio/keyboard_synthetic_001-052-050.wav,5305
keyboard_acoustic_003-052-075,train,keyboard,keyboard_acoustic_003,52,middle,75,data/raw/nsynth/extracted/nsynth-train/audio/keyboard_acoustic_003-052-075.wav,5305
keyboard_acoustic_011-052-075,train,keyboard,keyboard_acoustic_011,52,middle,75,data/raw/nsynth/extracted/nsynth-train/audio/keyboard_acoustic_011-052-075.wav,5305
keyboard_electronic_000-052-075,train,keyboard,keyboard_electronic_000,52,middle,75,data/raw/nsynth/extracted/nsynth-train/audio/keyboard_electronic_000-052-075.wav,5305
keyboard_electronic_030-052-075,train,keyboard,keyboard_electronic_030,52,middle,75,data/raw/nsynth/extracted/nsynth-train/audio/keyboard_electronic_030-052-075.wav,5305
keyboard_electronic_071-052-075,train,keyboard,keyboard_electronic_071,52,middle,75,data/raw/nsynth/extracted/nsynth-train/audio/keyboard_electronic_071-052-075.wav,5305
keyboard_electronic_076-052-075,train,keyboard,keyboard_electronic_076,52,middle,75,data/raw/nsynth/extracted/nsynth-train/audio/keyboard_electronic_076-052-075.wav,5305
keyboard_electronic_090-052-075,train,keyboard,keyboard_electronic_090,52,middle,75,data/raw/nsynth/extracted/nsynth-train/audio/keyboard_electronic_090-052-075.wav,5305
keyboard_electronic_091-052-075,train,keyboard,keyboard_electronic_091,52,middle,75,data/raw/nsynth/extracted/nsynth-train/audio/keyboard_electronic_091-052-075.wav,5305
keyboard_electronic_036-052-100,train,keyboard,keyboard_electronic_036,52,middle,100,data/raw/nsynth/extracted/nsynth-train/audio/keyboard_electronic_036-052-100.wav,5305
keyboard_synthetic_008-052-100,train,keyboard,keyboard_synthetic_008,52,middle,100,data/raw/nsynth/extracted/nsynth-train/audio/keyboard_synthetic_008-052-100.wav,5305
keyboard_electronic_066-052-127,train,keyboard,keyboard_electronic_066,52,middle,127,data/raw/nsynth/extracted/nsynth-train/audio/keyboard_electronic_066-052-127.wav,5305
keyboard_electronic_007-053-025,train,keyboard,keyboard_electronic_007,53,middle,25,data/raw/nsynth/extracted/nsynth-train/audio/keyboard_electronic_007-053-025.wav,5305
keyboard_electronic_107-053-025,train,keyboard,keyboard_electronic_107,53,middle,25,data/raw/nsynth/extracted/nsynth-train/audio/keyboard_electronic_107-053-025.wav,5305
keyboard_synthetic_012-053-025,train,keyboard,keyboard_synthetic_012,53,middle,25,data/raw/nsynth/extracted/nsynth-train/audio/keyboard_synthetic_012-053-025.wav,5305
keyboard_electronic_026-053-050,train,keyboard,keyboard_electronic_026,53,middle,50,data/raw/nsynth/extracted/nsynth-train/audio/keyboard_electronic_026-053-050.wav,5305
keyboard_electronic_053-053-050,train,keyboard,keyboard_electronic_053,53,middle,50,data/raw/nsynth/extracted/nsynth-train/audio/keyboard_electronic_053-053-050.wav,5305
keyboard_electronic_062-053-050,train,keyboard,keyboard_electronic_062,53,middle,50,data/raw/nsynth/extracted/nsynth-train/audio/keyboard_electronic_062-053-050.wav,5305
keyboard_electronic_086-053-050,train,keyboard,keyboard_electronic_086,53,middle,50,data/raw/nsynth/extracted/nsynth-train/audio/keyboard_electronic_086-053-050.wav,5305
keyboard_electronic_089-053-050,train,keyboard,keyboard_electronic_089,53,middle,50,data/raw/nsynth/extracted/nsynth-train/audio/keyboard_electronic_089-053-050.wav,5305
keyboard_electronic_090-053-050,train,keyboard,keyboard_electronic_090,53,middle,50,data/raw/nsynth/extracted/nsynth-train/audio/keyboard_electronic_090-053-050.wav,5305
keyboard_electronic_020-053-075,train,keyboard,keyboard_electronic_020,53,middle,75,data/raw/nsynth/extracted/nsynth-train/audio/keyboard_electronic_020-053-075.wav,5305
keyboard_electronic_028-053-075,train,keyboard,keyboard_electronic_028,53,middle,75,data/raw/nsynth/extracted/nsynth-train/audio/keyboard_electronic_028-053-075.wav,5305
keyboard_electronic_032-053-075,train,keyboard,keyboard_electronic_032,53,middle,75,data/raw/nsynth/extracted/nsynth-train/audio/keyboard_electronic_032-053-075.wav,5305
keyboard_electronic_059-053-075,train,keyboard,keyboard_electronic_059,53,middle,75,data/raw/nsynth/extracted/nsynth-train/audio/keyboard_electronic_059-053-075.wav,5305
keyboard_electronic_080-053-075,train,keyboard,keyboard_electronic_080,53,middle,75,data/raw/nsynth/extracted/nsynth-train/audio/keyboard_electronic_080-053-075.wav,5305
keyboard_electronic_104-053-075,train,keyboard,keyboard_electronic_104,53,middle,75,data/raw/nsynth/extracted/nsynth-train/audio/keyboard_electronic_104-053-075.wav,5305
keyboard_synthetic_003-053-075,train,keyboard,keyboard_synthetic_003,53,middle,75,data/raw/nsynth/extracted/nsynth-train/audio/keyboard_synthetic_003-053-075.wav,5305
keyboard_synthetic_011-053-075,train,keyboard,keyboard_synthetic_011,53,middle,75,data/raw/nsynth/extracted/nsynth-train/audio/keyboard_synthetic_011-053-075.wav,5305
keyboard_acoustic_012-053-100,train,keyboard,keyboard_acoustic_012,53,middle,100,data/raw/nsynth/extracted/nsynth-train/audio/keyboard_acoustic_012-053-100.wav,5305
keyboard_electronic_016-053-100,train,keyboard,keyboard_electronic_016,53,middle,100,data/raw/nsynth/extracted/nsynth-train/audio/keyboard_electronic_016-053-100.wav,5305
keyboard_electronic_037-053-100,train,keyboard,keyboard_electronic_037,53,middle,100,data/raw/nsynth/extracted/nsynth-train/audio/keyboard_electronic_037-053-100.wav,5305
keyboard_electronic_083-053-100,train,keyboard,keyboard_electronic_083,53,middle,100,data/raw/nsynth/extracted/nsynth-train/audio/keyboard_electronic_083-053-100.wav,5305
keyboard_electronic_009-053-127,train,keyboard,keyboard_electronic_009,53,middle,127,data/raw/nsynth/extracted/nsynth-train/audio/keyboard_electronic_009-053-127.wav,5305
keyboard_electronic_012-053-127,train,keyboard,keyboard_electronic_012,53,middle,127,data/raw/nsynth/extracted/nsynth-train/audio/keyboard_electronic_012-053-127.wav,5305
keyboard_electronic_047-053-127,train,keyboard,keyboard_electronic_047,53,middle,127,data/raw/nsynth/extracted/nsynth-train/audio/keyboard_electronic_047-053-127.wav,5305
keyboard_electronic_109-053-127,train,keyboard,keyboard_electronic_109,53,middle,127,data/raw/nsynth/extracted/nsynth-train/audio/keyboard_electronic_109-053-127.wav,5305
keyboard_acoustic_018-054-025,train,keyboard,keyboard_acoustic_018,54,middle,25,data/raw/nsynth/extracted/nsynth-train/audio/keyboard_acoustic_018-054-025.wav,5305
keyboard_electronic_019-054-025,train,keyboard,keyboard_electronic_019,54,middle,25,data/raw/nsynth/extracted/nsynth-train/audio/keyboard_electronic_019-054-025.wav,5305
keyboard_electronic_073-054-025,train,keyboard,keyboard_electronic_073,54,middle,25,data/raw/nsynth/extracted/nsynth-train/audio/keyboard_electronic_073-054-025.wav,5305
keyboard_electronic_097-054-025,train,keyboard,keyboard_electronic_097,54,middle,25,data/raw/nsynth/extracted/nsynth-train/audio/keyboard_electronic_097-054-025.wav,5305
keyboard_electronic_099-054-025,train,keyboard,keyboard_electronic_099,54,middle,25,data/raw/nsynth/extracted/nsynth-train/audio/keyboard_electronic_099-054-025.wav,5305
keyboard_electronic_060-054-050,train,keyboard,keyboard_electronic_060,54,middle,50,data/raw/nsynth/extracted/nsynth-train/audio/keyboard_electronic_060-054-050.wav,5305
keyboard_electronic_071-054-050,train,keyboard,keyboard_electronic_071,54,middle,50,data/raw/nsynth/extracted/nsynth-train/audio/keyboard_electronic_071-054-050.wav,5305
keyboard_electronic_104-054-050,train,keyboard,keyboard_electronic_104,54,middle,50,data/raw/nsynth/extracted/nsynth-train/audio/keyboard_electronic_104-054-050.wav,5305
keyboard_electronic_105-054-050,train,keyboard,keyboard_electronic_105,54,middle,50,data/raw/nsynth/extracted/nsynth-train/audio/keyboard_electronic_105-054-050.wav,5305
keyboard_synthetic_010-054-050,train,keyboard,keyboard_synthetic_010,54,middle,50,data/raw/nsynth/extracted/nsynth-train/audio/keyboard_synthetic_010-054-050.wav,5305
keyboard_electronic_042-054-075,train,keyboard,keyboard_electronic_042,54,middle,75,data/raw/nsynth/extracted/nsynth-train/audio/keyboard_electronic_042-054-075.wav,5305
keyboard_electronic_070-054-075,train,keyboard,keyboard_electronic_070,54,middle,75,data/raw/nsynth/extracted/nsynth-train/audio/keyboard_electronic_070-054-075.wav,5305
keyboard_electronic_071-054-075,train,keyboard,keyboard_electronic_071,54,middle,75,data/raw/nsynth/extracted/nsynth-train/audio/keyboard_electronic_071-054-075.wav,5305
keyboard_electronic_091-054-075,train,keyboard,keyboard_electronic_091,54,middle,75,data/raw/nsynth/extracted/nsynth-train/audio/keyboard_electronic_091-054-075.wav,5305
keyboard_synthetic_003-054-075,train,keyboard,keyboard_synthetic_003,54,middle,75,data/raw/nsynth/extracted/nsynth-train/audio/keyboard_synthetic_003-054-075.wav,5305
keyboard_acoustic_013-054-100,train,keyboard,keyboard_acoustic_013,54,middle,100,data/raw/nsynth/extracted/nsynth-train/audio/keyboard_acoustic_013-054-100.wav,5305
keyboard_acoustic_016-054-100,train,keyboard,keyboard_acoustic_016,54,middle,100,data/raw/nsynth/extracted/nsynth-train/audio/keyboard_acoustic_016-054-100.wav,5305
keyboard_acoustic_019-054-100,train,keyboard,keyboard_acoustic_019,54,middle,100,data/raw/nsynth/extracted/nsynth-train/audio/keyboard_acoustic_019-054-100.wav,5305
keyboard_electronic_004-054-100,train,keyboard,keyboard_electronic_004,54,middle,100,data/raw/nsynth/extracted/nsynth-train/audio/keyboard_electronic_004-054-100.wav,5305
keyboard_electronic_074-054-100,train,keyboard,keyboard_electronic_074,54,middle,100,data/raw/nsynth/extracted/nsynth-train/audio/keyboard_electronic_074-054-100.wav,5305
keyboard_electronic_102-054-100,train,keyboard,keyboard_electronic_102,54,middle,100,data/raw/nsynth/extracted/nsynth-train/audio/keyboard_electronic_102-054-100.wav,5305
keyboard_synthetic_012-054-100,train,keyboard,keyboard_synthetic_012,54,middle,100,data/raw/nsynth/extracted/nsynth-train/audio/keyboard_synthetic_012-054-100.wav,5305
keyboard_electronic_022-054-127,train,keyboard,keyboard_electronic_022,54,middle,127,data/raw/nsynth/extracted/nsynth-train/audio/keyboard_electronic_022-054-127.wav,5305
keyboard_electronic_074-054-127,train,keyboard,keyboard_electronic_074,54,middle,127,data/raw/nsynth/extracted/nsynth-train/audio/keyboard_electronic_074-054-127.wav,5305
keyboard_electronic_075-054-127,train,keyboard,keyboard_electronic_075,54,middle,127,data/raw/nsynth/extracted/nsynth-train/audio/keyboard_electronic_075-054-127.wav,5305
keyboard_electronic_015-055-025,train,keyboard,keyboard_electronic_015,55,middle,25,data/raw/nsynth/extracted/nsynth-train/audio/keyboard_electronic_015-055-025.wav,5305
keyboard_electronic_016-055-025,train,keyboard,keyboard_electronic_016,55,middle,25,data/raw/nsynth/extracted/nsynth-train/audio/keyboard_electronic_016-055-025.wav,5305
keyboard_electronic_045-055-025,train,keyboard,keyboard_electronic_045,55,middle,25,data/raw/nsynth/extracted/nsynth-train/audio/keyboard_electronic_045-055-025.wav,5305
keyboard_electronic_050-055-025,train,keyboard,keyboard_electronic_050,55,middle,25,data/raw/nsynth/extracted/nsynth-train/audio/keyboard_electronic_050-055-025.wav,5305
keyboard_electronic_053-055-025,train,keyboard,keyboard_electronic_053,55,middle,25,data/raw/nsynth/extracted/nsynth-train/audio/keyboard_electronic_053-055-025.wav,5305
keyboard_electronic_060-055-025,train,keyboard,keyboard_electronic_060,55,middle,25,data/raw/nsynth/extracted/nsynth-train/audio/keyboard_electronic_060-055-025.wav,5305
keyboard_electronic_005-055-050,train,keyboard,keyboard_electronic_005,55,middle,50,data/raw/nsynth/extracted/nsynth-train/audio/keyboard_electronic_005-055-050.wav,5305
keyboard_electronic_104-055-050,train,keyboard,keyboard_electronic_104,55,middle,50,data/raw/nsynth/extracted/nsynth-train/audio/keyboard_electronic_104-055-050.wav,5305
keyboard_acoustic_014-055-075,train,keyboard,keyboard_acoustic_014,55,middle,75,data/raw/nsynth/extracted/nsynth-train/audio/keyboard_acoustic_014-055-075.wav,5305
keyboard_electronic_014-055-075,train,keyboard,keyboard_electronic_014,55,middle,75,data/raw/nsynth/extracted/nsynth-train/audio/keyboard_electronic_014-055-075.wav,5305
keyboard_electronic_015-055-075,train,keyboard,keyboard_electronic_015,55,middle,75,data/raw/nsynth/extracted/nsynth-train/audio/keyboard_electronic_015-055-075.wav,5305
keyboard_electronic_099-055-075,train,keyboard,keyboard_electronic_099,55,middle,75,data/raw/nsynth/extracted/nsynth-train/audio/keyboard_electronic_099-055-075.wav,5305
keyboard_electronic_010-055-100,train,keyboard,keyboard_electronic_010,55,middle,100,data/raw/nsynth/extracted/nsynth-train/audio/keyboard_electronic_010-055-100.wav,5305
keyboard_electronic_022-055-100,train,keyboard,keyboard_electronic_022,55,middle,100,data/raw/nsynth/extracted/nsynth-train/audio/keyboard_electronic_022-055-100.wav,5305
keyboard_electronic_038-055-100,train,keyboard,keyboard_electronic_038,55,middle,100,data/raw/nsynth/extracted/nsynth-train/audio/keyboard_electronic_038-055-100.wav,5305
keyboard_electronic_090-055-100,train,keyboard,keyboard_electronic_090,55,middle,100,data/raw/nsynth/extracted/nsynth-train/audio/keyboard_electronic_090-055-100.wav,5305
keyboard_electronic_102-055-100,train,keyboard,keyboard_electronic_102,55,middle,100,data/raw/nsynth/extracted/nsynth-train/audio/keyboard_electronic_102-055-100.wav,5305
keyboard_electronic_106-055-100,train,keyboard,keyboard_electronic_106,55,middle,100,data/raw/nsynth/extracted/nsynth-train/audio/keyboard_electronic_106-055-100.wav,5305
keyboard_electronic_009-055-127,train,keyboard,keyboard_electronic_009,55,middle,127,data/raw/nsynth/extracted/nsynth-train/audio/keyboard_electronic_009-055-127.wav,5305
keyboard_electronic_010-055-127,train,keyboard,keyboard_electronic_010,55,middle,127,data/raw/nsynth/extracted/nsynth-train/audio/keyboard_electronic_010-055-127.wav,5305
keyboard_electronic_011-055-127,train,keyboard,keyboard_electronic_011,55,middle,127,data/raw/nsynth/extracted/nsynth-train/audio/keyboard_electronic_011-055-127.wav,5305
keyboard_electronic_028-055-127,train,keyboard,keyboard_electronic_028,55,middle,127,data/raw/nsynth/extracted/nsynth-train/audio/keyboard_electronic_028-055-127.wav,5305
keyboard_electronic_035-055-127,train,keyboard,keyboard_electronic_035,55,middle,127,data/raw/nsynth/extracted/nsynth-train/audio/keyboard_electronic_035-055-127.wav,5305
keyboard_electronic_051-055-127,train,keyboard,keyboard_electronic_051,55,middle,127,data/raw/nsynth/extracted/nsynth-train/audio/keyboard_electronic_051-055-127.wav,5305
keyboard_electronic_024-056-025,train,keyboard,keyboard_electronic_024,56,middle,25,data/raw/nsynth/extracted/nsynth-train/audio/keyboard_electronic_024-056-025.wav,5305
keyboard_electronic_026-056-025,train,keyboard,keyboard_electronic_026,56,middle,25,data/raw/nsynth/extracted/nsynth-train/audio/keyboard_electronic_026-056-025.wav,5305
keyboard_electronic_032-056-025,train,keyboard,keyboard_electronic_032,56,middle,25,data/raw/nsynth/extracted/nsynth-train/audio/keyboard_electronic_032-056-025.wav,5305
keyboard_electronic_035-056-025,train,keyboard,keyboard_electronic_035,56,middle,25,data/raw/nsynth/extracted/nsynth-train/audio/keyboard_electronic_035-056-025.wav,5305
keyboard_electronic_054-056-025,train,keyboard,keyboard_electronic_054,56,middle,25,data/raw/nsynth/extracted/nsynth-train/audio/keyboard_electronic_054-056-025.wav,5305
keyboard_electronic_077-056-025,train,keyboard,keyboard_electronic_077,56,middle,25,data/raw/nsynth/extracted/nsynth-train/audio/keyboard_electronic_077-056-025.wav,5305
keyboard_electronic_102-056-025,train,keyboard,keyboard_electronic_102,56,middle,25,data/raw/nsynth/extracted/nsynth-train/audio/keyboard_electronic_102-056-025.wav,5305
keyboard_acoustic_003-056-050,train,keyboard,keyboard_acoustic_003,56,middle,50,data/raw/nsynth/extracted/nsynth-train/audio/keyboard_acoustic_003-056-050.wav,5305
keyboard_acoustic_010-056-050,train,keyboard,keyboard_acoustic_010,56,middle,50,data/raw/nsynth/extracted/nsynth-train/audio/keyboard_acoustic_010-056-050.wav,5305
keyboard_electronic_037-056-050,train,keyboard,keyboard_electronic_037,56,middle,50,data/raw/nsynth/extracted/nsynth-train/audio/keyboard_electronic_037-056-050.wav,5305
keyboard_acoustic_005-056-075,train,keyboard,keyboard_acoustic_005,56,middle,75,data/raw/nsynth/extracted/nsynth-train/audio/keyboard_acoustic_005-056-075.wav,5305
keyboard_electronic_050-056-075,train,keyboard,keyboard_electronic_050,56,middle,75,data/raw/nsynth/extracted/nsynth-train/audio/keyboard_electronic_050-056-075.wav,5305
keyboard_electronic_063-056-075,train,keyboard,keyboard_electronic_063,56,middle,75,data/raw/nsynth/extracted/nsynth-train/audio/keyboard_electronic_063-056-075.wav,5305
keyboard_electronic_077-056-075,train,keyboard,keyboard_electronic_077,56,middle,75,data/raw/nsynth/extracted/nsynth-train/audio/keyboard_electronic_077-056-075.wav,5305
keyboard_electronic_081-056-075,train,keyboard,keyboard_electronic_081,56,middle,75,data/raw/nsynth/extracted/nsynth-train/audio/keyboard_electronic_081-056-075.wav,5305
keyboard_electronic_059-056-100,train,keyboard,keyboard_electronic_059,56,middle,100,data/raw/nsynth/extracted/nsynth-train/audio/keyboard_electronic_059-056-100.wav,5305
keyboard_electronic_015-056-127,train,keyboard,keyboard_electronic_015,56,middle,127,data/raw/nsynth/extracted/nsynth-train/audio/keyboard_electronic_015-056-127.wav,5305
keyboard_electronic_037-056-127,train,keyboard,keyboard_electronic_037,56,middle,127,data/raw/nsynth/extracted/nsynth-train/audio/keyboard_electronic_037-056-127.wav,5305
keyboard_electronic_038-056-127,train,keyboard,keyboard_electronic_038,56,middle,127,data/raw/nsynth/extracted/nsynth-train/audio/keyboard_electronic_038-056-127.wav,5305
keyboard_electronic_045-056-127,train,keyboard,keyboard_electronic_045,56,middle,127,data/raw/nsynth/extracted/nsynth-train/audio/keyboard_electronic_045-056-127.wav,5305
keyboard_synthetic_003-056-127,train,keyboard,keyboard_synthetic_003,56,middle,127,data/raw/nsynth/extracted/nsynth-train/audio/keyboard_synthetic_003-056-127.wav,5305
keyboard_electronic_005-057-025,train,keyboard,keyboard_electronic_005,57,middle,25,data/raw/nsynth/extracted/nsynth-train/audio/keyboard_electronic_005-057-025.wav,5305
keyboard_electronic_081-057-025,train,keyboard,keyboard_electronic_081,57,middle,25,data/raw/nsynth/extracted/nsynth-train/audio/keyboard_electronic_081-057-025.wav,5305
keyboard_electronic_006-057-050,train,keyboard,keyboard_electronic_006,57,middle,50,data/raw/nsynth/extracted/nsynth-train/audio/keyboard_electronic_006-057-050.wav,5305
keyboard_electronic_017-057-050,train,keyboard,keyboard_electronic_017,57,middle,50,data/raw/nsynth/extracted/nsynth-train/audio/keyboard_electronic_017-057-050.wav,5305
keyboard_electronic_019-057-050,train,keyboard,keyboard_electronic_019,57,middle,50,data/raw/nsynth/extracted/nsynth-train/audio/keyboard_electronic_019-057-050.wav,5305
keyboard_electronic_034-057-050,train,keyboard,keyboard_electronic_034,57,middle,50,data/raw/nsynth/extracted/nsynth-train/audio/keyboard_electronic_034-057-050.wav,5305
keyboard_electronic_060-057-050,train,keyboard,keyboard_electronic_060,57,middle,50,data/raw/nsynth/extracted/nsynth-train/audio/keyboard_electronic_060-057-050.wav,5305
keyboard_electronic_083-057-050,train,keyboard,keyboard_electronic_083,57,middle,50,data/raw/nsynth/extracted/nsynth-train/audio/keyboard_electronic_083-057-050.wav,5305
keyboard_electronic_100-057-050,train,keyboard,keyboard_electronic_100,57,middle,50,data/raw/nsynth/extracted/nsynth-train/audio/keyboard_electronic_100-057-050.wav,5305
keyboard_electronic_027-057-075,train,keyboard,keyboard_electronic_027,57,middle,75,data/raw/nsynth/extracted/nsynth-train/audio/keyboard_electronic_027-057-075.wav,5305
keyboard_electronic_014-057-100,train,keyboard,keyboard_electronic_014,57,middle,100,data/raw/nsynth/extracted/nsynth-train/audio/keyboard_electronic_014-057-100.wav,5305
keyboard_electronic_016-057-100,train,keyboard,keyboard_electronic_016,57,middle,100,data/raw/nsynth/extracted/nsynth-train/audio/keyboard_electronic_016-057-100.wav,5305
keyboard_electronic_024-057-100,train,keyboard,keyboard_electronic_024,57,middle,100,data/raw/nsynth/extracted/nsynth-train/audio/keyboard_electronic_024-057-100.wav,5305
keyboard_electronic_033-057-100,train,keyboard,keyboard_electronic_033,57,middle,100,data/raw/nsynth/extracted/nsynth-train/audio/keyboard_electronic_033-057-100.wav,5305
keyboard_electronic_062-057-100,train,keyboard,keyboard_electronic_062,57,middle,100,data/raw/nsynth/extracted/nsynth-train/audio/keyboard_electronic_062-057-100.wav,5305
keyboard_electronic_007-057-127,train,keyboard,keyboard_electronic_007,57,middle,127,data/raw/nsynth/extracted/nsynth-train/audio/keyboard_electronic_007-057-127.wav,5305
keyboard_electronic_027-057-127,train,keyboard,keyboard_electronic_027,57,middle,127,data/raw/nsynth/extracted/nsynth-train/audio/keyboard_electronic_027-057-127.wav,5305
keyboard_electronic_039-057-127,train,keyboard,keyboard_electronic_039,57,middle,127,data/raw/nsynth/extracted/nsynth-train/audio/keyboard_electronic_039-057-127.wav,5305
keyboard_acoustic_000-058-025,train,keyboard,keyboard_acoustic_000,58,middle,25,data/raw/nsynth/extracted/nsynth-train/audio/keyboard_acoustic_000-058-025.wav,5305
keyboard_electronic_008-058-025,train,keyboard,keyboard_electronic_008,58,middle,25,data/raw/nsynth/extracted/nsynth-train/audio/keyboard_electronic_008-058-025.wav,5305
keyboard_electronic_046-058-025,train,keyboard,keyboard_electronic_046,58,middle,25,data/raw/nsynth/extracted/nsynth-train/audio/keyboard_electronic_046-058-025.wav,5305
keyboard_electronic_062-058-050,train,keyboard,keyboard_electronic_062,58,middle,50,data/raw/nsynth/extracted/nsynth-train/audio/keyboard_electronic_062-058-050.wav,5305
keyboard_electronic_096-058-050,train,keyboard,keyboard_electronic_096,58,middle,50,data/raw/nsynth/extracted/nsynth-train/audio/keyboard_electronic_096-058-050.wav,5305
keyboard_electronic_014-058-075,train,keyboard,keyboard_electronic_014,58,middle,75,data/raw/nsynth/extracted/nsynth-train/audio/keyboard_electronic_014-058-075.wav,5305
keyboard_electronic_050-058-075,train,keyboard,keyboard_electronic_050,58,middle,75,data/raw/nsynth/extracted/nsynth-train/audio/keyboard_electronic_050-058-075.wav,5305
keyboard_electronic_088-058-075,train,keyboard,keyboard_electronic_088,58,middle,75,data/raw/nsynth/extracted/nsynth-train/audio/keyboard_electronic_088-058-075.wav,5305
keyboard_electronic_095-058-075,train,keyboard,keyboard_electronic_095,58,middle,75,data/raw/nsynth/extracted/nsynth-train/audio/keyboard_electronic_095-058-075.wav,5305
keyboard_electronic_109-058-075,train,keyboard,keyboard_electronic_109,58,middle,75,data/raw/nsynth/extracted/nsynth-train/audio/keyboard_electronic_109-058-075.wav,5305
keyboard_synthetic_009-058-075,train,keyboard,keyboard_synthetic_009,58,middle,75,data/raw/nsynth/extracted/nsynth-train/audio/keyboard_synthetic_009-058-075.wav,5305
keyboard_acoustic_016-058-100,train,keyboard,keyboard_acoustic_016,58,middle,100,data/raw/nsynth/extracted/nsynth-train/audio/keyboard_acoustic_016-058-100.wav,5305
keyboard_electronic_026-058-100,train,keyboard,keyboard_electronic_026,58,middle,100,data/raw/nsynth/extracted/nsynth-train/audio/keyboard_electronic_026-058-100.wav,5305
keyboard_electronic_050-058-100,train,keyboard,keyboard_electronic_050,58,middle,100,data/raw/nsynth/extracted/nsynth-train/audio/keyboard_electronic_050-058-100.wav,5305
keyboard_electronic_096-058-100,train,keyboard,keyboard_electronic_096,58,middle,100,data/raw/nsynth/extracted/nsynth-train/audio/keyboard_electronic_096-058-100.wav,5305
keyboard_electronic_012-058-127,train,keyboard,keyboard_electronic_012,58,middle,127,data/raw/nsynth/extracted/nsynth-train/audio/keyboard_electronic_012-058-127.wav,5305
keyboard_electronic_044-058-127,train,keyboard,keyboard_electronic_044,58,middle,127,data/raw/nsynth/extracted/nsynth-train/audio/keyboard_electronic_044-058-127.wav,5305
keyboard_electronic_048-058-127,train,keyboard,keyboard_electronic_048,58,middle,127,data/raw/nsynth/extracted/nsynth-train/audio/keyboard_electronic_048-058-127.wav,5305
keyboard_electronic_060-058-127,train,keyboard,keyboard_electronic_060,58,middle,127,data/raw/nsynth/extracted/nsynth-train/audio/keyboard_electronic_060-058-127.wav,5305
keyboard_electronic_101-058-127,train,keyboard,keyboard_electronic_101,58,middle,127,data/raw/nsynth/extracted/nsynth-train/audio/keyboard_electronic_101-058-127.wav,5305
keyboard_acoustic_000-059-025,train,keyboard,keyboard_acoustic_000,59,middle,25,data/raw/nsynth/extracted/nsynth-train/audio/keyboard_acoustic_000-059-025.wav,5305
keyboard_acoustic_006-059-025,train,keyboard,keyboard_acoustic_006,59,middle,25,data/raw/nsynth/extracted/nsynth-train/audio/keyboard_acoustic_006-059-025.wav,5305
keyboard_electronic_013-059-025,train,keyboard,keyboard_electronic_013,59,middle,25,data/raw/nsynth/extracted/nsynth-train/audio/keyboard_electronic_013-059-025.wav,5305
keyboard_electronic_026-059-025,train,keyboard,keyboard_electronic_026,59,middle,25,data/raw/nsynth/extracted/nsynth-train/audio/keyboard_electronic_026-059-025.wav,5305
keyboard_electronic_029-059-025,train,keyboard,keyboard_electronic_029,59,middle,25,data/raw/nsynth/extracted/nsynth-train/audio/keyboard_electronic_029-059-025.wav,5305
keyboard_electronic_031-059-025,train,keyboard,keyboard_electronic_031,59,middle,25,data/raw/nsynth/extracted/nsynth-train/audio/keyboard_electronic_031-059-025.wav,5305
keyboard_electronic_107-059-025,train,keyboard,keyboard_electronic_107,59,middle,25,data/raw/nsynth/extracted/nsynth-train/audio/keyboard_electronic_107-059-025.wav,5305
keyboard_acoustic_007-059-050,train,keyboard,keyboard_acoustic_007,59,middle,50,data/raw/nsynth/extracted/nsynth-train/audio/keyboard_acoustic_007-059-050.wav,5305
keyboard_electronic_027-059-050,train,keyboard,keyboard_electronic_027,59,middle,50,data/raw/nsynth/extracted/nsynth-train/audio/keyboard_electronic_027-059-050.wav,5305
keyboard_electronic_042-059-050,train,keyboard,keyboard_electronic_042,59,middle,50,data/raw/nsynth/extracted/nsynth-train/audio/keyboard_electronic_042-059-050.wav,5305
keyboard_electronic_048-059-050,train,keyboard,keyboard_electronic_048,59,middle,50,data/raw/nsynth/extracted/nsynth-train/audio/keyboard_electronic_048-059-050.wav,5305
keyboard_electronic_056-059-050,train,keyboard,keyboard_electronic_056,59,middle,50,data/raw/nsynth/extracted/nsynth-train/audio/keyboard_electronic_056-059-050.wav,5305
keyboard_electronic_065-059-050,train,keyboard,keyboard_electronic_065,59,middle,50,data/raw/nsynth/extracted/nsynth-train/audio/keyboard_electronic_065-059-050.wav,5305
keyboard_electronic_079-059-050,train,keyboard,keyboard_electronic_079,59,middle,50,data/raw/nsynth/extracted/nsynth-train/audio/keyboard_electronic_079-059-050.wav,5305
keyboard_synthetic_008-059-050,train,keyboard,keyboard_synthetic_008,59,middle,50,data/raw/nsynth/extracted/nsynth-train/audio/keyboard_synthetic_008-059-050.wav,5305
keyboard_electronic_018-059-075,train,keyboard,keyboard_electronic_018,59,middle,75,data/raw/nsynth/extracted/nsynth-train/audio/keyboard_electronic_018-059-075.wav,5305
keyboard_electronic_039-059-075,train,keyboard,keyboard_electronic_039,59,middle,75,data/raw/nsynth/extracted/nsynth-train/audio/keyboard_electronic_039-059-075.wav,5305
keyboard_electronic_014-059-100,train,keyboard,keyboard_electronic_014,59,middle,100,data/raw/nsynth/extracted/nsynth-train/audio/keyboard_electronic_014-059-100.wav,5305
keyboard_electronic_019-059-100,train,keyboard,keyboard_electronic_019,59,middle,100,data/raw/nsynth/extracted/nsynth-train/audio/keyboard_electronic_019-059-100.wav,5305
keyboard_electronic_021-059-100,train,keyboard,keyboard_electronic_021,59,middle,100,data/raw/nsynth/extracted/nsynth-train/audio/keyboard_electronic_021-059-100.wav,5305
keyboard_electronic_086-059-100,train,keyboard,keyboard_electronic_086,59,middle,100,data/raw/nsynth/extracted/nsynth-train/audio/keyboard_electronic_086-059-100.wav,5305
keyboard_electronic_095-059-100,train,keyboard,keyboard_electronic_095,59,middle,100,data/raw/nsynth/extracted/nsynth-train/audio/keyboard_electronic_095-059-100.wav,5305
keyboard_electronic_104-059-100,train,keyboard,keyboard_electronic_104,59,middle,100,data/raw/nsynth/extracted/nsynth-train/audio/keyboard_electronic_104-059-100.wav,5305
keyboard_acoustic_006-059-127,train,keyboard,keyboard_acoustic_006,59,middle,127,data/raw/nsynth/extracted/nsynth-train/audio/keyboard_acoustic_006-059-127.wav,5305
keyboard_electronic_023-059-127,train,keyboard,keyboard_electronic_023,59,middle,127,data/raw/nsynth/extracted/nsynth-train/audio/keyboard_electronic_023-059-127.wav,5305
keyboard_electronic_028-059-127,train,keyboard,keyboard_electronic_028,59,middle,127,data/raw/nsynth/extracted/nsynth-train/audio/keyboard_electronic_028-059-127.wav,5305
keyboard_electronic_056-059-127,train,keyboard,keyboard_electronic_056,59,middle,127,data/raw/nsynth/extracted/nsynth-train/audio/keyboard_electronic_056-059-127.wav,5305
keyboard_electronic_061-059-127,train,keyboard,keyboard_electronic_061,59,middle,127,data/raw/nsynth/extracted/nsynth-train/audio/keyboard_electronic_061-059-127.wav,5305
keyboard_electronic_064-059-127,train,keyboard,keyboard_electronic_064,59,middle,127,data/raw/nsynth/extracted/nsynth-train/audio/keyboard_electronic_064-059-127.wav,5305
keyboard_electronic_075-059-127,train,keyboard,keyboard_electronic_075,59,middle,127,data/raw/nsynth/extracted/nsynth-train/audio/keyboard_electronic_075-059-127.wav,5305
keyboard_electronic_091-059-127,train,keyboard,keyboard_electronic_091,59,middle,127,data/raw/nsynth/extracted/nsynth-train/audio/keyboard_electronic_091-059-127.wav,5305
keyboard_electronic_101-059-127,train,keyboard,keyboard_electronic_101,59,middle,127,data/raw/nsynth/extracted/nsynth-train/audio/keyboard_electronic_101-059-127.wav,5305
keyboard_electronic_005-060-025,train,keyboard,keyboard_electronic_005,60,middle,25,data/raw/nsynth/extracted/nsynth-train/audio/keyboard_electronic_005-060-025.wav,5305
keyboard_electronic_053-060-025,train,keyboard,keyboard_electronic_053,60,middle,25,data/raw/nsynth/extracted/nsynth-train/audio/keyboard_electronic_053-060-025.wav,5305
keyboard_synthetic_010-060-025,train,keyboard,keyboard_synthetic_010,60,middle,25,data/raw/nsynth/extracted/nsynth-train/audio/keyboard_synthetic_010-060-025.wav,5305
keyboard_acoustic_014-060-050,train,keyboard,keyboard_acoustic_014,60,middle,50,data/raw/nsynth/extracted/nsynth-train/audio/keyboard_acoustic_014-060-050.wav,5305
keyboard_electronic_022-060-050,train,keyboard,keyboard_electronic_022,60,middle,50,data/raw/nsynth/extracted/nsynth-train/audio/keyboard_electronic_022-060-050.wav,5305
keyboard_electronic_029-060-050,train,keyboard,keyboard_electronic_029,60,middle,50,data/raw/nsynth/extracted/nsynth-train/audio/keyboard_electronic_029-060-050.wav,5305
keyboard_electronic_043-060-050,train,keyboard,keyboard_electronic_043,60,middle,50,data/raw/nsynth/extracted/nsynth-train/audio/keyboard_electronic_043-060-050.wav,5305
keyboard_electronic_074-060-075,train,keyboard,keyboard_electronic_074,60,middle,75,data/raw/nsynth/extracted/nsynth-train/audio/keyboard_electronic_074-060-075.wav,5305
keyboard_acoustic_008-060-100,train,keyboard,keyboard_acoustic_008,60,middle,100,data/raw/nsynth/extracted/nsynth-train/audio/keyboard_acoustic_008-060-100.wav,5305
keyboard_electronic_013-060-100,train,keyboard,keyboard_electronic_013,60,middle,100,data/raw/nsynth/extracted/nsynth-train/audio/keyboard_electronic_013-060-100.wav,5305
keyboard_electronic_024-060-100,train,keyboard,keyboard_electronic_024,60,middle,100,data/raw/nsynth/extracted/nsynth-train/audio/keyboard_electronic_024-060-100.wav,5305
keyboard_electronic_048-060-100,train,keyboard,keyboard_electronic_048,60,middle,100,data/raw/nsynth/extracted/nsynth-train/audio/keyboard_electronic_048-060-100.wav,5305
keyboard_electronic_080-060-100,train,keyboard,keyboard_electronic_080,60,middle,100,data/raw/nsynth/extracted/nsynth-train/audio/keyboard_electronic_080-060-100.wav,5305
keyboard_acoustic_015-060-127,train,keyboard,keyboard_acoustic_015,60,middle,127,data/raw/nsynth/extracted/nsynth-train/audio/keyboard_acoustic_015-060-127.wav,5305
keyboard_electronic_005-060-127,train,keyboard,keyboard_electronic_005,60,middle,127,data/raw/nsynth/extracted/nsynth-train/audio/keyboard_electronic_005-060-127.wav,5305
keyboard_electronic_008-060-127,train,keyboard,keyboard_electronic_008,60,middle,127,data/raw/nsynth/extracted/nsynth-train/audio/keyboard_electronic_008-060-127.wav,5305
keyboard_electronic_060-060-127,train,keyboard,keyboard_electronic_060,60,middle,127,data/raw/nsynth/extracted/nsynth-train/audio/keyboard_electronic_060-060-127.wav,5305
keyboard_acoustic_002-061-025,train,keyboard,keyboard_acoustic_002,61,upper,25,data/raw/nsynth/extracted/nsynth-train/audio/keyboard_acoustic_002-061-025.wav,5305
keyboard_electronic_017-061-025,train,keyboard,keyboard_electronic_017,61,upper,25,data/raw/nsynth/extracted/nsynth-train/audio/keyboard_electronic_017-061-025.wav,5305
keyboard_electronic_070-061-025,train,keyboard,keyboard_electronic_070,61,upper,25,data/raw/nsynth/extracted/nsynth-train/audio/keyboard_electronic_070-061-025.wav,5305
keyboard_electronic_074-061-025,train,keyboard,keyboard_electronic_074,61,upper,25,data/raw/nsynth/extracted/nsynth-train/audio/keyboard_electronic_074-061-025.wav,5305
keyboard_acoustic_013-061-050,train,keyboard,keyboard_acoustic_013,61,upper,50,data/raw/nsynth/extracted/nsynth-train/audio/keyboard_acoustic_013-061-050.wav,5305
keyboard_electronic_009-061-050,train,keyboard,keyboard_electronic_009,61,upper,50,data/raw/nsynth/extracted/nsynth-train/audio/keyboard_electronic_009-061-050.wav,5305
keyboard_electronic_039-061-050,train,keyboard,keyboard_electronic_039,61,upper,50,data/raw/nsynth/extracted/nsynth-train/audio/keyboard_electronic_039-061-050.wav,5305
keyboard_electronic_106-061-050,train,keyboard,keyboard_electronic_106,61,upper,50,data/raw/nsynth/extracted/nsynth-train/audio/keyboard_electronic_106-061-050.wav,5305
keyboard_electronic_008-061-075,train,keyboard,keyboard_electronic_008,61,upper,75,data/raw/nsynth/extracted/nsynth-train/audio/keyboard_electronic_008-061-075.wav,5305
keyboard_electronic_045-061-075,train,keyboard,keyboard_electronic_045,61,upper,75,data/raw/nsynth/extracted/nsynth-train/audio/keyboard_electronic_045-061-075.wav,5305
keyboard_electronic_061-061-075,train,keyboard,keyboard_electronic_061,61,upper,75,data/raw/nsynth/extracted/nsynth-train/audio/keyboard_electronic_061-061-075.wav,5305
keyboard_electronic_101-061-075,train,keyboard,keyboard_electronic_101,61,upper,75,data/raw/nsynth/extracted/nsynth-train/audio/keyboard_electronic_101-061-075.wav,5305
keyboard_electronic_107-061-075,train,keyboard,keyboard_electronic_107,61,upper,75,data/raw/nsynth/extracted/nsynth-train/audio/keyboard_electronic_107-061-075.wav,5305
keyboard_electronic_039-061-100,train,keyboard,keyboard_electronic_039,61,upper,100,data/raw/nsynth/extracted/nsynth-train/audio/keyboard_electronic_039-061-100.wav,5305
keyboard_electronic_067-061-100,train,keyboard,keyboard_electronic_067,61,upper,100,data/raw/nsynth/extracted/nsynth-train/audio/keyboard_electronic_067-061-100.wav,5305
keyboard_electronic_072-061-100,train,keyboard,keyboard_electronic_072,61,upper,100,data/raw/nsynth/extracted/nsynth-train/audio/keyboard_electronic_072-061-100.wav,5305
keyboard_electronic_029-061-127,train,keyboard,keyboard_electronic_029,61,upper,127,data/raw/nsynth/extracted/nsynth-train/audio/keyboard_electronic_029-061-127.wav,5305
keyboard_electronic_038-061-127,train,keyboard,keyboard_electronic_038,61,upper,127,data/raw/nsynth/extracted/nsynth-train/audio/keyboard_electronic_038-061-127.wav,5305
keyboard_electronic_048-061-127,train,keyboard,keyboard_electronic_048,61,upper,127,data/raw/nsynth/extracted/nsynth-train/audio/keyboard_electronic_048-061-127.wav,5305
keyboard_electronic_073-061-127,train,keyboard,keyboard_electronic_073,61,upper,127,data/raw/nsynth/extracted/nsynth-train/audio/keyboard_electronic_073-061-127.wav,5305
keyboard_acoustic_007-062-025,train,keyboard,keyboard_acoustic_007,62,upper,25,data/raw/nsynth/extracted/nsynth-train/audio/keyboard_acoustic_007-062-025.wav,5305
keyboard_electronic_009-062-025,train,keyboard,keyboard_electronic_009,62,upper,25,data/raw/nsynth/extracted/nsynth-train/audio/keyboard_electronic_009-062-025.wav,5305
keyboard_electronic_014-062-025,train,keyboard,keyboard_electronic_014,62,upper,25,data/raw/nsynth/extracted/nsynth-train/audio/keyboard_electronic_014-062-025.wav,5305
keyboard_electronic_065-062-025,train,keyboard,keyboard_electronic_065,62,upper,25,data/raw/nsynth/extracted/nsynth-train/audio/keyboard_electronic_065-062-025.wav,5305
keyboard_electronic_076-062-025,train,keyboard,keyboard_electronic_076,62,upper,25,data/raw/nsynth/extracted/nsynth-train/audio/keyboard_electronic_076-062-025.wav,5305
keyboard_electronic_085-062-025,train,keyboard,keyboard_electronic_085,62,upper,25,data/raw/nsynth/extracted/nsynth-train/audio/keyboard_electronic_085-062-025.wav,5305
keyboard_electronic_087-062-025,train,keyboard,keyboard_electronic_087,62,upper,25,data/raw/nsynth/extracted/nsynth-train/audio/keyboard_electronic_087-062-025.wav,5305
keyboard_synthetic_009-062-025,train,keyboard,keyboard_synthetic_009,62,upper,25,data/raw/nsynth/extracted/nsynth-train/audio/keyboard_synthetic_009-062-025.wav,5305
keyboard_acoustic_016-062-050,train,keyboard,keyboard_acoustic_016,62,upper,50,data/raw/nsynth/extracted/nsynth-train/audio/keyboard_acoustic_016-062-050.wav,5305
keyboard_electronic_006-062-050,train,keyboard,keyboard_electronic_006,62,upper,50,data/raw/nsynth/extracted/nsynth-train/audio/keyboard_electronic_006-062-050.wav,5305
keyboard_electronic_042-062-050,train,keyboard,keyboard_electronic_042,62,upper,50,data/raw/nsynth/extracted/nsynth-train/audio/keyboard_electronic_042-062-050.wav,5305
keyboard_acoustic_000-062-075,train,keyboard,keyboard_acoustic_000,62,upper,75,data/raw/nsynth/extracted/nsynth-train/audio/keyboard_acoustic_000-062-075.wav,5305
keyboard_electronic_031-062-075,train,keyboard,keyboard_electronic_031,62,upper,75,data/raw/nsynth/extracted/nsynth-train/audio/keyboard_electronic_031-062-075.wav,5305
keyboard_electronic_038-062-075,train,keyboard,keyboard_electronic_038,62,upper,75,data/raw/nsynth/extracted/nsynth-train/audio/keyboard_electronic_038-062-075.wav,5305
keyboard_electronic_073-062-075,train,keyboard,keyboard_electronic_073,62,upper,75,data/raw/nsynth/extracted/nsynth-train/audio/keyboard_electronic_073-062-075.wav,5305
keyboard_electronic_088-062-075,train,keyboard,keyboard_electronic_088,62,upper,75,data/raw/nsynth/extracted/nsynth-train/audio/keyboard_electronic_088-062-075.wav,5305
keyboard_electronic_094-062-075,train,keyboard,keyboard_electronic_094,62,upper,75,data/raw/nsynth/extracted/nsynth-train/audio/keyboard_electronic_094-062-075.wav,5305
keyboard_electronic_099-062-075,train,keyboard,keyboard_electronic_099,62,upper,75,data/raw/nsynth/extracted/nsynth-train/audio/keyboard_electronic_099-062-075.wav,5305
keyboard_synthetic_002-062-075,train,keyboard,keyboard_synthetic_002,62,upper,75,data/raw/nsynth/extracted/nsynth-train/audio/keyboard_synthetic_002-062-075.wav,5305
keyboard_acoustic_003-062-100,train,keyboard,keyboard_acoustic_003,62,upper,100,data/raw/nsynth/extracted/nsynth-train/audio/keyboard_acoustic_003-062-100.wav,5305
keyboard_electronic_051-062-100,train,keyboard,keyboard_electronic_051,62,upper,100,data/raw/nsynth/extracted/nsynth-train/audio/keyboard_electronic_051-062-100.wav,5305
keyboard_electronic_090-062-100,train,keyboard,keyboard_electronic_090,62,upper,100,data/raw/nsynth/extracted/nsynth-train/audio/keyboard_electronic_090-062-100.wav,5305
keyboard_electronic_104-062-100,train,keyboard,keyboard_electronic_104,62,upper,100,data/raw/nsynth/extracted/nsynth-train/audio/keyboard_electronic_104-062-100.wav,5305
keyboard_electronic_036-062-127,train,keyboard,keyboard_electronic_036,62,upper,127,data/raw/nsynth/extracted/nsynth-train/audio/keyboard_electronic_036-062-127.wav,5305
keyboard_electronic_058-062-127,train,keyboard,keyboard_electronic_058,62,upper,127,data/raw/nsynth/extracted/nsynth-train/audio/keyboard_electronic_058-062-127.wav,5305
keyboard_electronic_071-062-127,train,keyboard,keyboard_electronic_071,62,upper,127,data/raw/nsynth/extracted/nsynth-train/audio/keyboard_electronic_071-062-127.wav,5305
keyboard_electronic_110-062-127,train,keyboard,keyboard_electronic_110,62,upper,127,data/raw/nsynth/extracted/nsynth-train/audio/keyboard_electronic_110-062-127.wav,5305
keyboard_acoustic_008-063-025,train,keyboard,keyboard_acoustic_008,63,upper,25,data/raw/nsynth/extracted/nsynth-train/audio/keyboard_acoustic_008-063-025.wav,5305
keyboard_acoustic_017-063-025,train,keyboard,keyboard_acoustic_017,63,upper,25,data/raw/nsynth/extracted/nsynth-train/audio/keyboard_acoustic_017-063-025.wav,5305
keyboard_electronic_007-063-025,train,keyboard,keyboard_electronic_007,63,upper,25,data/raw/nsynth/extracted/nsynth-train/audio/keyboard_electronic_007-063-025.wav,5305
keyboard_electronic_013-063-025,train,keyboard,keyboard_electronic_013,63,upper,25,data/raw/nsynth/extracted/nsynth-train/audio/keyboard_electronic_013-063-025.wav,5305
keyboard_electronic_028-063-025,train,keyboard,keyboard_electronic_028,63,upper,25,data/raw/nsynth/extracted/nsynth-train/audio/keyboard_electronic_028-063-025.wav,5305
keyboard_acoustic_007-063-050,train,keyboard,keyboard_acoustic_007,63,upper,50,data/raw/nsynth/extracted/nsynth-train/audio/keyboard_acoustic_007-063-050.wav,5305
keyboard_acoustic_013-063-050,train,keyboard,keyboard_acoustic_013,63,upper,50,data/raw/nsynth/extracted/nsynth-train/audio/keyboard_acoustic_013-063-050.wav,5305
keyboard_electronic_055-063-050,train,keyboard,keyboard_electronic_055,63,upper,50,data/raw/nsynth/extracted/nsynth-train/audio/keyboard_electronic_055-063-050.wav,5305
keyboard_electronic_100-063-050,train,keyboard,keyboard_electronic_100,63,upper,50,data/raw/nsynth/extracted/nsynth-train/audio/keyboard_electronic_100-063-050.wav,5305
keyboard_synthetic_005-063-050,train,keyboard,keyboard_synthetic_005,63,upper,50,data/raw/nsynth/extracted/nsynth-train/audio/keyboard_synthetic_005-063-050.wav,5305
keyboard_acoustic_009-063-075,train,keyboard,keyboard_acoustic_009,63,upper,75,data/raw/nsynth/extracted/nsynth-train/audio/keyboard_acoustic_009-063-075.wav,5305
keyboard_acoustic_017-063-075,train,keyboard,keyboard_acoustic_017,63,upper,75,data/raw/nsynth/extracted/nsynth-train/audio/keyboard_acoustic_017-063-075.wav,5305
keyboard_electronic_100-063-075,train,keyboard,keyboard_electronic_100,63,upper,75,data/raw/nsynth/extracted/nsynth-train/audio/keyboard_electronic_100-063-075.wav,5305
keyboard_acoustic_016-063-100,train,keyboard,keyboard_acoustic_016,63,upper,100,data/raw/nsynth/extracted/nsynth-train/audio/keyboard_acoustic_016-063-100.wav,5305
keyboard_electronic_000-063-100,train,keyboard,keyboard_electronic_000,63,upper,100,data/raw/nsynth/extracted/nsynth-train/audio/keyboard_electronic_000-063-100.wav,5305
keyboard_electronic_089-063-100,train,keyboard,keyboard_electronic_089,63,upper,100,data/raw/nsynth/extracted/nsynth-train/audio/keyboard_electronic_089-063-100.wav,5305
keyboard_synthetic_002-063-100,train,keyboard,keyboard_synthetic_002,63,upper,100,data/raw/nsynth/extracted/nsynth-train/audio/keyboard_synthetic_002-063-100.wav,5305
keyboard_synthetic_011-063-100,train,keyboard,keyboard_synthetic_011,63,upper,100,data/raw/nsynth/extracted/nsynth-train/audio/keyboard_synthetic_011-063-100.wav,5305
keyboard_acoustic_010-063-127,train,keyboard,keyboard_acoustic_010,63,upper,127,data/raw/nsynth/extracted/nsynth-train/audio/keyboard_acoustic_010-063-127.wav,5305
keyboard_acoustic_018-063-127,train,keyboard,keyboard_acoustic_018,63,upper,127,data/raw/nsynth/extracted/nsynth-train/audio/keyboard_acoustic_018-063-127.wav,5305
keyboard_electronic_057-063-127,train,keyboard,keyboard_electronic_057,63,upper,127,data/raw/nsynth/extracted/nsynth-train/audio/keyboard_electronic_057-063-127.wav,5305
keyboard_electronic_059-063-127,train,keyboard,keyboard_electronic_059,63,upper,127,data/raw/nsynth/extracted/nsynth-train/audio/keyboard_electronic_059-063-127.wav,5305
keyboard_electronic_106-063-127,train,keyboard,keyboard_electronic_106,63,upper,127,data/raw/nsynth/extracted/nsynth-train/audio/keyboard_electronic_106-063-127.wav,5305
keyboard_electronic_018-064-025,train,keyboard,keyboard_electronic_018,64,upper,25,data/raw/nsynth/extracted/nsynth-train/audio/keyboard_electronic_018-064-025.wav,5305
keyboard_electronic_040-064-025,train,keyboard,keyboard_electronic_040,64,upper,25,data/raw/nsynth/extracted/nsynth-train/audio/keyboard_electronic_040-064-025.wav,5305
keyboard_electronic_045-064-025,train,keyboard,keyboard_electronic_045,64,upper,25,data/raw/nsynth/extracted/nsynth-train/audio/keyboard_electronic_045-064-025.wav,5305
keyboard_electronic_047-064-025,train,keyboard,keyboard_electronic_047,64,upper,25,data/raw/nsynth/extracted/nsynth-train/audio/keyboard_electronic_047-064-025.wav,5305
keyboard_electronic_061-064-025,train,keyboard,keyboard_electronic_061,64,upper,25,data/raw/nsynth/extracted/nsynth-train/audio/keyboard_electronic_061-064-025.wav,5305
keyboard_acoustic_001-064-050,train,keyboard,keyboard_acoustic_001,64,upper,50,data/raw/nsynth/extracted/nsynth-train/audio/keyboard_acoustic_001-064-050.wav,5305
keyboard_electronic_004-064-050,train,keyboard,keyboard_electronic_004,64,upper,50,data/raw/nsynth/extracted/nsynth-train/audio/keyboard_electronic_004-064-050.wav,5305
keyboard_electronic_034-064-050,train,keyboard,keyboard_electronic_034,64,upper,50,data/raw/nsynth/extracted/nsynth-train/audio/keyboard_electronic_034-064-050.wav,5305
keyboard_electronic_046-064-050,train,keyboard,keyboard_electronic_046,64,upper,50,data/raw/nsynth/extracted/nsynth-train/audio/keyboard_electronic_046-064-050.wav,5305
keyboard_electronic_064-064-050,train,keyboard,keyboard_electronic_064,64,upper,50,data/raw/nsynth/extracted/nsynth-train/audio/keyboard_electronic_064-064-050.wav,5305
keyboard_electronic_068-064-050,train,keyboard,keyboard_electronic_068,64,upper,50,data/raw/nsynth/extracted/nsynth-train/audio/keyboard_electronic_068-064-050.wav,5305
keyboard_electronic_071-064-050,train,keyboard,keyboard_electronic_071,64,upper,50,data/raw/nsynth/extracted/nsynth-train/audio/keyboard_electronic_071-064-050.wav,5305
keyboard_electronic_104-064-050,train,keyboard,keyboard_electronic_104,64,upper,50,data/raw/nsynth/extracted/nsynth-train/audio/keyboard_electronic_104-064-050.wav,5305
keyboard_acoustic_005-064-075,train,keyboard,keyboard_acoustic_005,64,upper,75,data/raw/nsynth/extracted/nsynth-train/audio/keyboard_acoustic_005-064-075.wav,5305
keyboard_electronic_022-064-075,train,keyboard,keyboard_electronic_022,64,upper,75,data/raw/nsynth/extracted/nsynth-train/audio/keyboard_electronic_022-064-075.wav,5305
keyboard_electronic_053-064-075,train,keyboard,keyboard_electronic_053,64,upper,75,data/raw/nsynth/extracted/nsynth-train/audio/keyboard_electronic_053-064-075.wav,5305
keyboard_electronic_036-064-100,train,keyboard,keyboard_electronic_036,64,upper,100,data/raw/nsynth/extracted/nsynth-train/audio/keyboard_electronic_036-064-100.wav,5305
keyboard_electronic_055-064-100,train,keyboard,keyboard_electronic_055,64,upper,100,data/raw/nsynth/extracted/nsynth-train/audio/keyboard_electronic_055-064-100.wav,5305
keyboard_electronic_106-064-100,train,keyboard,keyboard_electronic_106,64,upper,100,data/raw/nsynth/extracted/nsynth-train/audio/keyboard_electronic_106-064-100.wav,5305
keyboard_acoustic_015-064-127,train,keyboard,keyboard_acoustic_015,64,upper,127,data/raw/nsynth/extracted/nsynth-train/audio/keyboard_acoustic_015-064-127.wav,5305
keyboard_electronic_057-064-127,train,keyboard,keyboard_electronic_057,64,upper,127,data/raw/nsynth/extracted/nsynth-train/audio/keyboard_electronic_057-064-127.wav,5305
keyboard_acoustic_002-065-025,train,keyboard,keyboard_acoustic_002,65,upper,25,data/raw/nsynth/extracted/nsynth-train/audio/keyboard_acoustic_002-065-025.wav,5305
keyboard_acoustic_011-065-025,train,keyboard,keyboard_acoustic_011,65,upper,25,data/raw/nsynth/extracted/nsynth-train/audio/keyboard_acoustic_011-065-025.wav,5305
keyboard_acoustic_018-065-025,train,keyboard,keyboard_acoustic_018,65,upper,25,data/raw/nsynth/extracted/nsynth-train/audio/keyboard_acoustic_018-065-025.wav,5305
keyboard_electronic_017-065-025,train,keyboard,keyboard_electronic_017,65,upper,25,data/raw/nsynth/extracted/nsynth-train/audio/keyboard_electronic_017-065-025.wav,5305
keyboard_electronic_023-065-025,train,keyboard,keyboard_electronic_023,65,upper,25,data/raw/nsynth/extracted/nsynth-train/audio/keyboard_electronic_023-065-025.wav,5305
keyboard_electronic_071-065-025,train,keyboard,keyboard_electronic_071,65,upper,25,data/raw/nsynth/extracted/nsynth-train/audio/keyboard_electronic_071-065-025.wav,5305
keyboard_electronic_081-065-025,train,keyboard,keyboard_electronic_081,65,upper,25,data/raw/nsynth/extracted/nsynth-train/audio/keyboard_electronic_081-065-025.wav,5305
keyboard_synthetic_006-065-025,train,keyboard,keyboard_synthetic_006,65,upper,25,data/raw/nsynth/extracted/nsynth-train/audio/keyboard_synthetic_006-065-025.wav,5305
keyboard_acoustic_008-065-050,train,keyboard,keyboard_acoustic_008,65,upper,50,data/raw/nsynth/extracted/nsynth-train/audio/keyboard_acoustic_008-065-050.wav,5305
keyboard_electronic_026-065-050,train,keyboard,keyboard_electronic_026,65,upper,50,data/raw/nsynth/extracted/nsynth-train/audio/keyboard_electronic_026-065-050.wav,5305
keyboard_electronic_048-065-050,train,keyboard,keyboard_electronic_048,65,upper,50,data/raw/nsynth/extracted/nsynth-train/audio/keyboard_electronic_048-065-050.wav,5305
keyboard_synthetic_010-065-050,train,keyboard,keyboard_synthetic_010,65,upper,50,data/raw/nsynth/extracted/nsynth-train/audio/keyboard_synthetic_010-065-050.wav,5305
keyboard_electronic_007-065-075,train,keyboard,keyboard_electronic_007,65,upper,75,data/raw/nsynth/extracted/nsynth-train/audio/keyboard_electronic_007-065-075.wav,5305
keyboard_electronic_081-065-075,train,keyboard,keyboard_electronic_081,65,upper,75,data/raw/nsynth/extracted/nsynth-train/audio/keyboard_electronic_081-065-075.wav,5305
keyboard_synthetic_010-065-075,train,keyboard,keyboard_synthetic_010,65,upper,75,data/raw/nsynth/extracted/nsynth-train/audio/keyboard_synthetic_010-065-075.wav,5305
keyboard_electronic_004-065-100,train,keyboard,keyboard_electronic_004,65,upper,100,data/raw/nsynth/extracted/nsynth-train/audio/keyboard_electronic_004-065-100.wav,5305
keyboard_electronic_030-065-100,train,keyboard,keyboard_electronic_030,65,upper,100,data/raw/nsynth/extracted/nsynth-train/audio/keyboard_electronic_030-065-100.wav,5305
keyboard_electronic_093-065-100,train,keyboard,keyboard_electronic_093,65,upper,100,data/raw/nsynth/extracted/nsynth-train/audio/keyboard_electronic_093-065-100.wav,5305
keyboard_acoustic_000-065-127,train,keyboard,keyboard_acoustic_000,65,upper,127,data/raw/nsynth/extracted/nsynth-train/audio/keyboard_acoustic_000-065-127.wav,5305
keyboard_electronic_015-065-127,train,keyboard,keyboard_electronic_015,65,upper,127,data/raw/nsynth/extracted/nsynth-train/audio/keyboard_electronic_015-065-127.wav,5305
keyboard_electronic_019-065-127,train,keyboard,keyboard_electronic_019,65,upper,127,data/raw/nsynth/extracted/nsynth-train/audio/keyboard_electronic_019-065-127.wav,5305
keyboard_electronic_071-065-127,train,keyboard,keyboard_electronic_071,65,upper,127,data/raw/nsynth/extracted/nsynth-train/audio/keyboard_electronic_071-065-127.wav,5305
keyboard_electronic_074-065-127,train,keyboard,keyboard_electronic_074,65,upper,127,data/raw/nsynth/extracted/nsynth-train/audio/keyboard_electronic_074-065-127.wav,5305
keyboard_electronic_088-065-127,train,keyboard,keyboard_electronic_088,65,upper,127,data/raw/nsynth/extracted/nsynth-train/audio/keyboard_electronic_088-065-127.wav,5305
keyboard_electronic_097-065-127,train,keyboard,keyboard_electronic_097,65,upper,127,data/raw/nsynth/extracted/nsynth-train/audio/keyboard_electronic_097-065-127.wav,5305
keyboard_electronic_022-066-025,train,keyboard,keyboard_electronic_022,66,upper,25,data/raw/nsynth/extracted/nsynth-train/audio/keyboard_electronic_022-066-025.wav,5305
keyboard_electronic_031-066-025,train,keyboard,keyboard_electronic_031,66,upper,25,data/raw/nsynth/extracted/nsynth-train/audio/keyboard_electronic_031-066-025.wav,5305
keyboard_electronic_073-066-025,train,keyboard,keyboard_electronic_073,66,upper,25,data/raw/nsynth/extracted/nsynth-train/audio/keyboard_electronic_073-066-025.wav,5305
keyboard_electronic_097-066-025,train,keyboard,keyboard_electronic_097,66,upper,25,data/raw/nsynth/extracted/nsynth-train/audio/keyboard_electronic_097-066-025.wav,5305
keyboard_electronic_101-066-025,train,keyboard,keyboard_electronic_101,66,upper,25,data/raw/nsynth/extracted/nsynth-train/audio/keyboard_electronic_101-066-025.wav,5305
keyboard_acoustic_007-066-050,train,keyboard,keyboard_acoustic_007,66,upper,50,data/raw/nsynth/extracted/nsynth-train/audio/keyboard_acoustic_007-066-050.wav,5305
keyboard_electronic_000-066-050,train,keyboard,keyboard_electronic_000,66,upper,50,data/raw/nsynth/extracted/nsynth-train/audio/keyboard_electronic_000-066-050.wav,5305
keyboard_electronic_044-066-050,train,keyboard,keyboard_electronic_044,66,upper,50,data/raw/nsynth/extracted/nsynth-train/audio/keyboard_electronic_044-066-050.wav,5305
keyboard_electronic_072-066-050,train,keyboard,keyboard_electronic_072,66,upper,50,data/raw/nsynth/extracted/nsynth-train/audio/keyboard_electronic_072-066-050.wav,5305
keyboard_acoustic_002-066-075,train,keyboard,keyboard_acoustic_002,66,upper,75,data/raw/nsynth/extracted/nsynth-train/audio/keyboard_acoustic_002-066-075.wav,5305
keyboard_electronic_027-066-075,train,keyboard,keyboard_electronic_027,66,upper,75,data/raw/nsynth/extracted/nsynth-train/audio/keyboard_electronic_027-066-075.wav,5305
keyboard_electronic_043-066-075,train,keyboard,keyboard_electronic_043,66,upper,75,data/raw/nsynth/extracted/nsynth-train/audio/keyboard_electronic_043-066-075.wav,5305
keyboard_electronic_073-066-075,train,keyboard,keyboard_electronic_073,66,upper,75,data/raw/nsynth/extracted/nsynth-train/audio/keyboard_electronic_073-066-075.wav,5305
keyboard_electronic_077-066-075,train,keyboard,keyboard_electronic_077,66,upper,75,data/raw/nsynth/extracted/nsynth-train/audio/keyboard_electronic_077-066-075.wav,5305
keyboard_electronic_079-066-075,train,keyboard,keyboard_electronic_079,66,upper,75,data/raw/nsynth/extracted/nsynth-train/audio/keyboard_electronic_079-066-075.wav,5305
keyboard_electronic_106-066-075,train,keyboard,keyboard_electronic_106,66,upper,75,data/raw/nsynth/extracted/nsynth-train/audio/keyboard_electronic_106-066-075.wav,5305
keyboard_acoustic_010-066-100,train,keyboard,keyboard_acoustic_010,66,upper,100,data/raw/nsynth/extracted/nsynth-train/audio/keyboard_acoustic_010-066-100.wav,5305
keyboard_acoustic_013-066-100,train,keyboard,keyboard_acoustic_013,66,upper,100,data/raw/nsynth/extracted/nsynth-train/audio/keyboard_acoustic_013-066-100.wav,5305
keyboard_electronic_027-066-100,train,keyboard,keyboard_electronic_027,66,upper,100,data/raw/nsynth/extracted/nsynth-train/audio/keyboard_electronic_027-066-100.wav,5305
keyboard_electronic_036-066-100,train,keyboard,keyboard_electronic_036,66,upper,100,data/raw/nsynth/extracted/nsynth-train/audio/keyboard_electronic_036-066-100.wav,5305
keyboard_electronic_090-066-100,train,keyboard,keyboard_electronic_090,66,upper,100,data/raw/nsynth/extracted/nsynth-train/audio/keyboard_electronic_090-066-100.wav,5305
keyboard_electronic_094-066-127,train,keyboard,keyboard_electronic_094,66,upper,127,data/raw/nsynth/extracted/nsynth-train/audio/keyboard_electronic_094-066-127.wav,5305
keyboard_synthetic_003-066-127,train,keyboard,keyboard_synthetic_003,66,upper,127,data/raw/nsynth/extracted/nsynth-train/audio/keyboard_synthetic_003-066-127.wav,5305
keyboard_electronic_014-067-025,train,keyboard,keyboard_electronic_014,67,upper,25,data/raw/nsynth/extracted/nsynth-train/audio/keyboard_electronic_014-067-025.wav,5305
keyboard_acoustic_010-067-050,train,keyboard,keyboard_acoustic_010,67,upper,50,data/raw/nsynth/extracted/nsynth-train/audio/keyboard_acoustic_010-067-050.wav,5305
keyboard_electronic_104-067-050,train,keyboard,keyboard_electronic_104,67,upper,50,data/raw/nsynth/extracted/nsynth-train/audio/keyboard_electronic_104-067-050.wav,5305
keyboard_acoustic_009-067-075,train,keyboard,keyboard_acoustic_009,67,upper,75,data/raw/nsynth/extracted/nsynth-train/audio/keyboard_acoustic_009-067-075.wav,5305
keyboard_electronic_067-067-075,train,keyboard,keyboard_electronic_067,67,upper,75,data/raw/nsynth/extracted/nsynth-train/audio/keyboard_electronic_067-067-075.wav,5305
keyboard_electronic_070-067-075,train,keyboard,keyboard_electronic_070,67,upper,75,data/raw/nsynth/extracted/nsynth-train/audio/keyboard_electronic_070-067-075.wav,5305
keyboard_electronic_081-067-075,train,keyboard,keyboard_electronic_081,67,upper,75,data/raw/nsynth/extracted/nsynth-train/audio/keyboard_electronic_081-067-075.wav,5305
keyboard_synthetic_011-067-075,train,keyboard,keyboard_synthetic_011,67,upper,75,data/raw/nsynth/extracted/nsynth-train/audio/keyboard_synthetic_011-067-075.wav,5305
keyboard_electronic_024-067-100,train,keyboard,keyboard_electronic_024,67,upper,100,data/raw/nsynth/extracted/nsynth-train/audio/keyboard_electronic_024-067-100.wav,5305
keyboard_electronic_030-067-100,train,keyboard,keyboard_electronic_030,67,upper,100,data/raw/nsynth/extracted/nsynth-train/audio/keyboard_electronic_030-067-100.wav,5305
keyboard_electronic_049-067-100,train,keyboard,keyboard_electronic_049,67,upper,100,data/raw/nsynth/extracted/nsynth-train/audio/keyboard_electronic_049-067-100.wav,5305
keyboard_electronic_065-067-100,train,keyboard,keyboard_electronic_065,67,upper,100,data/raw/nsynth/extracted/nsynth-train/audio/keyboard_electronic_065-067-100.wav,5305
keyboard_electronic_087-067-100,train,keyboard,keyboard_electronic_087,67,upper,100,data/raw/nsynth/extracted/nsynth-train/audio/keyboard_electronic_087-067-100.wav,5305
keyboard_electronic_091-067-100,train,keyboard,keyboard_electronic_091,67,upper,100,data/raw/nsynth/extracted/nsynth-train/audio/keyboard_electronic_091-067-100.wav,5305
keyboard_electronic_100-067-100,train,keyboard,keyboard_electronic_100,67,upper,100,data/raw/nsynth/extracted/nsynth-train/audio/keyboard_electronic_100-067-100.wav,5305
keyboard_acoustic_007-067-127,train,keyboard,keyboard_acoustic_007,67,upper,127,data/raw/nsynth/extracted/nsynth-train/audio/keyboard_acoustic_007-067-127.wav,5305
keyboard_acoustic_015-067-127,train,keyboard,keyboard_acoustic_015,67,upper,127,data/raw/nsynth/extracted/nsynth-train/audio/keyboard_acoustic_015-067-127.wav,5305
keyboard_electronic_004-067-127,train,keyboard,keyboard_electronic_004,67,upper,127,data/raw/nsynth/extracted/nsynth-train/audio/keyboard_electronic_004-067-127.wav,5305
keyboard_electronic_008-067-127,train,keyboard,keyboard_electronic_008,67,upper,127,data/raw/nsynth/extracted/nsynth-train/audio/keyboard_electronic_008-067-127.wav,5305
keyboard_electronic_018-067-127,train,keyboard,keyboard_electronic_018,67,upper,127,data/raw/nsynth/extracted/nsynth-train/audio/keyboard_electronic_018-067-127.wav,5305
keyboard_electronic_031-067-127,train,keyboard,keyboard_electronic_031,67,upper,127,data/raw/nsynth/extracted/nsynth-train/audio/keyboard_electronic_031-067-127.wav,5305
keyboard_electronic_037-067-127,train,keyboard,keyboard_electronic_037,67,upper,127,data/raw/nsynth/extracted/nsynth-train/audio/keyboard_electronic_037-067-127.wav,5305
keyboard_electronic_070-067-127,train,keyboard,keyboard_electronic_070,67,upper,127,data/raw/nsynth/extracted/nsynth-train/audio/keyboard_electronic_070-067-127.wav,5305
keyboard_electronic_084-067-127,train,keyboard,keyboard_electronic_084,67,upper,127,data/raw/nsynth/extracted/nsynth-train/audio/keyboard_electronic_084-067-127.wav,5305
keyboard_electronic_008-068-025,train,keyboard,keyboard_electronic_008,68,upper,25,data/raw/nsynth/extracted/nsynth-train/audio/keyboard_electronic_008-068-025.wav,5305
keyboard_electronic_055-068-025,train,keyboard,keyboard_electronic_055,68,upper,25,data/raw/nsynth/extracted/nsynth-train/audio/keyboard_electronic_055-068-025.wav,5305
keyboard_acoustic_006-068-050,train,keyboard,keyboard_acoustic_006,68,upper,50,data/raw/nsynth/extracted/nsynth-train/audio/keyboard_acoustic_006-068-050.wav,5305
keyboard_electronic_073-068-050,train,keyboard,keyboard_electronic_073,68,upper,50,data/raw/nsynth/extracted/nsynth-train/audio/keyboard_electronic_073-068-050.wav,5305
keyboard_electronic_083-068-050,train,keyboard,keyboard_electronic_083,68,upper,50,data/raw/nsynth/extracted/nsynth-train/audio/keyboard_electronic_083-068-050.wav,5305
keyboard_electronic_022-068-075,train,keyboard,keyboard_electronic_022,68,upper,75,data/raw/nsynth/extracted/nsynth-train/audio/keyboard_electronic_022-068-075.wav,5305
keyboard_electronic_023-068-075,train,keyboard,keyboard_electronic_023,68,upper,75,data/raw/nsynth/extracted/nsynth-train/audio/keyboard_electronic_023-068-075.wav,5305
keyboard_electronic_065-068-075,train,keyboard,keyboard_electronic_065,68,upper,75,data/raw/nsynth/extracted/nsynth-train/audio/keyboard_electronic_065-068-075.wav,5305
keyboard_electronic_017-068-100,train,keyboard,keyboard_electronic_017,68,upper,100,data/raw/nsynth/extracted/nsynth-train/audio/keyboard_electronic_017-068-100.wav,5305
keyboard_electronic_036-068-100,train,keyboard,keyboard_electronic_036,68,upper,100,data/raw/nsynth/extracted/nsynth-train/audio/keyboard_electronic_036-068-100.wav,5305
keyboard_electronic_044-068-100,train,keyboard,keyboard_electronic_044,68,upper,100,data/raw/nsynth/extracted/nsynth-train/audio/keyboard_electronic_044-068-100.wav,5305
keyboard_electronic_088-068-100,train,keyboard,keyboard_electronic_088,68,upper,100,data/raw/nsynth/extracted/nsynth-train/audio/keyboard_electronic_088-068-100.wav,5305
keyboard_acoustic_006-068-127,train,keyboard,keyboard_acoustic_006,68,upper,127,data/raw/nsynth/extracted/nsynth-train/audio/keyboard_acoustic_006-068-127.wav,5305
keyboard_acoustic_012-068-127,train,keyboard,keyboard_acoustic_012,68,upper,127,data/raw/nsynth/extracted/nsynth-train/audio/keyboard_acoustic_012-068-127.wav,5305
keyboard_electronic_023-068-127,train,keyboard,keyboard_electronic_023,68,upper,127,data/raw/nsynth/extracted/nsynth-train/audio/keyboard_electronic_023-068-127.wav,5305
keyboard_acoustic_012-069-025,train,keyboard,keyboard_acoustic_012,69,upper,25,data/raw/nsynth/extracted/nsynth-train/audio/keyboard_acoustic_012-069-025.wav,5305
keyboard_electronic_025-069-025,train,keyboard,keyboard_electronic_025,69,upper,25,data/raw/nsynth/extracted/nsynth-train/audio/keyboard_electronic_025-069-025.wav,5305
keyboard_acoustic_002-069-050,train,keyboard,keyboard_acoustic_002,69,upper,50,data/raw/nsynth/extracted/nsynth-train/audio/keyboard_acoustic_002-069-050.wav,5305
keyboard_electronic_012-069-050,train,keyboard,keyboard_electronic_012,69,upper,50,data/raw/nsynth/extracted/nsynth-train/audio/keyboard_electronic_012-069-050.wav,5305
keyboard_electronic_022-069-050,train,keyboard,keyboard_electronic_022,69,upper,50,data/raw/nsynth/extracted/nsynth-train/audio/keyboard_electronic_022-069-050.wav,5305
keyboard_electronic_034-069-050,train,keyboard,keyboard_electronic_034,69,upper,50,data/raw/nsynth/extracted/nsynth-train/audio/keyboard_electronic_034-069-050.wav,5305
keyboard_electronic_049-069-050,train,keyboard,keyboard_electronic_049,69,upper,50,data/raw/nsynth/extracted/nsynth-train/audio/keyboard_electronic_049-069-050.wav,5305
keyboard_electronic_053-069-050,train,keyboard,keyboard_electronic_053,69,upper,50,data/raw/nsynth/extracted/nsynth-train/audio/keyboard_electronic_053-069-050.wav,5305
keyboard_electronic_070-069-050,train,keyboard,keyboard_electronic_070,69,upper,50,data/raw/nsynth/extracted/nsynth-train/audio/keyboard_electronic_070-069-050.wav,5305
keyboard_electronic_012-069-075,train,keyboard,keyboard_electronic_012,69,upper,75,data/raw/nsynth/extracted/nsynth-train/audio/keyboard_electronic_012-069-075.wav,5305
keyboard_electronic_028-069-075,train,keyboard,keyboard_electronic_028,69,upper,75,data/raw/nsynth/extracted/nsynth-train/audio/keyboard_electronic_028-069-075.wav,5305
keyboard_electronic_032-069-075,train,keyboard,keyboard_electronic_032,69,upper,75,data/raw/nsynth/extracted/nsynth-train/audio/keyboard_electronic_032-069-075.wav,5305
keyboard_acoustic_016-069-100,train,keyboard,keyboard_acoustic_016,69,upper,100,data/raw/nsynth/extracted/nsynth-train/audio/keyboard_acoustic_016-069-100.wav,5305
keyboard_acoustic_017-069-100,train,keyboard,keyboard_acoustic_017,69,upper,100,data/raw/nsynth/extracted/nsynth-train/audio/keyboard_acoustic_017-069-100.wav,5305
keyboard_electronic_026-069-100,train,keyboard,keyboard_electronic_026,69,upper,100,data/raw/nsynth/extracted/nsynth-train/audio/keyboard_electronic_026-069-100.wav,5305
keyboard_electronic_029-069-100,train,keyboard,keyboard_electronic_029,69,upper,100,data/raw/nsynth/extracted/nsynth-train/audio/keyboard_electronic_029-069-100.wav,5305
keyboard_electronic_064-069-100,train,keyboard,keyboard_electronic_064,69,upper,100,data/raw/nsynth/extracted/nsynth-train/audio/keyboard_electronic_064-069-100.wav,5305
keyboard_electronic_080-069-100,train,keyboard,keyboard_electronic_080,69,upper,100,data/raw/nsynth/extracted/nsynth-train/audio/keyboard_electronic_080-069-100.wav,5305
keyboard_acoustic_006-069-127,train,keyboard,keyboard_acoustic_006,69,upper,127,data/raw/nsynth/extracted/nsynth-train/audio/keyboard_acoustic_006-069-127.wav,5305
keyboard_electronic_011-069-127,train,keyboard,keyboard_electronic_011,69,upper,127,data/raw/nsynth/extracted/nsynth-train/audio/keyboard_electronic_011-069-127.wav,5305
keyboard_electronic_015-069-127,train,keyboard,keyboard_electronic_015,69,upper,127,data/raw/nsynth/extracted/nsynth-train/audio/keyboard_electronic_015-069-127.wav,5305
keyboard_electronic_026-069-127,train,keyboard,keyboard_electronic_026,69,upper,127,data/raw/nsynth/extracted/nsynth-train/audio/keyboard_electronic_026-069-127.wav,5305
organ_electronic_014-043-025,train,organ,organ_electronic_014,43,lower,25,data/raw/nsynth/extracted/nsynth-train/audio/organ_electronic_014-043-025.wav,5305
organ_electronic_083-043-025,train,organ,organ_electronic_083,43,lower,25,data/raw/nsynth/extracted/nsynth-train/audio/organ_electronic_083-043-025.wav,5305
organ_electronic_002-043-050,train,organ,organ_electronic_002,43,lower,50,data/raw/nsynth/extracted/nsynth-train/audio/organ_electronic_002-043-050.wav,5305
organ_electronic_003-043-050,train,organ,organ_electronic_003,43,lower,50,data/raw/nsynth/extracted/nsynth-train/audio/organ_electronic_003-043-050.wav,5305
organ_electronic_042-043-050,train,organ,organ_electronic_042,43,lower,50,data/raw/nsynth/extracted/nsynth-train/audio/organ_electronic_042-043-050.wav,5305
organ_electronic_111-043-050,train,organ,organ_electronic_111,43,lower,50,data/raw/nsynth/extracted/nsynth-train/audio/organ_electronic_111-043-050.wav,5305
organ_electronic_002-043-075,train,organ,organ_electronic_002,43,lower,75,data/raw/nsynth/extracted/nsynth-train/audio/organ_electronic_002-043-075.wav,5305
organ_electronic_018-043-075,train,organ,organ_electronic_018,43,lower,75,data/raw/nsynth/extracted/nsynth-train/audio/organ_electronic_018-043-075.wav,5305
organ_electronic_032-043-075,train,organ,organ_electronic_032,43,lower,75,data/raw/nsynth/extracted/nsynth-train/audio/organ_electronic_032-043-075.wav,5305
organ_electronic_056-043-075,train,organ,organ_electronic_056,43,lower,75,data/raw/nsynth/extracted/nsynth-train/audio/organ_electronic_056-043-075.wav,5305
organ_electronic_006-043-100,train,organ,organ_electronic_006,43,lower,100,data/raw/nsynth/extracted/nsynth-train/audio/organ_electronic_006-043-100.wav,5305
organ_electronic_066-043-100,train,organ,organ_electronic_066,43,lower,100,data/raw/nsynth/extracted/nsynth-train/audio/organ_electronic_066-043-100.wav,5305
organ_electronic_067-043-100,train,organ,organ_electronic_067,43,lower,100,data/raw/nsynth/extracted/nsynth-train/audio/organ_electronic_067-043-100.wav,5305
organ_electronic_075-043-100,train,organ,organ_electronic_075,43,lower,100,data/raw/nsynth/extracted/nsynth-train/audio/organ_electronic_075-043-100.wav,5305
organ_electronic_088-043-100,train,organ,organ_electronic_088,43,lower,100,data/raw/nsynth/extracted/nsynth-train/audio/organ_electronic_088-043-100.wav,5305
organ_electronic_106-043-100,train,organ,organ_electronic_106,43,lower,100,data/raw/nsynth/extracted/nsynth-train/audio/organ_electronic_106-043-100.wav,5305
organ_electronic_002-043-127,train,organ,organ_electronic_002,43,lower,127,data/raw/nsynth/extracted/nsynth-train/audio/organ_electronic_002-043-127.wav,5305
organ_electronic_103-043-127,train,organ,organ_electronic_103,43,lower,127,data/raw/nsynth/extracted/nsynth-train/audio/organ_electronic_103-043-127.wav,5305
organ_electronic_110-043-127,train,organ,organ_electronic_110,43,lower,127,data/raw/nsynth/extracted/nsynth-train/audio/organ_electronic_110-043-127.wav,5305
organ_electronic_047-044-025,train,organ,organ_electronic_047,44,lower,25,data/raw/nsynth/extracted/nsynth-train/audio/organ_electronic_047-044-025.wav,5305
organ_electronic_073-044-025,train,organ,organ_electronic_073,44,lower,25,data/raw/nsynth/extracted/nsynth-train/audio/organ_electronic_073-044-025.wav,5305
organ_electronic_077-044-025,train,organ,organ_electronic_077,44,lower,25,data/raw/nsynth/extracted/nsynth-train/audio/organ_electronic_077-044-025.wav,5305
organ_electronic_114-044-025,train,organ,organ_electronic_114,44,lower,25,data/raw/nsynth/extracted/nsynth-train/audio/organ_electronic_114-044-025.wav,5305
organ_electronic_039-044-050,train,organ,organ_electronic_039,44,lower,50,data/raw/nsynth/extracted/nsynth-train/audio/organ_electronic_039-044-050.wav,5305
organ_electronic_065-044-050,train,organ,organ_electronic_065,44,lower,50,data/raw/nsynth/extracted/nsynth-train/audio/organ_electronic_065-044-050.wav,5305
organ_electronic_074-044-050,train,organ,organ_electronic_074,44,lower,50,data/raw/nsynth/extracted/nsynth-train/audio/organ_electronic_074-044-050.wav,5305
organ_electronic_088-044-050,train,organ,organ_electronic_088,44,lower,50,data/raw/nsynth/extracted/nsynth-train/audio/organ_electronic_088-044-050.wav,5305
organ_electronic_018-044-075,train,organ,organ_electronic_018,44,lower,75,data/raw/nsynth/extracted/nsynth-train/audio/organ_electronic_018-044-075.wav,5305
organ_electronic_063-044-075,train,organ,organ_electronic_063,44,lower,75,data/raw/nsynth/extracted/nsynth-train/audio/organ_electronic_063-044-075.wav,5305
organ_electronic_089-044-075,train,organ,organ_electronic_089,44,lower,75,data/raw/nsynth/extracted/nsynth-train/audio/organ_electronic_089-044-075.wav,5305
organ_electronic_097-044-075,train,organ,organ_electronic_097,44,lower,75,data/raw/nsynth/extracted/nsynth-train/audio/organ_electronic_097-044-075.wav,5305
organ_electronic_111-044-075,train,organ,organ_electronic_111,44,lower,75,data/raw/nsynth/extracted/nsynth-train/audio/organ_electronic_111-044-075.wav,5305
organ_electronic_017-044-100,train,organ,organ_electronic_017,44,lower,100,data/raw/nsynth/extracted/nsynth-train/audio/organ_electronic_017-044-100.wav,5305
organ_electronic_065-044-100,train,organ,organ_electronic_065,44,lower,100,data/raw/nsynth/extracted/nsynth-train/audio/organ_electronic_065-044-100.wav,5305
organ_electronic_107-044-100,train,organ,organ_electronic_107,44,lower,100,data/raw/nsynth/extracted/nsynth-train/audio/organ_electronic_107-044-100.wav,5305
organ_electronic_017-044-127,train,organ,organ_electronic_017,44,lower,127,data/raw/nsynth/extracted/nsynth-train/audio/organ_electronic_017-044-127.wav,5305
organ_electronic_045-044-127,train,organ,organ_electronic_045,44,lower,127,data/raw/nsynth/extracted/nsynth-train/audio/organ_electronic_045-044-127.wav,5305
organ_electronic_052-044-127,train,organ,organ_electronic_052,44,lower,127,data/raw/nsynth/extracted/nsynth-train/audio/organ_electronic_052-044-127.wav,5305
organ_electronic_110-044-127,train,organ,organ_electronic_110,44,lower,127,data/raw/nsynth/extracted/nsynth-train/audio/organ_electronic_110-044-127.wav,5305
organ_electronic_015-045-025,train,organ,organ_electronic_015,45,lower,25,data/raw/nsynth/extracted/nsynth-train/audio/organ_electronic_015-045-025.wav,5305
organ_electronic_035-045-025,train,organ,organ_electronic_035,45,lower,25,data/raw/nsynth/extracted/nsynth-train/audio/organ_electronic_035-045-025.wav,5305
organ_electronic_042-045-025,train,organ,organ_electronic_042,45,lower,25,data/raw/nsynth/extracted/nsynth-train/audio/organ_electronic_042-045-025.wav,5305
organ_electronic_068-045-025,train,organ,organ_electronic_068,45,lower,25,data/raw/nsynth/extracted/nsynth-train/audio/organ_electronic_068-045-025.wav,5305
organ_electronic_077-045-025,train,organ,organ_electronic_077,45,lower,25,data/raw/nsynth/extracted/nsynth-train/audio/organ_electronic_077-045-025.wav,5305
organ_electronic_018-045-050,train,organ,organ_electronic_018,45,lower,50,data/raw/nsynth/extracted/nsynth-train/audio/organ_electronic_018-045-050.wav,5305
organ_electronic_049-045-050,train,organ,organ_electronic_049,45,lower,50,data/raw/nsynth/extracted/nsynth-train/audio/organ_electronic_049-045-050.wav,5305
organ_electronic_051-045-050,train,organ,organ_electronic_051,45,lower,50,data/raw/nsynth/extracted/nsynth-train/audio/organ_electronic_051-045-050.wav,5305
organ_electronic_066-045-050,train,organ,organ_electronic_066,45,lower,50,data/raw/nsynth/extracted/nsynth-train/audio/organ_electronic_066-045-050.wav,5305
organ_electronic_082-045-050,train,organ,organ_electronic_082,45,lower,50,data/raw/nsynth/extracted/nsynth-train/audio/organ_electronic_082-045-050.wav,5305
organ_electronic_005-045-075,train,organ,organ_electronic_005,45,lower,75,data/raw/nsynth/extracted/nsynth-train/audio/organ_electronic_005-045-075.wav,5305
organ_electronic_011-045-075,train,organ,organ_electronic_011,45,lower,75,data/raw/nsynth/extracted/nsynth-train/audio/organ_electronic_011-045-075.wav,5305
organ_electronic_015-045-075,train,organ,organ_electronic_015,45,lower,75,data/raw/nsynth/extracted/nsynth-train/audio/organ_electronic_015-045-075.wav,5305
organ_electronic_029-045-075,train,organ,organ_electronic_029,45,lower,75,data/raw/nsynth/extracted/nsynth-train/audio/organ_electronic_029-045-075.wav,5305
organ_electronic_034-045-075,train,organ,organ_electronic_034,45,lower,75,data/raw/nsynth/extracted/nsynth-train/audio/organ_electronic_034-045-075.wav,5305
organ_electronic_075-045-075,train,organ,organ_electronic_075,45,lower,75,data/raw/nsynth/extracted/nsynth-train/audio/organ_electronic_075-045-075.wav,5305
organ_electronic_078-045-075,train,organ,organ_electronic_078,45,lower,75,data/raw/nsynth/extracted/nsynth-train/audio/organ_electronic_078-045-075.wav,5305
organ_electronic_117-045-075,train,organ,organ_electronic_117,45,lower,75,data/raw/nsynth/extracted/nsynth-train/audio/organ_electronic_117-045-075.wav,5305
organ_electronic_126-045-075,train,organ,organ_electronic_126,45,lower,75,data/raw/nsynth/extracted/nsynth-train/audio/organ_electronic_126-045-075.wav,5305
organ_electronic_003-045-100,train,organ,organ_electronic_003,45,lower,100,data/raw/nsynth/extracted/nsynth-train/audio/organ_electronic_003-045-100.wav,5305
organ_electronic_067-045-100,train,organ,organ_electronic_067,45,lower,100,data/raw/nsynth/extracted/nsynth-train/audio/organ_electronic_067-045-100.wav,5305
organ_acoustic_003-045-127,train,organ,organ_acoustic_003,45,lower,127,data/raw/nsynth/extracted/nsynth-train/audio/organ_acoustic_003-045-127.wav,5305
organ_electronic_018-045-127,train,organ,organ_electronic_018,45,lower,127,data/raw/nsynth/extracted/nsynth-train/audio/organ_electronic_018-045-127.wav,5305
organ_electronic_029-045-127,train,organ,organ_electronic_029,45,lower,127,data/raw/nsynth/extracted/nsynth-train/audio/organ_electronic_029-045-127.wav,5305
organ_electronic_105-045-127,train,organ,organ_electronic_105,45,lower,127,data/raw/nsynth/extracted/nsynth-train/audio/organ_electronic_105-045-127.wav,5305
organ_electronic_014-046-025,train,organ,organ_electronic_014,46,lower,25,data/raw/nsynth/extracted/nsynth-train/audio/organ_electronic_014-046-025.wav,5305
organ_electronic_087-046-025,train,organ,organ_electronic_087,46,lower,25,data/raw/nsynth/extracted/nsynth-train/audio/organ_electronic_087-046-025.wav,5305
organ_electronic_019-046-050,train,organ,organ_electronic_019,46,lower,50,data/raw/nsynth/extracted/nsynth-train/audio/organ_electronic_019-046-050.wav,5305
organ_electronic_029-046-050,train,organ,organ_electronic_029,46,lower,50,data/raw/nsynth/extracted/nsynth-train/audio/organ_electronic_029-046-050.wav,5305
organ_electronic_051-046-050,train,organ,organ_electronic_051,46,lower,50,data/raw/nsynth/extracted/nsynth-train/audio/organ_electronic_051-046-050.wav,5305
organ_electronic_058-046-050,train,organ,organ_electronic_058,46,lower,50,data/raw/nsynth/extracted/nsynth-train/audio/organ_electronic_058-046-050.wav,5305
organ_electronic_098-046-050,train,organ,organ_electronic_098,46,lower,50,data/raw/nsynth/extracted/nsynth-train/audio/organ_electronic_098-046-050.wav,5305
organ_electronic_014-046-075,train,organ,organ_electronic_014,46,lower,75,data/raw/nsynth/extracted/nsynth-train/audio/organ_electronic_014-046-075.wav,5305
organ_electronic_109-046-075,train,organ,organ_electronic_109,46,lower,75,data/raw/nsynth/extracted/nsynth-train/audio/organ_electronic_109-046-075.wav,5305
organ_electronic_000-046-100,train,organ,organ_electronic_000,46,lower,100,data/raw/nsynth/extracted/nsynth-train/audio/organ_electronic_000-046-100.wav,5305
organ_electronic_012-046-100,train,organ,organ_electronic_012,46,lower,100,data/raw/nsynth/extracted/nsynth-train/audio/organ_electronic_012-046-100.wav,5305
organ_electronic_031-046-100,train,organ,organ_electronic_031,46,lower,100,data/raw/nsynth/extracted/nsynth-train/audio/organ_electronic_031-046-100.wav,5305
organ_electronic_039-046-100,train,organ,organ_electronic_039,46,lower,100,data/raw/nsynth/extracted/nsynth-train/audio/organ_electronic_039-046-100.wav,5305
organ_electronic_046-046-100,train,organ,organ_electronic_046,46,lower,100,data/raw/nsynth/extracted/nsynth-train/audio/organ_electronic_046-046-100.wav,5305
organ_electronic_053-046-100,train,organ,organ_electronic_053,46,lower,100,data/raw/nsynth/extracted/nsynth-train/audio/organ_electronic_053-046-100.wav,5305
organ_electronic_093-046-100,train,organ,organ_electronic_093,46,lower,100,data/raw/nsynth/extracted/nsynth-train/audio/organ_electronic_093-046-100.wav,5305
organ_electronic_096-046-100,train,organ,organ_electronic_096,46,lower,100,data/raw/nsynth/extracted/nsynth-train/audio/organ_electronic_096-046-100.wav,5305
organ_electronic_101-046-100,train,organ,organ_electronic_101,46,lower,100,data/raw/nsynth/extracted/nsynth-train/audio/organ_electronic_101-046-100.wav,5305
organ_electronic_002-046-127,train,organ,organ_electronic_002,46,lower,127,data/raw/nsynth/extracted/nsynth-train/audio/organ_electronic_002-046-127.wav,5305
organ_electronic_039-046-127,train,organ,organ_electronic_039,46,lower,127,data/raw/nsynth/extracted/nsynth-train/audio/organ_electronic_039-046-127.wav,5305
organ_electronic_053-046-127,train,organ,organ_electronic_053,46,lower,127,data/raw/nsynth/extracted/nsynth-train/audio/organ_electronic_053-046-127.wav,5305
organ_electronic_058-046-127,train,organ,organ_electronic_058,46,lower,127,data/raw/nsynth/extracted/nsynth-train/audio/organ_electronic_058-046-127.wav,5305
organ_electronic_008-047-025,train,organ,organ_electronic_008,47,lower,25,data/raw/nsynth/extracted/nsynth-train/audio/organ_electronic_008-047-025.wav,5305
organ_electronic_030-047-025,train,organ,organ_electronic_030,47,lower,25,data/raw/nsynth/extracted/nsynth-train/audio/organ_electronic_030-047-025.wav,5305
organ_electronic_044-047-025,train,organ,organ_electronic_044,47,lower,25,data/raw/nsynth/extracted/nsynth-train/audio/organ_electronic_044-047-025.wav,5305
organ_electronic_050-047-025,train,organ,organ_electronic_050,47,lower,25,data/raw/nsynth/extracted/nsynth-train/audio/organ_electronic_050-047-025.wav,5305
organ_electronic_091-047-025,train,organ,organ_electronic_091,47,lower,25,data/raw/nsynth/extracted/nsynth-train/audio/organ_electronic_091-047-025.wav,5305
organ_electronic_093-047-025,train,organ,organ_electronic_093,47,lower,25,data/raw/nsynth/extracted/nsynth-train/audio/organ_electronic_093-047-025.wav,5305
organ_electronic_102-047-025,train,organ,organ_electronic_102,47,lower,25,data/raw/nsynth/extracted/nsynth-train/audio/organ_electronic_102-047-025.wav,5305
organ_electronic_107-047-025,train,organ,organ_electronic_107,47,lower,25,data/raw/nsynth/extracted/nsynth-train/audio/organ_electronic_107-047-025.wav,5305
organ_electronic_109-047-025,train,organ,organ_electronic_109,47,lower,25,data/raw/nsynth/extracted/nsynth-train/audio/organ_electronic_109-047-025.wav,5305
organ_electronic_000-047-050,train,organ,organ_electronic_000,47,lower,50,data/raw/nsynth/extracted/nsynth-train/audio/organ_electronic_000-047-050.wav,5305
organ_electronic_004-047-050,train,organ,organ_electronic_004,47,lower,50,data/raw/nsynth/extracted/nsynth-train/audio/organ_electronic_004-047-050.wav,5305
organ_electronic_086-047-050,train,organ,organ_electronic_086,47,lower,50,data/raw/nsynth/extracted/nsynth-train/audio/organ_electronic_086-047-050.wav,5305
organ_electronic_094-047-050,train,organ,organ_electronic_094,47,lower,50,data/raw/nsynth/extracted/nsynth-train/audio/organ_electronic_094-047-050.wav,5305
organ_electronic_101-047-050,train,organ,organ_electronic_101,47,lower,50,data/raw/nsynth/extracted/nsynth-train/audio/organ_electronic_101-047-050.wav,5305
organ_electronic_031-047-075,train,organ,organ_electronic_031,47,lower,75,data/raw/nsynth/extracted/nsynth-train/audio/organ_electronic_031-047-075.wav,5305
organ_electronic_069-047-075,train,organ,organ_electronic_069,47,lower,75,data/raw/nsynth/extracted/nsynth-train/audio/organ_electronic_069-047-075.wav,5305
organ_electronic_094-047-075,train,organ,organ_electronic_094,47,lower,75,data/raw/nsynth/extracted/nsynth-train/audio/organ_electronic_094-047-075.wav,5305
organ_electronic_097-047-075,train,organ,organ_electronic_097,47,lower,75,data/raw/nsynth/extracted/nsynth-train/audio/organ_electronic_097-047-075.wav,5305
organ_electronic_031-047-100,train,organ,organ_electronic_031,47,lower,100,data/raw/nsynth/extracted/nsynth-train/audio/organ_electronic_031-047-100.wav,5305
organ_electronic_047-047-100,train,organ,organ_electronic_047,47,lower,100,data/raw/nsynth/extracted/nsynth-train/audio/organ_electronic_047-047-100.wav,5305
organ_electronic_050-047-100,train,organ,organ_electronic_050,47,lower,100,data/raw/nsynth/extracted/nsynth-train/audio/organ_electronic_050-047-100.wav,5305
organ_electronic_068-047-100,train,organ,organ_electronic_068,47,lower,100,data/raw/nsynth/extracted/nsynth-train/audio/organ_electronic_068-047-100.wav,5305
organ_electronic_069-047-100,train,organ,organ_electronic_069,47,lower,100,data/raw/nsynth/extracted/nsynth-train/audio/organ_electronic_069-047-100.wav,5305
organ_electronic_091-047-100,train,organ,organ_electronic_091,47,lower,100,data/raw/nsynth/extracted/nsynth-train/audio/organ_electronic_091-047-100.wav,5305
organ_electronic_107-047-100,train,organ,organ_electronic_107,47,lower,100,data/raw/nsynth/extracted/nsynth-train/audio/organ_electronic_107-047-100.wav,5305
organ_electronic_114-047-100,train,organ,organ_electronic_114,47,lower,100,data/raw/nsynth/extracted/nsynth-train/audio/organ_electronic_114-047-100.wav,5305
organ_electronic_033-047-127,train,organ,organ_electronic_033,47,lower,127,data/raw/nsynth/extracted/nsynth-train/audio/organ_electronic_033-047-127.wav,5305
organ_electronic_048-047-127,train,organ,organ_electronic_048,47,lower,127,data/raw/nsynth/extracted/nsynth-train/audio/organ_electronic_048-047-127.wav,5305
organ_electronic_015-048-025,train,organ,organ_electronic_015,48,lower,25,data/raw/nsynth/extracted/nsynth-train/audio/organ_electronic_015-048-025.wav,5305
organ_electronic_022-048-025,train,organ,organ_electronic_022,48,lower,25,data/raw/nsynth/extracted/nsynth-train/audio/organ_electronic_022-048-025.wav,5305
organ_electronic_036-048-025,train,organ,organ_electronic_036,48,lower,25,data/raw/nsynth/extracted/nsynth-train/audio/organ_electronic_036-048-025.wav,5305
organ_electronic_040-048-025,train,organ,organ_electronic_040,48,lower,25,data/raw/nsynth/extracted/nsynth-train/audio/organ_electronic_040-048-025.wav,5305
organ_electronic_050-048-025,train,organ,organ_electronic_050,48,lower,25,data/raw/nsynth/extracted/nsynth-train/audio/organ_electronic_050-048-025.wav,5305
organ_electronic_099-048-025,train,organ,organ_electronic_099,48,lower,25,data/raw/nsynth/extracted/nsynth-train/audio/organ_electronic_099-048-025.wav,5305
organ_electronic_054-048-050,train,organ,organ_electronic_054,48,lower,50,data/raw/nsynth/extracted/nsynth-train/audio/organ_electronic_054-048-050.wav,5305
organ_electronic_088-048-050,train,organ,organ_electronic_088,48,lower,50,data/raw/nsynth/extracted/nsynth-train/audio/organ_electronic_088-048-050.wav,5305
organ_electronic_031-048-075,train,organ,organ_electronic_031,48,lower,75,data/raw/nsynth/extracted/nsynth-train/audio/organ_electronic_031-048-075.wav,5305
organ_electronic_033-048-075,train,organ,organ_electronic_033,48,lower,75,data/raw/nsynth/extracted/nsynth-train/audio/organ_electronic_033-048-075.wav,5305
organ_electronic_074-048-075,train,organ,organ_electronic_074,48,lower,75,data/raw/nsynth/extracted/nsynth-train/audio/organ_electronic_074-048-075.wav,5305
organ_electronic_097-048-075,train,organ,organ_electronic_097,48,lower,75,data/raw/nsynth/extracted/nsynth-train/audio/organ_electronic_097-048-075.wav,5305
organ_electronic_034-048-100,train,organ,organ_electronic_034,48,lower,100,data/raw/nsynth/extracted/nsynth-train/audio/organ_electronic_034-048-100.wav,5305
organ_electronic_126-048-100,train,organ,organ_electronic_126,48,lower,100,data/raw/nsynth/extracted/nsynth-train/audio/organ_electronic_126-048-100.wav,5305
organ_electronic_008-048-127,train,organ,organ_electronic_008,48,lower,127,data/raw/nsynth/extracted/nsynth-train/audio/organ_electronic_008-048-127.wav,5305
organ_electronic_026-048-127,train,organ,organ_electronic_026,48,lower,127,data/raw/nsynth/extracted/nsynth-train/audio/organ_electronic_026-048-127.wav,5305
organ_electronic_059-048-127,train,organ,organ_electronic_059,48,lower,127,data/raw/nsynth/extracted/nsynth-train/audio/organ_electronic_059-048-127.wav,5305
organ_electronic_067-048-127,train,organ,organ_electronic_067,48,lower,127,data/raw/nsynth/extracted/nsynth-train/audio/organ_electronic_067-048-127.wav,5305
organ_electronic_068-048-127,train,organ,organ_electronic_068,48,lower,127,data/raw/nsynth/extracted/nsynth-train/audio/organ_electronic_068-048-127.wav,5305
organ_electronic_103-048-127,train,organ,organ_electronic_103,48,lower,127,data/raw/nsynth/extracted/nsynth-train/audio/organ_electronic_103-048-127.wav,5305
organ_electronic_118-048-127,train,organ,organ_electronic_118,48,lower,127,data/raw/nsynth/extracted/nsynth-train/audio/organ_electronic_118-048-127.wav,5305
organ_electronic_006-049-025,train,organ,organ_electronic_006,49,lower,25,data/raw/nsynth/extracted/nsynth-train/audio/organ_electronic_006-049-025.wav,5305
organ_electronic_033-049-025,train,organ,organ_electronic_033,49,lower,25,data/raw/nsynth/extracted/nsynth-train/audio/organ_electronic_033-049-025.wav,5305
organ_electronic_074-049-025,train,organ,organ_electronic_074,49,lower,25,data/raw/nsynth/extracted/nsynth-train/audio/organ_electronic_074-049-025.wav,5305
organ_electronic_077-049-025,train,organ,organ_electronic_077,49,lower,25,data/raw/nsynth/extracted/nsynth-train/audio/organ_electronic_077-049-025.wav,5305
organ_electronic_029-049-050,train,organ,organ_electronic_029,49,lower,50,data/raw/nsynth/extracted/nsynth-train/audio/organ_electronic_029-049-050.wav,5305
organ_electronic_032-049-050,train,organ,organ_electronic_032,49,lower,50,data/raw/nsynth/extracted/nsynth-train/audio/organ_electronic_032-049-050.wav,5305
organ_electronic_034-049-050,train,organ,organ_electronic_034,49,lower,50,data/raw/nsynth/extracted/nsynth-train/audio/organ_electronic_034-049-050.wav,5305
organ_electronic_035-049-050,train,organ,organ_electronic_035,49,lower,50,data/raw/nsynth/extracted/nsynth-train/audio/organ_electronic_035-049-050.wav,5305
organ_electronic_036-049-075,train,organ,organ_electronic_036,49,lower,75,data/raw/nsynth/extracted/nsynth-train/audio/organ_electronic_036-049-075.wav,5305
organ_electronic_036-049-100,train,organ,organ_electronic_036,49,lower,100,data/raw/nsynth/extracted/nsynth-train/audio/organ_electronic_036-049-100.wav,5305
organ_electronic_069-049-100,train,organ,organ_electronic_069,49,lower,100,data/raw/nsynth/extracted/nsynth-train/audio/organ_electronic_069-049-100.wav,5305
organ_electronic_002-049-127,train,organ,organ_electronic_002,49,lower,127,data/raw/nsynth/extracted/nsynth-train/audio/organ_electronic_002-049-127.wav,5305
organ_electronic_010-049-127,train,organ,organ_electronic_010,49,lower,127,data/raw/nsynth/extracted/nsynth-train/audio/organ_electronic_010-049-127.wav,5305
organ_electronic_032-049-127,train,organ,organ_electronic_032,49,lower,127,data/raw/nsynth/extracted/nsynth-train/audio/organ_electronic_032-049-127.wav,5305
organ_electronic_048-049-127,train,organ,organ_electronic_048,49,lower,127,data/raw/nsynth/extracted/nsynth-train/audio/organ_electronic_048-049-127.wav,5305
organ_electronic_095-049-127,train,organ,organ_electronic_095,49,lower,127,data/raw/nsynth/extracted/nsynth-train/audio/organ_electronic_095-049-127.wav,5305
organ_electronic_105-049-127,train,organ,organ_electronic_105,49,lower,127,data/raw/nsynth/extracted/nsynth-train/audio/organ_electronic_105-049-127.wav,5305
organ_electronic_026-050-025,train,organ,organ_electronic_026,50,lower,25,data/raw/nsynth/extracted/nsynth-train/audio/organ_electronic_026-050-025.wav,5305
organ_electronic_011-050-050,train,organ,organ_electronic_011,50,lower,50,data/raw/nsynth/extracted/nsynth-train/audio/organ_electronic_011-050-050.wav,5305
organ_electronic_017-050-050,train,organ,organ_electronic_017,50,lower,50,data/raw/nsynth/extracted/nsynth-train/audio/organ_electronic_017-050-050.wav,5305
organ_electronic_085-050-050,train,organ,organ_electronic_085,50,lower,50,data/raw/nsynth/extracted/nsynth-train/audio/organ_electronic_085-050-050.wav,5305
organ_electronic_102-050-050,train,organ,organ_electronic_102,50,lower,50,data/raw/nsynth/extracted/nsynth-train/audio/organ_electronic_102-050-050.wav,5305
organ_electronic_066-050-075,train,organ,organ_electronic_066,50,lower,75,data/raw/nsynth/extracted/nsynth-train/audio/organ_electronic_066-050-075.wav,5305
organ_electronic_068-050-075,train,organ,organ_electronic_068,50,lower,75,data/raw/nsynth/extracted/nsynth-train/audio/organ_electronic_068-050-075.wav,5305
organ_electronic_020-050-100,train,organ,organ_electronic_020,50,lower,100,data/raw/nsynth/extracted/nsynth-train/audio/organ_electronic_020-050-100.wav,5305
organ_electronic_024-050-100,train,organ,organ_electronic_024,50,lower,100,data/raw/nsynth/extracted/nsynth-train/audio/organ_electronic_024-050-100.wav,5305
organ_electronic_030-050-100,train,organ,organ_electronic_030,50,lower,100,data/raw/nsynth/extracted/nsynth-train/audio/organ_electronic_030-050-100.wav,5305
organ_electronic_085-050-100,train,organ,organ_electronic_085,50,lower,100,data/raw/nsynth/extracted/nsynth-train/audio/organ_electronic_085-050-100.wav,5305
organ_acoustic_000-050-127,train,organ,organ_acoustic_000,50,lower,127,data/raw/nsynth/extracted/nsynth-train/audio/organ_acoustic_000-050-127.wav,5305
organ_electronic_020-050-127,train,organ,organ_electronic_020,50,lower,127,data/raw/nsynth/extracted/nsynth-train/audio/organ_electronic_020-050-127.wav,5305
organ_electronic_069-050-127,train,organ,organ_electronic_069,50,lower,127,data/raw/nsynth/extracted/nsynth-train/audio/organ_electronic_069-050-127.wav,5305
organ_electronic_108-050-127,train,organ,organ_electronic_108,50,lower,127,data/raw/nsynth/extracted/nsynth-train/audio/organ_electronic_108-050-127.wav,5305
organ_electronic_120-050-127,train,organ,organ_electronic_120,50,lower,127,data/raw/nsynth/extracted/nsynth-train/audio/organ_electronic_120-050-127.wav,5305
organ_electronic_027-051-025,train,organ,organ_electronic_027,51,lower,25,data/raw/nsynth/extracted/nsynth-train/audio/organ_electronic_027-051-025.wav,5305
organ_electronic_044-051-025,train,organ,organ_electronic_044,51,lower,25,data/raw/nsynth/extracted/nsynth-train/audio/organ_electronic_044-051-025.wav,5305
organ_electronic_047-051-025,train,organ,organ_electronic_047,51,lower,25,data/raw/nsynth/extracted/nsynth-train/audio/organ_electronic_047-051-025.wav,5305
organ_electronic_066-051-025,train,organ,organ_electronic_066,51,lower,25,data/raw/nsynth/extracted/nsynth-train/audio/organ_electronic_066-051-025.wav,5305
organ_electronic_068-051-025,train,organ,organ_electronic_068,51,lower,25,data/raw/nsynth/extracted/nsynth-train/audio/organ_electronic_068-051-025.wav,5305
organ_electronic_079-051-025,train,organ,organ_electronic_079,51,lower,25,data/raw/nsynth/extracted/nsynth-train/audio/organ_electronic_079-051-025.wav,5305
organ_electronic_101-051-025,train,organ,organ_electronic_101,51,lower,25,data/raw/nsynth/extracted/nsynth-train/audio/organ_electronic_101-051-025.wav,5305
organ_electronic_006-051-050,train,organ,organ_electronic_006,51,lower,50,data/raw/nsynth/extracted/nsynth-train/audio/organ_electronic_006-051-050.wav,5305
organ_electronic_030-051-050,train,organ,organ_electronic_030,51,lower,50,data/raw/nsynth/extracted/nsynth-train/audio/organ_electronic_030-051-050.wav,5305
organ_electronic_031-051-050,train,organ,organ_electronic_031,51,lower,50,data/raw/nsynth/extracted/nsynth-train/audio/organ_electronic_031-051-050.wav,5305
organ_electronic_045-051-050,train,organ,organ_electronic_045,51,lower,50,data/raw/nsynth/extracted/nsynth-train/audio/organ_electronic_045-051-050.wav,5305
organ_electronic_050-051-050,train,organ,organ_electronic_050,51,lower,50,data/raw/nsynth/extracted/nsynth-train/audio/organ_electronic_050-051-050.wav,5305
organ_electronic_058-051-050,train,organ,organ_electronic_058,51,lower,50,data/raw/nsynth/extracted/nsynth-train/audio/organ_electronic_058-051-050.wav,5305
organ_electronic_075-051-050,train,organ,organ_electronic_075,51,lower,50,data/raw/nsynth/extracted/nsynth-train/audio/organ_electronic_075-051-050.wav,5305
organ_electronic_060-051-075,train,organ,organ_electronic_060,51,lower,75,data/raw/nsynth/extracted/nsynth-train/audio/organ_electronic_060-051-075.wav,5305
organ_electronic_069-051-075,train,organ,organ_electronic_069,51,lower,75,data/raw/nsynth/extracted/nsynth-train/audio/organ_electronic_069-051-075.wav,5305
organ_electronic_087-051-075,train,organ,organ_electronic_087,51,lower,75,data/raw/nsynth/extracted/nsynth-train/audio/organ_electronic_087-051-075.wav,5305
organ_electronic_088-051-075,train,organ,organ_electronic_088,51,lower,75,data/raw/nsynth/extracted/nsynth-train/audio/organ_electronic_088-051-075.wav,5305
organ_electronic_100-051-075,train,organ,organ_electronic_100,51,lower,75,data/raw/nsynth/extracted/nsynth-train/audio/organ_electronic_100-051-075.wav,5305
organ_electronic_102-051-075,train,organ,organ_electronic_102,51,lower,75,data/raw/nsynth/extracted/nsynth-train/audio/organ_electronic_102-051-075.wav,5305
organ_electronic_103-051-075,train,organ,organ_electronic_103,51,lower,75,data/raw/nsynth/extracted/nsynth-train/audio/organ_electronic_103-051-075.wav,5305
organ_electronic_109-051-075,train,organ,organ_electronic_109,51,lower,75,data/raw/nsynth/extracted/nsynth-train/audio/organ_electronic_109-051-075.wav,5305
organ_electronic_117-051-075,train,organ,organ_electronic_117,51,lower,75,data/raw/nsynth/extracted/nsynth-train/audio/organ_electronic_117-051-075.wav,5305
organ_electronic_029-051-100,train,organ,organ_electronic_029,51,lower,100,data/raw/nsynth/extracted/nsynth-train/audio/organ_electronic_029-051-100.wav,5305
organ_electronic_042-051-100,train,organ,organ_electronic_042,51,lower,100,data/raw/nsynth/extracted/nsynth-train/audio/organ_electronic_042-051-100.wav,5305
organ_electronic_059-051-100,train,organ,organ_electronic_059,51,lower,100,data/raw/nsynth/extracted/nsynth-train/audio/organ_electronic_059-051-100.wav,5305
organ_electronic_066-051-100,train,organ,organ_electronic_066,51,lower,100,data/raw/nsynth/extracted/nsynth-train/audio/organ_electronic_066-051-100.wav,5305
organ_electronic_022-051-127,train,organ,organ_electronic_022,51,lower,127,data/raw/nsynth/extracted/nsynth-train/audio/organ_electronic_022-051-127.wav,5305
organ_electronic_032-051-127,train,organ,organ_electronic_032,51,lower,127,data/raw/nsynth/extracted/nsynth-train/audio/organ_electronic_032-051-127.wav,5305
organ_electronic_038-051-127,train,organ,organ_electronic_038,51,lower,127,data/raw/nsynth/extracted/nsynth-train/audio/organ_electronic_038-051-127.wav,5305
organ_electronic_101-051-127,train,organ,organ_electronic_101,51,lower,127,data/raw/nsynth/extracted/nsynth-train/audio/organ_electronic_101-051-127.wav,5305
organ_electronic_118-051-127,train,organ,organ_electronic_118,51,lower,127,data/raw/nsynth/extracted/nsynth-train/audio/organ_electronic_118-051-127.wav,5305
organ_electronic_031-052-025,train,organ,organ_electronic_031,52,middle,25,data/raw/nsynth/extracted/nsynth-train/audio/organ_electronic_031-052-025.wav,5305
organ_electronic_070-052-025,train,organ,organ_electronic_070,52,middle,25,data/raw/nsynth/extracted/nsynth-train/audio/organ_electronic_070-052-025.wav,5305
organ_electronic_103-052-025,train,organ,organ_electronic_103,52,middle,25,data/raw/nsynth/extracted/nsynth-train/audio/organ_electronic_103-052-025.wav,5305
organ_electronic_004-052-050,train,organ,organ_electronic_004,52,middle,50,data/raw/nsynth/extracted/nsynth-train/audio/organ_electronic_004-052-050.wav,5305
organ_electronic_024-052-050,train,organ,organ_electronic_024,52,middle,50,data/raw/nsynth/extracted/nsynth-train/audio/organ_electronic_024-052-050.wav,5305
organ_electronic_029-052-050,train,organ,organ_electronic_029,52,middle,50,data/raw/nsynth/extracted/nsynth-train/audio/organ_electronic_029-052-050.wav,5305
organ_electronic_102-052-050,train,organ,organ_electronic_102,52,middle,50,data/raw/nsynth/extracted/nsynth-train/audio/organ_electronic_102-052-050.wav,5305
organ_electronic_055-052-075,train,organ,organ_electronic_055,52,middle,75,data/raw/nsynth/extracted/nsynth-train/audio/organ_electronic_055-052-075.wav,5305
organ_electronic_083-052-075,train,organ,organ_electronic_083,52,middle,75,data/raw/nsynth/extracted/nsynth-train/audio/organ_electronic_083-052-075.wav,5305
organ_electronic_091-052-075,train,organ,organ_electronic_091,52,middle,75,data/raw/nsynth/extracted/nsynth-train/audio/organ_electronic_091-052-075.wav,5305
organ_electronic_038-052-100,train,organ,organ_electronic_038,52,middle,100,data/raw/nsynth/extracted/nsynth-train/audio/organ_electronic_038-052-100.wav,5305
organ_electronic_047-052-100,train,organ,organ_electronic_047,52,middle,100,data/raw/nsynth/extracted/nsynth-train/audio/organ_electronic_047-052-100.wav,5305
organ_electronic_060-052-100,train,organ,organ_electronic_060,52,middle,100,data/raw/nsynth/extracted/nsynth-train/audio/organ_electronic_060-052-100.wav,5305
organ_electronic_070-052-100,train,organ,organ_electronic_070,52,middle,100,data/raw/nsynth/extracted/nsynth-train/audio/organ_electronic_070-052-100.wav,5305
organ_electronic_072-052-100,train,organ,organ_electronic_072,52,middle,100,data/raw/nsynth/extracted/nsynth-train/audio/organ_electronic_072-052-100.wav,5305
organ_electronic_111-052-100,train,organ,organ_electronic_111,52,middle,100,data/raw/nsynth/extracted/nsynth-train/audio/organ_electronic_111-052-100.wav,5305
organ_electronic_018-052-127,train,organ,organ_electronic_018,52,middle,127,data/raw/nsynth/extracted/nsynth-train/audio/organ_electronic_018-052-127.wav,5305
organ_electronic_050-052-127,train,organ,organ_electronic_050,52,middle,127,data/raw/nsynth/extracted/nsynth-train/audio/organ_electronic_050-052-127.wav,5305
organ_electronic_068-052-127,train,organ,organ_electronic_068,52,middle,127,data/raw/nsynth/extracted/nsynth-train/audio/organ_electronic_068-052-127.wav,5305
organ_electronic_106-052-127,train,organ,organ_electronic_106,52,middle,127,data/raw/nsynth/extracted/nsynth-train/audio/organ_electronic_106-052-127.wav,5305
organ_electronic_005-053-025,train,organ,organ_electronic_005,53,middle,25,data/raw/nsynth/extracted/nsynth-train/audio/organ_electronic_005-053-025.wav,5305
organ_electronic_011-053-025,train,organ,organ_electronic_011,53,middle,25,data/raw/nsynth/extracted/nsynth-train/audio/organ_electronic_011-053-025.wav,5305
organ_electronic_060-053-025,train,organ,organ_electronic_060,53,middle,25,data/raw/nsynth/extracted/nsynth-train/audio/organ_electronic_060-053-025.wav,5305
organ_electronic_106-053-025,train,organ,organ_electronic_106,53,middle,25,data/raw/nsynth/extracted/nsynth-train/audio/organ_electronic_106-053-025.wav,5305
organ_electronic_034-053-050,train,organ,organ_electronic_034,53,middle,50,data/raw/nsynth/extracted/nsynth-train/audio/organ_electronic_034-053-050.wav,5305
organ_electronic_054-053-050,train,organ,organ_electronic_054,53,middle,50,data/raw/nsynth/extracted/nsynth-train/audio/organ_electronic_054-053-050.wav,5305
organ_electronic_090-053-050,train,organ,organ_electronic_090,53,middle,50,data/raw/nsynth/extracted/nsynth-train/audio/organ_electronic_090-053-050.wav,5305
organ_electronic_006-053-075,train,organ,organ_electronic_006,53,middle,75,data/raw/nsynth/extracted/nsynth-train/audio/organ_electronic_006-053-075.wav,5305
organ_electronic_026-053-075,train,organ,organ_electronic_026,53,middle,75,data/raw/nsynth/extracted/nsynth-train/audio/organ_electronic_026-053-075.wav,5305
organ_electronic_042-053-075,train,organ,organ_electronic_042,53,middle,75,data/raw/nsynth/extracted/nsynth-train/audio/organ_electronic_042-053-075.wav,5305
organ_electronic_098-053-075,train,organ,organ_electronic_098,53,middle,75,data/raw/nsynth/extracted/nsynth-train/audio/organ_electronic_098-053-075.wav,5305
organ_electronic_014-053-100,train,organ,organ_electronic_014,53,middle,100,data/raw/nsynth/extracted/nsynth-train/audio/organ_electronic_014-053-100.wav,5305
organ_electronic_023-053-100,train,organ,organ_electronic_023,53,middle,100,data/raw/nsynth/extracted/nsynth-train/audio/organ_electronic_023-053-100.wav,5305
organ_electronic_114-053-100,train,organ,organ_electronic_114,53,middle,100,data/raw/nsynth/extracted/nsynth-train/audio/organ_electronic_114-053-100.wav,5305
organ_electronic_013-053-127,train,organ,organ_electronic_013,53,middle,127,data/raw/nsynth/extracted/nsynth-train/audio/organ_electronic_013-053-127.wav,5305
organ_electronic_067-053-127,train,organ,organ_electronic_067,53,middle,127,data/raw/nsynth/extracted/nsynth-train/audio/organ_electronic_067-053-127.wav,5305
organ_electronic_073-053-127,train,organ,organ_electronic_073,53,middle,127,data/raw/nsynth/extracted/nsynth-train/audio/organ_electronic_073-053-127.wav,5305
organ_electronic_093-054-025,train,organ,organ_electronic_093,54,middle,25,data/raw/nsynth/extracted/nsynth-train/audio/organ_electronic_093-054-025.wav,5305
organ_electronic_095-054-025,train,organ,organ_electronic_095,54,middle,25,data/raw/nsynth/extracted/nsynth-train/audio/organ_electronic_095-054-025.wav,5305
organ_electronic_096-054-025,train,organ,organ_electronic_096,54,middle,25,data/raw/nsynth/extracted/nsynth-train/audio/organ_electronic_096-054-025.wav,5305
organ_electronic_077-054-050,train,organ,organ_electronic_077,54,middle,50,data/raw/nsynth/extracted/nsynth-train/audio/organ_electronic_077-054-050.wav,5305
organ_electronic_018-054-075,train,organ,organ_electronic_018,54,middle,75,data/raw/nsynth/extracted/nsynth-train/audio/organ_electronic_018-054-075.wav,5305
organ_electronic_038-054-075,train,organ,organ_electronic_038,54,middle,75,data/raw/nsynth/extracted/nsynth-train/audio/organ_electronic_038-054-075.wav,5305
organ_electronic_060-054-075,train,organ,organ_electronic_060,54,middle,75,data/raw/nsynth/extracted/nsynth-train/audio/organ_electronic_060-054-075.wav,5305
organ_electronic_072-054-075,train,organ,organ_electronic_072,54,middle,75,data/raw/nsynth/extracted/nsynth-train/audio/organ_electronic_072-054-075.wav,5305
organ_electronic_090-054-100,train,organ,organ_electronic_090,54,middle,100,data/raw/nsynth/extracted/nsynth-train/audio/organ_electronic_090-054-100.wav,5305
organ_electronic_093-054-100,train,organ,organ_electronic_093,54,middle,100,data/raw/nsynth/extracted/nsynth-train/audio/organ_electronic_093-054-100.wav,5305
organ_electronic_008-054-127,train,organ,organ_electronic_008,54,middle,127,data/raw/nsynth/extracted/nsynth-train/audio/organ_electronic_008-054-127.wav,5305
organ_electronic_029-054-127,train,organ,organ_electronic_029,54,middle,127,data/raw/nsynth/extracted/nsynth-train/audio/organ_electronic_029-054-127.wav,5305
organ_electronic_041-054-127,train,organ,organ_electronic_041,54,middle,127,data/raw/nsynth/extracted/nsynth-train/audio/organ_electronic_041-054-127.wav,5305
organ_electronic_064-054-127,train,organ,organ_electronic_064,54,middle,127,data/raw/nsynth/extracted/nsynth-train/audio/organ_electronic_064-054-127.wav,5305
organ_electronic_096-054-127,train,organ,organ_electronic_096,54,middle,127,data/raw/nsynth/extracted/nsynth-train/audio/organ_electronic_096-054-127.wav,5305
organ_electronic_029-055-025,train,organ,organ_electronic_029,55,middle,25,data/raw/nsynth/extracted/nsynth-train/audio/organ_electronic_029-055-025.wav,5305
organ_electronic_039-055-025,train,organ,organ_electronic_039,55,middle,25,data/raw/nsynth/extracted/nsynth-train/audio/organ_electronic_039-055-025.wav,5305
organ_electronic_072-055-025,train,organ,organ_electronic_072,55,middle,25,data/raw/nsynth/extracted/nsynth-train/audio/organ_electronic_072-055-025.wav,5305
organ_electronic_101-055-025,train,organ,organ_electronic_101,55,middle,25,data/raw/nsynth/extracted/nsynth-train/audio/organ_electronic_101-055-025.wav,5305
organ_electronic_022-055-050,train,organ,organ_electronic_022,55,middle,50,data/raw/nsynth/extracted/nsynth-train/audio/organ_electronic_022-055-050.wav,5305
organ_electronic_030-055-050,train,organ,organ_electronic_030,55,middle,50,data/raw/nsynth/extracted/nsynth-train/audio/organ_electronic_030-055-050.wav,5305
organ_electronic_060-055-050,train,organ,organ_electronic_060,55,middle,50,data/raw/nsynth/extracted/nsynth-train/audio/organ_electronic_060-055-050.wav,5305
organ_electronic_093-055-050,train,organ,organ_electronic_093,55,middle,50,data/raw/nsynth/extracted/nsynth-train/audio/organ_electronic_093-055-050.wav,5305
organ_electronic_100-055-050,train,organ,organ_electronic_100,55,middle,50,data/raw/nsynth/extracted/nsynth-train/audio/organ_electronic_100-055-050.wav,5305
organ_electronic_109-055-050,train,organ,organ_electronic_109,55,middle,50,data/raw/nsynth/extracted/nsynth-train/audio/organ_electronic_109-055-050.wav,5305
organ_electronic_008-055-075,train,organ,organ_electronic_008,55,middle,75,data/raw/nsynth/extracted/nsynth-train/audio/organ_electronic_008-055-075.wav,5305
organ_electronic_079-055-075,train,organ,organ_electronic_079,55,middle,75,data/raw/nsynth/extracted/nsynth-train/audio/organ_electronic_079-055-075.wav,5305
organ_electronic_106-055-075,train,organ,organ_electronic_106,55,middle,75,data/raw/nsynth/extracted/nsynth-train/audio/organ_electronic_106-055-075.wav,5305
organ_electronic_022-055-100,train,organ,organ_electronic_022,55,middle,100,data/raw/nsynth/extracted/nsynth-train/audio/organ_electronic_022-055-100.wav,5305
organ_electronic_034-055-100,train,organ,organ_electronic_034,55,middle,100,data/raw/nsynth/extracted/nsynth-train/audio/organ_electronic_034-055-100.wav,5305
organ_electronic_044-055-100,train,organ,organ_electronic_044,55,middle,100,data/raw/nsynth/extracted/nsynth-train/audio/organ_electronic_044-055-100.wav,5305
organ_electronic_066-055-100,train,organ,organ_electronic_066,55,middle,100,data/raw/nsynth/extracted/nsynth-train/audio/organ_electronic_066-055-100.wav,5305
organ_electronic_093-055-100,train,organ,organ_electronic_093,55,middle,100,data/raw/nsynth/extracted/nsynth-train/audio/organ_electronic_093-055-100.wav,5305
organ_electronic_126-055-100,train,organ,organ_electronic_126,55,middle,100,data/raw/nsynth/extracted/nsynth-train/audio/organ_electronic_126-055-100.wav,5305
organ_electronic_004-055-127,train,organ,organ_electronic_004,55,middle,127,data/raw/nsynth/extracted/nsynth-train/audio/organ_electronic_004-055-127.wav,5305
organ_electronic_006-055-127,train,organ,organ_electronic_006,55,middle,127,data/raw/nsynth/extracted/nsynth-train/audio/organ_electronic_006-055-127.wav,5305
organ_electronic_010-055-127,train,organ,organ_electronic_010,55,middle,127,data/raw/nsynth/extracted/nsynth-train/audio/organ_electronic_010-055-127.wav,5305
organ_electronic_030-055-127,train,organ,organ_electronic_030,55,middle,127,data/raw/nsynth/extracted/nsynth-train/audio/organ_electronic_030-055-127.wav,5305
organ_electronic_040-055-127,train,organ,organ_electronic_040,55,middle,127,data/raw/nsynth/extracted/nsynth-train/audio/organ_electronic_040-055-127.wav,5305
organ_electronic_049-055-127,train,organ,organ_electronic_049,55,middle,127,data/raw/nsynth/extracted/nsynth-train/audio/organ_electronic_049-055-127.wav,5305
organ_electronic_110-055-127,train,organ,organ_electronic_110,55,middle,127,data/raw/nsynth/extracted/nsynth-train/audio/organ_electronic_110-055-127.wav,5305
organ_electronic_112-055-127,train,organ,organ_electronic_112,55,middle,127,data/raw/nsynth/extracted/nsynth-train/audio/organ_electronic_112-055-127.wav,5305
organ_electronic_046-056-025,train,organ,organ_electronic_046,56,middle,25,data/raw/nsynth/extracted/nsynth-train/audio/organ_electronic_046-056-025.wav,5305
organ_electronic_053-056-025,train,organ,organ_electronic_053,56,middle,25,data/raw/nsynth/extracted/nsynth-train/audio/organ_electronic_053-056-025.wav,5305
organ_electronic_066-056-025,train,organ,organ_electronic_066,56,middle,25,data/raw/nsynth/extracted/nsynth-train/audio/organ_electronic_066-056-025.wav,5305
organ_electronic_102-056-025,train,organ,organ_electronic_102,56,middle,25,data/raw/nsynth/extracted/nsynth-train/audio/organ_electronic_102-056-025.wav,5305
organ_electronic_061-056-050,train,organ,organ_electronic_061,56,middle,50,data/raw/nsynth/extracted/nsynth-train/audio/organ_electronic_061-056-050.wav,5305
organ_electronic_074-056-050,train,organ,organ_electronic_074,56,middle,50,data/raw/nsynth/extracted/nsynth-train/audio/organ_electronic_074-056-050.wav,5305
organ_electronic_091-056-050,train,organ,organ_electronic_091,56,middle,50,data/raw/nsynth/extracted/nsynth-train/audio/organ_electronic_091-056-050.wav,5305
organ_electronic_026-056-075,train,organ,organ_electronic_026,56,middle,75,data/raw/nsynth/extracted/nsynth-train/audio/organ_electronic_026-056-075.wav,5305
organ_electronic_046-056-075,train,organ,organ_electronic_046,56,middle,75,data/raw/nsynth/extracted/nsynth-train/audio/organ_electronic_046-056-075.wav,5305
organ_electronic_070-056-075,train,organ,organ_electronic_070,56,middle,75,data/raw/nsynth/extracted/nsynth-train/audio/organ_electronic_070-056-075.wav,5305
organ_electronic_099-056-075,train,organ,organ_electronic_099,56,middle,75,data/raw/nsynth/extracted/nsynth-train/audio/organ_electronic_099-056-075.wav,5305
organ_electronic_106-056-075,train,organ,organ_electronic_106,56,middle,75,data/raw/nsynth/extracted/nsynth-train/audio/organ_electronic_106-056-075.wav,5305
organ_electronic_114-056-075,train,organ,organ_electronic_114,56,middle,75,data/raw/nsynth/extracted/nsynth-train/audio/organ_electronic_114-056-075.wav,5305
organ_electronic_017-056-100,train,organ,organ_electronic_017,56,middle,100,data/raw/nsynth/extracted/nsynth-train/audio/organ_electronic_017-056-100.wav,5305
organ_electronic_032-056-100,train,organ,organ_electronic_032,56,middle,100,data/raw/nsynth/extracted/nsynth-train/audio/organ_electronic_032-056-100.wav,5305
organ_electronic_049-056-100,train,organ,organ_electronic_049,56,middle,100,data/raw/nsynth/extracted/nsynth-train/audio/organ_electronic_049-056-100.wav,5305
organ_electronic_055-056-100,train,organ,organ_electronic_055,56,middle,100,data/raw/nsynth/extracted/nsynth-train/audio/organ_electronic_055-056-100.wav,5305
organ_electronic_072-056-100,train,organ,organ_electronic_072,56,middle,100,data/raw/nsynth/extracted/nsynth-train/audio/organ_electronic_072-056-100.wav,5305
organ_electronic_085-056-100,train,organ,organ_electronic_085,56,middle,100,data/raw/nsynth/extracted/nsynth-train/audio/organ_electronic_085-056-100.wav,5305
organ_electronic_088-056-100,train,organ,organ_electronic_088,56,middle,100,data/raw/nsynth/extracted/nsynth-train/audio/organ_electronic_088-056-100.wav,5305
organ_electronic_025-056-127,train,organ,organ_electronic_025,56,middle,127,data/raw/nsynth/extracted/nsynth-train/audio/organ_electronic_025-056-127.wav,5305
organ_electronic_063-056-127,train,organ,organ_electronic_063,56,middle,127,data/raw/nsynth/extracted/nsynth-train/audio/organ_electronic_063-056-127.wav,5305
organ_electronic_069-056-127,train,organ,organ_electronic_069,56,middle,127,data/raw/nsynth/extracted/nsynth-train/audio/organ_electronic_069-056-127.wav,5305
organ_electronic_101-056-127,train,organ,organ_electronic_101,56,middle,127,data/raw/nsynth/extracted/nsynth-train/audio/organ_electronic_101-056-127.wav,5305
organ_electronic_019-057-025,train,organ,organ_electronic_019,57,middle,25,data/raw/nsynth/extracted/nsynth-train/audio/organ_electronic_019-057-025.wav,5305
organ_electronic_022-057-025,train,organ,organ_electronic_022,57,middle,25,data/raw/nsynth/extracted/nsynth-train/audio/organ_electronic_022-057-025.wav,5305
organ_electronic_076-057-025,train,organ,organ_electronic_076,57,middle,25,data/raw/nsynth/extracted/nsynth-train/audio/organ_electronic_076-057-025.wav,5305
organ_electronic_089-057-025,train,organ,organ_electronic_089,57,middle,25,data/raw/nsynth/extracted/nsynth-train/audio/organ_electronic_089-057-025.wav,5305
organ_electronic_102-057-025,train,organ,organ_electronic_102,57,middle,25,data/raw/nsynth/extracted/nsynth-train/audio/organ_electronic_102-057-025.wav,5305
organ_electronic_014-057-050,train,organ,organ_electronic_014,57,middle,50,data/raw/nsynth/extracted/nsynth-train/audio/organ_electronic_014-057-050.wav,5305
organ_electronic_015-057-050,train,organ,organ_electronic_015,57,middle,50,data/raw/nsynth/extracted/nsynth-train/audio/organ_electronic_015-057-050.wav,5305
organ_electronic_050-057-050,train,organ,organ_electronic_050,57,middle,50,data/raw/nsynth/extracted/nsynth-train/audio/organ_electronic_050-057-050.wav,5305
organ_electronic_054-057-050,train,organ,organ_electronic_054,57,middle,50,data/raw/nsynth/extracted/nsynth-train/audio/organ_electronic_054-057-050.wav,5305
organ_electronic_055-057-050,train,organ,organ_electronic_055,57,middle,50,data/raw/nsynth/extracted/nsynth-train/audio/organ_electronic_055-057-050.wav,5305
organ_electronic_067-057-050,train,organ,organ_electronic_067,57,middle,50,data/raw/nsynth/extracted/nsynth-train/audio/organ_electronic_067-057-050.wav,5305
organ_electronic_089-057-050,train,organ,organ_electronic_089,57,middle,50,data/raw/nsynth/extracted/nsynth-train/audio/organ_electronic_089-057-050.wav,5305
organ_electronic_100-057-050,train,organ,organ_electronic_100,57,middle,50,data/raw/nsynth/extracted/nsynth-train/audio/organ_electronic_100-057-050.wav,5305
organ_electronic_003-057-075,train,organ,organ_electronic_003,57,middle,75,data/raw/nsynth/extracted/nsynth-train/audio/organ_electronic_003-057-075.wav,5305
organ_electronic_037-057-075,train,organ,organ_electronic_037,57,middle,75,data/raw/nsynth/extracted/nsynth-train/audio/organ_electronic_037-057-075.wav,5305
organ_electronic_051-057-075,train,organ,organ_electronic_051,57,middle,75,data/raw/nsynth/extracted/nsynth-train/audio/organ_electronic_051-057-075.wav,5305
organ_electronic_083-057-075,train,organ,organ_electronic_083,57,middle,75,data/raw/nsynth/extracted/nsynth-train/audio/organ_electronic_083-057-075.wav,5305
organ_electronic_094-057-075,train,organ,organ_electronic_094,57,middle,75,data/raw/nsynth/extracted/nsynth-train/audio/organ_electronic_094-057-075.wav,5305
organ_electronic_041-057-100,train,organ,organ_electronic_041,57,middle,100,data/raw/nsynth/extracted/nsynth-train/audio/organ_electronic_041-057-100.wav,5305
organ_electronic_056-057-127,train,organ,organ_electronic_056,57,middle,127,data/raw/nsynth/extracted/nsynth-train/audio/organ_electronic_056-057-127.wav,5305
organ_electronic_067-057-127,train,organ,organ_electronic_067,57,middle,127,data/raw/nsynth/extracted/nsynth-train/audio/organ_electronic_067-057-127.wav,5305
organ_electronic_086-057-127,train,organ,organ_electronic_086,57,middle,127,data/raw/nsynth/extracted/nsynth-train/audio/organ_electronic_086-057-127.wav,5305
organ_electronic_005-058-025,train,organ,organ_electronic_005,58,middle,25,data/raw/nsynth/extracted/nsynth-train/audio/organ_electronic_005-058-025.wav,5305
organ_electronic_024-058-025,train,organ,organ_electronic_024,58,middle,25,data/raw/nsynth/extracted/nsynth-train/audio/organ_electronic_024-058-025.wav,5305
organ_electronic_032-058-025,train,organ,organ_electronic_032,58,middle,25,data/raw/nsynth/extracted/nsynth-train/audio/organ_electronic_032-058-025.wav,5305
organ_electronic_033-058-025,train,organ,organ_electronic_033,58,middle,25,data/raw/nsynth/extracted/nsynth-train/audio/organ_electronic_033-058-025.wav,5305
organ_electronic_038-058-025,train,organ,organ_electronic_038,58,middle,25,data/raw/nsynth/extracted/nsynth-train/audio/organ_electronic_038-058-025.wav,5305
organ_electronic_101-058-025,train,organ,organ_electronic_101,58,middle,25,data/raw/nsynth/extracted/nsynth-train/audio/organ_electronic_101-058-025.wav,5305
organ_electronic_019-058-050,train,organ,organ_electronic_019,58,middle,50,data/raw/nsynth/extracted/nsynth-train/audio/organ_electronic_019-058-050.wav,5305
organ_electronic_049-058-050,train,organ,organ_electronic_049,58,middle,50,data/raw/nsynth/extracted/nsynth-train/audio/organ_electronic_049-058-050.wav,5305
organ_electronic_050-058-050,train,organ,organ_electronic_050,58,middle,50,data/raw/nsynth/extracted/nsynth-train/audio/organ_electronic_050-058-050.wav,5305
organ_electronic_053-058-050,train,organ,organ_electronic_053,58,middle,50,data/raw/nsynth/extracted/nsynth-train/audio/organ_electronic_053-058-050.wav,5305
organ_electronic_069-058-050,train,organ,organ_electronic_069,58,middle,50,data/raw/nsynth/extracted/nsynth-train/audio/organ_electronic_069-058-050.wav,5305
organ_electronic_070-058-050,train,organ,organ_electronic_070,58,middle,50,data/raw/nsynth/extracted/nsynth-train/audio/organ_electronic_070-058-050.wav,5305
organ_electronic_077-058-050,train,organ,organ_electronic_077,58,middle,50,data/raw/nsynth/extracted/nsynth-train/audio/organ_electronic_077-058-050.wav,5305
organ_electronic_081-058-050,train,organ,organ_electronic_081,58,middle,50,data/raw/nsynth/extracted/nsynth-train/audio/organ_electronic_081-058-050.wav,5305
organ_electronic_018-058-075,train,organ,organ_electronic_018,58,middle,75,data/raw/nsynth/extracted/nsynth-train/audio/organ_electronic_018-058-075.wav,5305
organ_electronic_022-058-075,train,organ,organ_electronic_022,58,middle,75,data/raw/nsynth/extracted/nsynth-train/audio/organ_electronic_022-058-075.wav,5305
organ_electronic_058-058-075,train,organ,organ_electronic_058,58,middle,75,data/raw/nsynth/extracted/nsynth-train/audio/organ_electronic_058-058-075.wav,5305
organ_electronic_067-058-075,train,organ,organ_electronic_067,58,middle,75,data/raw/nsynth/extracted/nsynth-train/audio/organ_electronic_067-058-075.wav,5305
organ_electronic_075-058-075,train,organ,organ_electronic_075,58,middle,75,data/raw/nsynth/extracted/nsynth-train/audio/organ_electronic_075-058-075.wav,5305
organ_electronic_090-058-075,train,organ,organ_electronic_090,58,middle,75,data/raw/nsynth/extracted/nsynth-train/audio/organ_electronic_090-058-075.wav,5305
organ_electronic_095-058-075,train,organ,organ_electronic_095,58,middle,75,data/raw/nsynth/extracted/nsynth-train/audio/organ_electronic_095-058-075.wav,5305
organ_electronic_012-058-100,train,organ,organ_electronic_012,58,middle,100,data/raw/nsynth/extracted/nsynth-train/audio/organ_electronic_012-058-100.wav,5305
organ_electronic_017-058-100,train,organ,organ_electronic_017,58,middle,100,data/raw/nsynth/extracted/nsynth-train/audio/organ_electronic_017-058-100.wav,5305
organ_electronic_018-058-100,train,organ,organ_electronic_018,58,middle,100,data/raw/nsynth/extracted/nsynth-train/audio/organ_electronic_018-058-100.wav,5305
organ_electronic_023-058-100,train,organ,organ_electronic_023,58,middle,100,data/raw/nsynth/extracted/nsynth-train/audio/organ_electronic_023-058-100.wav,5305
organ_electronic_030-058-100,train,organ,organ_electronic_030,58,middle,100,data/raw/nsynth/extracted/nsynth-train/audio/organ_electronic_030-058-100.wav,5305
organ_electronic_049-058-100,train,organ,organ_electronic_049,58,middle,100,data/raw/nsynth/extracted/nsynth-train/audio/organ_electronic_049-058-100.wav,5305
organ_electronic_051-058-100,train,organ,organ_electronic_051,58,middle,100,data/raw/nsynth/extracted/nsynth-train/audio/organ_electronic_051-058-100.wav,5305
organ_electronic_054-058-100,train,organ,organ_electronic_054,58,middle,100,data/raw/nsynth/extracted/nsynth-train/audio/organ_electronic_054-058-100.wav,5305
organ_electronic_065-058-100,train,organ,organ_electronic_065,58,middle,100,data/raw/nsynth/extracted/nsynth-train/audio/organ_electronic_065-058-100.wav,5305
organ_electronic_088-058-100,train,organ,organ_electronic_088,58,middle,100,data/raw/nsynth/extracted/nsynth-train/audio/organ_electronic_088-058-100.wav,5305
organ_electronic_026-058-127,train,organ,organ_electronic_026,58,middle,127,data/raw/nsynth/extracted/nsynth-train/audio/organ_electronic_026-058-127.wav,5305
organ_electronic_030-058-127,train,organ,organ_electronic_030,58,middle,127,data/raw/nsynth/extracted/nsynth-train/audio/organ_electronic_030-058-127.wav,5305
organ_electronic_036-058-127,train,organ,organ_electronic_036,58,middle,127,data/raw/nsynth/extracted/nsynth-train/audio/organ_electronic_036-058-127.wav,5305
organ_electronic_079-058-127,train,organ,organ_electronic_079,58,middle,127,data/raw/nsynth/extracted/nsynth-train/audio/organ_electronic_079-058-127.wav,5305
organ_electronic_101-058-127,train,organ,organ_electronic_101,58,middle,127,data/raw/nsynth/extracted/nsynth-train/audio/organ_electronic_101-058-127.wav,5305
organ_electronic_008-059-025,train,organ,organ_electronic_008,59,middle,25,data/raw/nsynth/extracted/nsynth-train/audio/organ_electronic_008-059-025.wav,5305
organ_electronic_009-059-025,train,organ,organ_electronic_009,59,middle,25,data/raw/nsynth/extracted/nsynth-train/audio/organ_electronic_009-059-025.wav,5305
organ_electronic_014-059-025,train,organ,organ_electronic_014,59,middle,25,data/raw/nsynth/extracted/nsynth-train/audio/organ_electronic_014-059-025.wav,5305
organ_electronic_040-059-025,train,organ,organ_electronic_040,59,middle,25,data/raw/nsynth/extracted/nsynth-train/audio/organ_electronic_040-059-025.wav,5305
organ_electronic_050-059-025,train,organ,organ_electronic_050,59,middle,25,data/raw/nsynth/extracted/nsynth-train/audio/organ_electronic_050-059-025.wav,5305
organ_electronic_076-059-025,train,organ,organ_electronic_076,59,middle,25,data/raw/nsynth/extracted/nsynth-train/audio/organ_electronic_076-059-025.wav,5305
organ_electronic_095-059-025,train,organ,organ_electronic_095,59,middle,25,data/raw/nsynth/extracted/nsynth-train/audio/organ_electronic_095-059-025.wav,5305
organ_electronic_011-059-050,train,organ,organ_electronic_011,59,middle,50,data/raw/nsynth/extracted/nsynth-train/audio/organ_electronic_011-059-050.wav,5305
organ_electronic_090-059-050,train,organ,organ_electronic_090,59,middle,50,data/raw/nsynth/extracted/nsynth-train/audio/organ_electronic_090-059-050.wav,5305
organ_electronic_043-059-075,train,organ,organ_electronic_043,59,middle,75,data/raw/nsynth/extracted/nsynth-train/audio/organ_electronic_043-059-075.wav,5305
organ_electronic_054-059-075,train,organ,organ_electronic_054,59,middle,75,data/raw/nsynth/extracted/nsynth-train/audio/organ_electronic_054-059-075.wav,5305
organ_electronic_066-059-075,train,organ,organ_electronic_066,59,middle,75,data/raw/nsynth/extracted/nsynth-train/audio/organ_electronic_066-059-075.wav,5305
organ_electronic_098-059-075,train,organ,organ_electronic_098,59,middle,75,data/raw/nsynth/extracted/nsynth-train/audio/organ_electronic_098-059-075.wav,5305
organ_electronic_026-059-100,train,organ,organ_electronic_026,59,middle,100,data/raw/nsynth/extracted/nsynth-train/audio/organ_electronic_026-059-100.wav,5305
organ_electronic_044-059-100,train,organ,organ_electronic_044,59,middle,100,data/raw/nsynth/extracted/nsynth-train/audio/organ_electronic_044-059-100.wav,5305
organ_electronic_065-059-100,train,organ,organ_electronic_065,59,middle,100,data/raw/nsynth/extracted/nsynth-train/audio/organ_electronic_065-059-100.wav,5305
organ_electronic_068-059-100,train,organ,organ_electronic_068,59,middle,100,data/raw/nsynth/extracted/nsynth-train/audio/organ_electronic_068-059-100.wav,5305
organ_electronic_006-059-127,train,organ,organ_electronic_006,59,middle,127,data/raw/nsynth/extracted/nsynth-train/audio/organ_electronic_006-059-127.wav,5305
organ_electronic_008-059-127,train,organ,organ_electronic_008,59,middle,127,data/raw/nsynth/extracted/nsynth-train/audio/organ_electronic_008-059-127.wav,5305
organ_electronic_016-059-127,train,organ,organ_electronic_016,59,middle,127,data/raw/nsynth/extracted/nsynth-train/audio/organ_electronic_016-059-127.wav,5305
organ_electronic_055-059-127,train,organ,organ_electronic_055,59,middle,127,data/raw/nsynth/extracted/nsynth-train/audio/organ_electronic_055-059-127.wav,5305
organ_electronic_065-059-127,train,organ,organ_electronic_065,59,middle,127,data/raw/nsynth/extracted/nsynth-train/audio/organ_electronic_065-059-127.wav,5305
organ_electronic_048-060-025,train,organ,organ_electronic_048,60,middle,25,data/raw/nsynth/extracted/nsynth-train/audio/organ_electronic_048-060-025.wav,5305
organ_electronic_055-060-025,train,organ,organ_electronic_055,60,middle,25,data/raw/nsynth/extracted/nsynth-train/audio/organ_electronic_055-060-025.wav,5305
organ_electronic_085-060-025,train,organ,organ_electronic_085,60,middle,25,data/raw/nsynth/extracted/nsynth-train/audio/organ_electronic_085-060-025.wav,5305
organ_electronic_107-060-025,train,organ,organ_electronic_107,60,middle,25,data/raw/nsynth/extracted/nsynth-train/audio/organ_electronic_107-060-025.wav,5305
organ_electronic_025-060-050,train,organ,organ_electronic_025,60,middle,50,data/raw/nsynth/extracted/nsynth-train/audio/organ_electronic_025-060-050.wav,5305
organ_electronic_026-060-050,train,organ,organ_electronic_026,60,middle,50,data/raw/nsynth/extracted/nsynth-train/audio/organ_electronic_026-060-050.wav,5305
organ_electronic_034-060-050,train,organ,organ_electronic_034,60,middle,50,data/raw/nsynth/extracted/nsynth-train/audio/organ_electronic_034-060-050.wav,5305
organ_electronic_073-060-050,train,organ,organ_electronic_073,60,middle,50,data/raw/nsynth/extracted/nsynth-train/audio/organ_electronic_073-060-050.wav,5305
organ_electronic_101-060-050,train,organ,organ_electronic_101,60,middle,50,data/raw/nsynth/extracted/nsynth-train/audio/organ_electronic_101-060-050.wav,5305
organ_electronic_042-060-075,train,organ,organ_electronic_042,60,middle,75,data/raw/nsynth/extracted/nsynth-train/audio/organ_electronic_042-060-075.wav,5305
organ_electronic_050-060-075,train,organ,organ_electronic_050,60,middle,75,data/raw/nsynth/extracted/nsynth-train/audio/organ_electronic_050-060-075.wav,5305
organ_electronic_056-060-075,train,organ,organ_electronic_056,60,middle,75,data/raw/nsynth/extracted/nsynth-train/audio/organ_electronic_056-060-075.wav,5305
organ_electronic_072-060-075,train,organ,organ_electronic_072,60,middle,75,data/raw/nsynth/extracted/nsynth-train/audio/organ_electronic_072-060-075.wav,5305
organ_electronic_040-060-100,train,organ,organ_electronic_040,60,middle,100,data/raw/nsynth/extracted/nsynth-train/audio/organ_electronic_040-060-100.wav,5305
organ_electronic_046-060-127,train,organ,organ_electronic_046,60,middle,127,data/raw/nsynth/extracted/nsynth-train/audio/organ_electronic_046-060-127.wav,5305
organ_electronic_097-060-127,train,organ,organ_electronic_097,60,middle,127,data/raw/nsynth/extracted/nsynth-train/audio/organ_electronic_097-060-127.wav,5305
organ_electronic_120-060-127,train,organ,organ_electronic_120,60,middle,127,data/raw/nsynth/extracted/nsynth-train/audio/organ_electronic_120-060-127.wav,5305
organ_electronic_020-061-025,train,organ,organ_electronic_020,61,upper,25,data/raw/nsynth/extracted/nsynth-train/audio/organ_electronic_020-061-025.wav,5305
organ_electronic_029-061-025,train,organ,organ_electronic_029,61,upper,25,data/raw/nsynth/extracted/nsynth-train/audio/organ_electronic_029-061-025.wav,5305
organ_electronic_061-061-025,train,organ,organ_electronic_061,61,upper,25,data/raw/nsynth/extracted/nsynth-train/audio/organ_electronic_061-061-025.wav,5305
organ_electronic_097-061-025,train,organ,organ_electronic_097,61,upper,25,data/raw/nsynth/extracted/nsynth-train/audio/organ_electronic_097-061-025.wav,5305
organ_electronic_031-061-050,train,organ,organ_electronic_031,61,upper,50,data/raw/nsynth/extracted/nsynth-train/audio/organ_electronic_031-061-050.wav,5305
organ_electronic_033-061-075,train,organ,organ_electronic_033,61,upper,75,data/raw/nsynth/extracted/nsynth-train/audio/organ_electronic_033-061-075.wav,5305
organ_electronic_036-061-075,train,organ,organ_electronic_036,61,upper,75,data/raw/nsynth/extracted/nsynth-train/audio/organ_electronic_036-061-075.wav,5305
organ_electronic_049-061-075,train,organ,organ_electronic_049,61,upper,75,data/raw/nsynth/extracted/nsynth-train/audio/organ_electronic_049-061-075.wav,5305
organ_electronic_076-061-075,train,organ,organ_electronic_076,61,upper,75,data/raw/nsynth/extracted/nsynth-train/audio/organ_electronic_076-061-075.wav,5305
organ_electronic_114-061-075,train,organ,organ_electronic_114,61,upper,75,data/raw/nsynth/extracted/nsynth-train/audio/organ_electronic_114-061-075.wav,5305
organ_electronic_034-061-100,train,organ,organ_electronic_034,61,upper,100,data/raw/nsynth/extracted/nsynth-train/audio/organ_electronic_034-061-100.wav,5305
organ_electronic_096-061-100,train,organ,organ_electronic_096,61,upper,100,data/raw/nsynth/extracted/nsynth-train/audio/organ_electronic_096-061-100.wav,5305
organ_electronic_099-061-100,train,organ,organ_electronic_099,61,upper,100,data/raw/nsynth/extracted/nsynth-train/audio/organ_electronic_099-061-100.wav,5305
organ_electronic_101-061-100,train,organ,organ_electronic_101,61,upper,100,data/raw/nsynth/extracted/nsynth-train/audio/organ_electronic_101-061-100.wav,5305
organ_electronic_064-061-127,train,organ,organ_electronic_064,61,upper,127,data/raw/nsynth/extracted/nsynth-train/audio/organ_electronic_064-061-127.wav,5305
organ_electronic_023-062-025,train,organ,organ_electronic_023,62,upper,25,data/raw/nsynth/extracted/nsynth-train/audio/organ_electronic_023-062-025.wav,5305
organ_electronic_027-062-025,train,organ,organ_electronic_027,62,upper,25,data/raw/nsynth/extracted/nsynth-train/audio/organ_electronic_027-062-025.wav,5305
organ_electronic_066-062-025,train,organ,organ_electronic_066,62,upper,25,data/raw/nsynth/extracted/nsynth-train/audio/organ_electronic_066-062-025.wav,5305
organ_electronic_078-062-025,train,organ,organ_electronic_078,62,upper,25,data/raw/nsynth/extracted/nsynth-train/audio/organ_electronic_078-062-025.wav,5305
organ_electronic_093-062-025,train,organ,organ_electronic_093,62,upper,25,data/raw/nsynth/extracted/nsynth-train/audio/organ_electronic_093-062-025.wav,5305
organ_electronic_013-062-050,train,organ,organ_electronic_013,62,upper,50,data/raw/nsynth/extracted/nsynth-train/audio/organ_electronic_013-062-050.wav,5305
organ_electronic_036-062-050,train,organ,organ_electronic_036,62,upper,50,data/raw/nsynth/extracted/nsynth-train/audio/organ_electronic_036-062-050.wav,5305
organ_electronic_044-062-050,train,organ,organ_electronic_044,62,upper,50,data/raw/nsynth/extracted/nsynth-train/audio/organ_electronic_044-062-050.wav,5305
organ_electronic_083-062-050,train,organ,organ_electronic_083,62,upper,50,data/raw/nsynth/extracted/nsynth-train/audio/organ_electronic_083-062-050.wav,5305
organ_electronic_099-062-050,train,organ,organ_electronic_099,62,upper,50,data/raw/nsynth/extracted/nsynth-train/audio/organ_electronic_099-062-050.wav,5305
organ_electronic_025-062-075,train,organ,organ_electronic_025,62,upper,75,data/raw/nsynth/extracted/nsynth-train/audio/organ_electronic_025-062-075.wav,5305
organ_electronic_034-062-075,train,organ,organ_electronic_034,62,upper,75,data/raw/nsynth/extracted/nsynth-train/audio/organ_electronic_034-062-075.wav,5305
organ_electronic_039-062-075,train,organ,organ_electronic_039,62,upper,75,data/raw/nsynth/extracted/nsynth-train/audio/organ_electronic_039-062-075.wav,5305
organ_electronic_040-062-075,train,organ,organ_electronic_040,62,upper,75,data/raw/nsynth/extracted/nsynth-train/audio/organ_electronic_040-062-075.wav,5305
organ_electronic_087-062-075,train,organ,organ_electronic_087,62,upper,75,data/raw/nsynth/extracted/nsynth-train/audio/organ_electronic_087-062-075.wav,5305
organ_electronic_003-062-100,train,organ,organ_electronic_003,62,upper,100,data/raw/nsynth/extracted/nsynth-train/audio/organ_electronic_003-062-100.wav,5305
organ_electronic_016-062-100,train,organ,organ_electronic_016,62,upper,100,data/raw/nsynth/extracted/nsynth-train/audio/organ_electronic_016-062-100.wav,5305
organ_acoustic_001-062-127,train,organ,organ_acoustic_001,62,upper,127,data/raw/nsynth/extracted/nsynth-train/audio/organ_acoustic_001-062-127.wav,5305
organ_electronic_046-062-127,train,organ,organ_electronic_046,62,upper,127,data/raw/nsynth/extracted/nsynth-train/audio/organ_electronic_046-062-127.wav,5305
organ_electronic_056-062-127,train,organ,organ_electronic_056,62,upper,127,data/raw/nsynth/extracted/nsynth-train/audio/organ_electronic_056-062-127.wav,5305
organ_electronic_068-062-127,train,organ,organ_electronic_068,62,upper,127,data/raw/nsynth/extracted/nsynth-train/audio/organ_electronic_068-062-127.wav,5305
organ_electronic_121-062-127,train,organ,organ_electronic_121,62,upper,127,data/raw/nsynth/extracted/nsynth-train/audio/organ_electronic_121-062-127.wav,5305
organ_electronic_024-063-025,train,organ,organ_electronic_024,63,upper,25,data/raw/nsynth/extracted/nsynth-train/audio/organ_electronic_024-063-025.wav,5305
organ_electronic_026-063-025,train,organ,organ_electronic_026,63,upper,25,data/raw/nsynth/extracted/nsynth-train/audio/organ_electronic_026-063-025.wav,5305
organ_electronic_033-063-025,train,organ,organ_electronic_033,63,upper,25,data/raw/nsynth/extracted/nsynth-train/audio/organ_electronic_033-063-025.wav,5305
organ_electronic_041-063-025,train,organ,organ_electronic_041,63,upper,25,data/raw/nsynth/extracted/nsynth-train/audio/organ_electronic_041-063-025.wav,5305
organ_electronic_046-063-025,train,organ,organ_electronic_046,63,upper,25,data/raw/nsynth/extracted/nsynth-train/audio/organ_electronic_046-063-025.wav,5305
organ_electronic_002-063-050,train,organ,organ_electronic_002,63,upper,50,data/raw/nsynth/extracted/nsynth-train/audio/organ_electronic_002-063-050.wav,5305
organ_electronic_033-063-050,train,organ,organ_electronic_033,63,upper,50,data/raw/nsynth/extracted/nsynth-train/audio/organ_electronic_033-063-050.wav,5305
organ_electronic_068-063-050,train,organ,organ_electronic_068,63,upper,50,data/raw/nsynth/extracted/nsynth-train/audio/organ_electronic_068-063-050.wav,5305
organ_electronic_107-063-050,train,organ,organ_electronic_107,63,upper,50,data/raw/nsynth/extracted/nsynth-train/audio/organ_electronic_107-063-050.wav,5305
organ_electronic_020-063-075,train,organ,organ_electronic_020,63,upper,75,data/raw/nsynth/extracted/nsynth-train/audio/organ_electronic_020-063-075.wav,5305
organ_electronic_037-063-075,train,organ,organ_electronic_037,63,upper,75,data/raw/nsynth/extracted/nsynth-train/audio/organ_electronic_037-063-075.wav,5305
organ_electronic_045-063-075,train,organ,organ_electronic_045,63,upper,75,data/raw/nsynth/extracted/nsynth-train/audio/organ_electronic_045-063-075.wav,5305
organ_electronic_091-063-075,train,organ,organ_electronic_091,63,upper,75,data/raw/nsynth/extracted/nsynth-train/audio/organ_electronic_091-063-075.wav,5305
organ_electronic_053-063-100,train,organ,organ_electronic_053,63,upper,100,data/raw/nsynth/extracted/nsynth-train/audio/organ_electronic_053-063-100.wav,5305
organ_acoustic_001-063-127,train,organ,organ_acoustic_001,63,upper,127,data/raw/nsynth/extracted/nsynth-train/audio/organ_acoustic_001-063-127.wav,5305
organ_electronic_000-063-127,train,organ,organ_electronic_000,63,upper,127,data/raw/nsynth/extracted/nsynth-train/audio/organ_electronic_000-063-127.wav,5305
organ_electronic_019-063-127,train,organ,organ_electronic_019,63,upper,127,data/raw/nsynth/extracted/nsynth-train/audio/organ_electronic_019-063-127.wav,5305
organ_electronic_049-063-127,train,organ,organ_electronic_049,63,upper,127,data/raw/nsynth/extracted/nsynth-train/audio/organ_electronic_049-063-127.wav,5305
organ_electronic_055-063-127,train,organ,organ_electronic_055,63,upper,127,data/raw/nsynth/extracted/nsynth-train/audio/organ_electronic_055-063-127.wav,5305
organ_electronic_110-063-127,train,organ,organ_electronic_110,63,upper,127,data/raw/nsynth/extracted/nsynth-train/audio/organ_electronic_110-063-127.wav,5305
organ_electronic_120-063-127,train,organ,organ_electronic_120,63,upper,127,data/raw/nsynth/extracted/nsynth-train/audio/organ_electronic_120-063-127.wav,5305
organ_electronic_043-064-025,train,organ,organ_electronic_043,64,upper,25,data/raw/nsynth/extracted/nsynth-train/audio/organ_electronic_043-064-025.wav,5305
organ_electronic_079-064-025,train,organ,organ_electronic_079,64,upper,25,data/raw/nsynth/extracted/nsynth-train/audio/organ_electronic_079-064-025.wav,5305
organ_electronic_089-064-025,train,organ,organ_electronic_089,64,upper,25,data/raw/nsynth/extracted/nsynth-train/audio/organ_electronic_089-064-025.wav,5305
organ_electronic_000-064-050,train,organ,organ_electronic_000,64,upper,50,data/raw/nsynth/extracted/nsynth-train/audio/organ_electronic_000-064-050.wav,5305
organ_electronic_011-064-050,train,organ,organ_electronic_011,64,upper,50,data/raw/nsynth/extracted/nsynth-train/audio/organ_electronic_011-064-050.wav,5305
organ_electronic_035-064-050,train,organ,organ_electronic_035,64,upper,50,data/raw/nsynth/extracted/nsynth-train/audio/organ_electronic_035-064-050.wav,5305
organ_electronic_063-064-050,train,organ,organ_electronic_063,64,upper,50,data/raw/nsynth/extracted/nsynth-train/audio/organ_electronic_063-064-050.wav,5305
organ_electronic_126-064-050,train,organ,organ_electronic_126,64,upper,50,data/raw/nsynth/extracted/nsynth-train/audio/organ_electronic_126-064-050.wav,5305
organ_electronic_044-064-075,train,organ,organ_electronic_044,64,upper,75,data/raw/nsynth/extracted/nsynth-train/audio/organ_electronic_044-064-075.wav,5305
organ_electronic_005-064-100,train,organ,organ_electronic_005,64,upper,100,data/raw/nsynth/extracted/nsynth-train/audio/organ_electronic_005-064-100.wav,5305
organ_electronic_008-064-100,train,organ,organ_electronic_008,64,upper,100,data/raw/nsynth/extracted/nsynth-train/audio/organ_electronic_008-064-100.wav,5305
organ_electronic_009-064-100,train,organ,organ_electronic_009,64,upper,100,data/raw/nsynth/extracted/nsynth-train/audio/organ_electronic_009-064-100.wav,5305
organ_electronic_013-064-100,train,organ,organ_electronic_013,64,upper,100,data/raw/nsynth/extracted/nsynth-train/audio/organ_electronic_013-064-100.wav,5305
organ_electronic_017-064-100,train,organ,organ_electronic_017,64,upper,100,data/raw/nsynth/extracted/nsynth-train/audio/organ_electronic_017-064-100.wav,5305
organ_electronic_050-064-100,train,organ,organ_electronic_050,64,upper,100,data/raw/nsynth/extracted/nsynth-train/audio/organ_electronic_050-064-100.wav,5305
organ_electronic_085-064-100,train,organ,organ_electronic_085,64,upper,100,data/raw/nsynth/extracted/nsynth-train/audio/organ_electronic_085-064-100.wav,5305
organ_electronic_095-064-100,train,organ,organ_electronic_095,64,upper,100,data/raw/nsynth/extracted/nsynth-train/audio/organ_electronic_095-064-100.wav,5305
organ_electronic_107-064-100,train,organ,organ_electronic_107,64,upper,100,data/raw/nsynth/extracted/nsynth-train/audio/organ_electronic_107-064-100.wav,5305
organ_electronic_008-064-127,train,organ,organ_electronic_008,64,upper,127,data/raw/nsynth/extracted/nsynth-train/audio/organ_electronic_008-064-127.wav,5305
organ_electronic_019-064-127,train,organ,organ_electronic_019,64,upper,127,data/raw/nsynth/extracted/nsynth-train/audio/organ_electronic_019-064-127.wav,5305
organ_electronic_021-064-127,train,organ,organ_electronic_021,64,upper,127,data/raw/nsynth/extracted/nsynth-train/audio/organ_electronic_021-064-127.wav,5305
organ_electronic_023-064-127,train,organ,organ_electronic_023,64,upper,127,data/raw/nsynth/extracted/nsynth-train/audio/organ_electronic_023-064-127.wav,5305
organ_electronic_060-064-127,train,organ,organ_electronic_060,64,upper,127,data/raw/nsynth/extracted/nsynth-train/audio/organ_electronic_060-064-127.wav,5305
organ_electronic_109-064-127,train,organ,organ_electronic_109,64,upper,127,data/raw/nsynth/extracted/nsynth-train/audio/organ_electronic_109-064-127.wav,5305
organ_electronic_118-064-127,train,organ,organ_electronic_118,64,upper,127,data/raw/nsynth/extracted/nsynth-train/audio/organ_electronic_118-064-127.wav,5305
organ_electronic_025-065-025,train,organ,organ_electronic_025,65,upper,25,data/raw/nsynth/extracted/nsynth-train/audio/organ_electronic_025-065-025.wav,5305
organ_electronic_069-065-025,train,organ,organ_electronic_069,65,upper,25,data/raw/nsynth/extracted/nsynth-train/audio/organ_electronic_069-065-025.wav,5305
organ_electronic_081-065-025,train,organ,organ_electronic_081,65,upper,25,data/raw/nsynth/extracted/nsynth-train/audio/organ_electronic_081-065-025.wav,5305
organ_electronic_100-065-025,train,organ,organ_electronic_100,65,upper,25,data/raw/nsynth/extracted/nsynth-train/audio/organ_electronic_100-065-025.wav,5305
organ_electronic_112-065-025,train,organ,organ_electronic_112,65,upper,25,data/raw/nsynth/extracted/nsynth-train/audio/organ_electronic_112-065-025.wav,5305
organ_electronic_023-065-050,train,organ,organ_electronic_023,65,upper,50,data/raw/nsynth/extracted/nsynth-train/audio/organ_electronic_023-065-050.wav,5305
organ_electronic_059-065-050,train,organ,organ_electronic_059,65,upper,50,data/raw/nsynth/extracted/nsynth-train/audio/organ_electronic_059-065-050.wav,5305
organ_electronic_063-065-050,train,organ,organ_electronic_063,65,upper,50,data/raw/nsynth/extracted/nsynth-train/audio/organ_electronic_063-065-050.wav,5305
organ_electronic_076-065-050,train,organ,organ_electronic_076,65,upper,50,data/raw/nsynth/extracted/nsynth-train/audio/organ_electronic_076-065-050.wav,5305
organ_electronic_095-065-050,train,organ,organ_electronic_095,65,upper,50,data/raw/nsynth/extracted/nsynth-train/audio/organ_electronic_095-065-050.wav,5305
organ_electronic_098-065-050,train,organ,organ_electronic_098,65,upper,50,data/raw/nsynth/extracted/nsynth-train/audio/organ_electronic_098-065-050.wav,5305
organ_electronic_003-065-075,train,organ,organ_electronic_003,65,upper,75,data/raw/nsynth/extracted/nsynth-train/audio/organ_electronic_003-065-075.wav,5305
organ_electronic_013-065-075,train,organ,organ_electronic_013,65,upper,75,data/raw/nsynth/extracted/nsynth-train/audio/organ_electronic_013-065-075.wav,5305
organ_electronic_067-065-075,train,organ,organ_electronic_067,65,upper,75,data/raw/nsynth/extracted/nsynth-train/audio/organ_electronic_067-065-075.wav,5305
organ_electronic_068-065-075,train,organ,organ_electronic_068,65,upper,75,data/raw/nsynth/extracted/nsynth-train/audio/organ_electronic_068-065-075.wav,5305
organ_electronic_011-065-100,train,organ,organ_electronic_011,65,upper,100,data/raw/nsynth/extracted/nsynth-train/audio/organ_electronic_011-065-100.wav,5305
organ_electronic_076-065-100,train,organ,organ_electronic_076,65,upper,100,data/raw/nsynth/extracted/nsynth-train/audio/organ_electronic_076-065-100.wav,5305
organ_electronic_103-065-100,train,organ,organ_electronic_103,65,upper,100,data/raw/nsynth/extracted/nsynth-train/audio/organ_electronic_103-065-100.wav,5305
organ_electronic_117-065-100,train,organ,organ_electronic_117,65,upper,100,data/raw/nsynth/extracted/nsynth-train/audio/organ_electronic_117-065-100.wav,5305
organ_electronic_025-065-127,train,organ,organ_electronic_025,65,upper,127,data/raw/nsynth/extracted/nsynth-train/audio/organ_electronic_025-065-127.wav,5305
organ_electronic_061-065-127,train,organ,organ_electronic_061,65,upper,127,data/raw/nsynth/extracted/nsynth-train/audio/organ_electronic_061-065-127.wav,5305
organ_electronic_066-065-127,train,organ,organ_electronic_066,65,upper,127,data/raw/nsynth/extracted/nsynth-train/audio/organ_electronic_066-065-127.wav,5305
organ_electronic_089-065-127,train,organ,organ_electronic_089,65,upper,127,data/raw/nsynth/extracted/nsynth-train/audio/organ_electronic_089-065-127.wav,5305
organ_electronic_106-065-127,train,organ,organ_electronic_106,65,upper,127,data/raw/nsynth/extracted/nsynth-train/audio/organ_electronic_106-065-127.wav,5305
organ_electronic_112-065-127,train,organ,organ_electronic_112,65,upper,127,data/raw/nsynth/extracted/nsynth-train/audio/organ_electronic_112-065-127.wav,5305
organ_electronic_123-065-127,train,organ,organ_electronic_123,65,upper,127,data/raw/nsynth/extracted/nsynth-train/audio/organ_electronic_123-065-127.wav,5305
organ_electronic_071-066-025,train,organ,organ_electronic_071,66,upper,25,data/raw/nsynth/extracted/nsynth-train/audio/organ_electronic_071-066-025.wav,5305
organ_electronic_085-066-025,train,organ,organ_electronic_085,66,upper,25,data/raw/nsynth/extracted/nsynth-train/audio/organ_electronic_085-066-025.wav,5305
organ_electronic_015-066-050,train,organ,organ_electronic_015,66,upper,50,data/raw/nsynth/extracted/nsynth-train/audio/organ_electronic_015-066-050.wav,5305
organ_electronic_056-066-050,train,organ,organ_electronic_056,66,upper,50,data/raw/nsynth/extracted/nsynth-train/audio/organ_electronic_056-066-050.wav,5305
organ_electronic_114-066-050,train,organ,organ_electronic_114,66,upper,50,data/raw/nsynth/extracted/nsynth-train/audio/organ_electronic_114-066-050.wav,5305
organ_electronic_018-066-075,train,organ,organ_electronic_018,66,upper,75,data/raw/nsynth/extracted/nsynth-train/audio/organ_electronic_018-066-075.wav,5305
organ_electronic_026-066-075,train,organ,organ_electronic_026,66,upper,75,data/raw/nsynth/extracted/nsynth-train/audio/organ_electronic_026-066-075.wav,5305
organ_electronic_034-066-075,train,organ,organ_electronic_034,66,upper,75,data/raw/nsynth/extracted/nsynth-train/audio/organ_electronic_034-066-075.wav,5305
organ_electronic_076-066-075,train,organ,organ_electronic_076,66,upper,75,data/raw/nsynth/extracted/nsynth-train/audio/organ_electronic_076-066-075.wav,5305
organ_electronic_090-066-075,train,organ,organ_electronic_090,66,upper,75,data/raw/nsynth/extracted/nsynth-train/audio/organ_electronic_090-066-075.wav,5305
organ_electronic_099-066-075,train,organ,organ_electronic_099,66,upper,75,data/raw/nsynth/extracted/nsynth-train/audio/organ_electronic_099-066-075.wav,5305
organ_electronic_020-066-100,train,organ,organ_electronic_020,66,upper,100,data/raw/nsynth/extracted/nsynth-train/audio/organ_electronic_020-066-100.wav,5305
organ_electronic_030-066-100,train,organ,organ_electronic_030,66,upper,100,data/raw/nsynth/extracted/nsynth-train/audio/organ_electronic_030-066-100.wav,5305
organ_electronic_043-066-100,train,organ,organ_electronic_043,66,upper,100,data/raw/nsynth/extracted/nsynth-train/audio/organ_electronic_043-066-100.wav,5305
organ_electronic_051-066-100,train,organ,organ_electronic_051,66,upper,100,data/raw/nsynth/extracted/nsynth-train/audio/organ_electronic_051-066-100.wav,5305
organ_electronic_100-066-100,train,organ,organ_electronic_100,66,upper,100,data/raw/nsynth/extracted/nsynth-train/audio/organ_electronic_100-066-100.wav,5305
organ_electronic_112-066-100,train,organ,organ_electronic_112,66,upper,100,data/raw/nsynth/extracted/nsynth-train/audio/organ_electronic_112-066-100.wav,5305
organ_electronic_010-066-127,train,organ,organ_electronic_010,66,upper,127,data/raw/nsynth/extracted/nsynth-train/audio/organ_electronic_010-066-127.wav,5305
organ_electronic_011-066-127,train,organ,organ_electronic_011,66,upper,127,data/raw/nsynth/extracted/nsynth-train/audio/organ_electronic_011-066-127.wav,5305
organ_electronic_021-066-127,train,organ,organ_electronic_021,66,upper,127,data/raw/nsynth/extracted/nsynth-train/audio/organ_electronic_021-066-127.wav,5305
organ_electronic_031-066-127,train,organ,organ_electronic_031,66,upper,127,data/raw/nsynth/extracted/nsynth-train/audio/organ_electronic_031-066-127.wav,5305
organ_electronic_117-066-127,train,organ,organ_electronic_117,66,upper,127,data/raw/nsynth/extracted/nsynth-train/audio/organ_electronic_117-066-127.wav,5305
organ_electronic_003-067-025,train,organ,organ_electronic_003,67,upper,25,data/raw/nsynth/extracted/nsynth-train/audio/organ_electronic_003-067-025.wav,5305
organ_electronic_004-067-025,train,organ,organ_electronic_004,67,upper,25,data/raw/nsynth/extracted/nsynth-train/audio/organ_electronic_004-067-025.wav,5305
organ_electronic_035-067-025,train,organ,organ_electronic_035,67,upper,25,data/raw/nsynth/extracted/nsynth-train/audio/organ_electronic_035-067-025.wav,5305
organ_electronic_040-067-025,train,organ,organ_electronic_040,67,upper,25,data/raw/nsynth/extracted/nsynth-train/audio/organ_electronic_040-067-025.wav,5305
organ_electronic_050-067-025,train,organ,organ_electronic_050,67,upper,25,data/raw/nsynth/extracted/nsynth-train/audio/organ_electronic_050-067-025.wav,5305
organ_electronic_095-067-025,train,organ,organ_electronic_095,67,upper,25,data/raw/nsynth/extracted/nsynth-train/audio/organ_electronic_095-067-025.wav,5305
organ_electronic_002-067-050,train,organ,organ_electronic_002,67,upper,50,data/raw/nsynth/extracted/nsynth-train/audio/organ_electronic_002-067-050.wav,5305
organ_electronic_037-067-050,train,organ,organ_electronic_037,67,upper,50,data/raw/nsynth/extracted/nsynth-train/audio/organ_electronic_037-067-050.wav,5305
organ_electronic_087-067-050,train,organ,organ_electronic_087,67,upper,50,data/raw/nsynth/extracted/nsynth-train/audio/organ_electronic_087-067-050.wav,5305
organ_electronic_093-067-050,train,organ,organ_electronic_093,67,upper,50,data/raw/nsynth/extracted/nsynth-train/audio/organ_electronic_093-067-050.wav,5305
organ_electronic_017-067-075,train,organ,organ_electronic_017,67,upper,75,data/raw/nsynth/extracted/nsynth-train/audio/organ_electronic_017-067-075.wav,5305
organ_electronic_032-067-075,train,organ,organ_electronic_032,67,upper,75,data/raw/nsynth/extracted/nsynth-train/audio/organ_electronic_032-067-075.wav,5305
organ_electronic_091-067-075,train,organ,organ_electronic_091,67,upper,75,data/raw/nsynth/extracted/nsynth-train/audio/organ_electronic_091-067-075.wav,5305
organ_electronic_095-067-075,train,organ,organ_electronic_095,67,upper,75,data/raw/nsynth/extracted/nsynth-train/audio/organ_electronic_095-067-075.wav,5305
organ_electronic_100-067-075,train,organ,organ_electronic_100,67,upper,75,data/raw/nsynth/extracted/nsynth-train/audio/organ_electronic_100-067-075.wav,5305
organ_electronic_014-067-100,train,organ,organ_electronic_014,67,upper,100,data/raw/nsynth/extracted/nsynth-train/audio/organ_electronic_014-067-100.wav,5305
organ_electronic_074-067-100,train,organ,organ_electronic_074,67,upper,100,data/raw/nsynth/extracted/nsynth-train/audio/organ_electronic_074-067-100.wav,5305
organ_electronic_101-067-100,train,organ,organ_electronic_101,67,upper,100,data/raw/nsynth/extracted/nsynth-train/audio/organ_electronic_101-067-100.wav,5305
organ_electronic_109-067-100,train,organ,organ_electronic_109,67,upper,100,data/raw/nsynth/extracted/nsynth-train/audio/organ_electronic_109-067-100.wav,5305
organ_electronic_080-067-127,train,organ,organ_electronic_080,67,upper,127,data/raw/nsynth/extracted/nsynth-train/audio/organ_electronic_080-067-127.wav,5305
organ_electronic_020-068-025,train,organ,organ_electronic_020,68,upper,25,data/raw/nsynth/extracted/nsynth-train/audio/organ_electronic_020-068-025.wav,5305
organ_electronic_036-068-025,train,organ,organ_electronic_036,68,upper,25,data/raw/nsynth/extracted/nsynth-train/audio/organ_electronic_036-068-025.wav,5305
organ_electronic_112-068-025,train,organ,organ_electronic_112,68,upper,25,data/raw/nsynth/extracted/nsynth-train/audio/organ_electronic_112-068-025.wav,5305
organ_electronic_000-068-050,train,organ,organ_electronic_000,68,upper,50,data/raw/nsynth/extracted/nsynth-train/audio/organ_electronic_000-068-050.wav,5305
organ_electronic_015-068-050,train,organ,organ_electronic_015,68,upper,50,data/raw/nsynth/extracted/nsynth-train/audio/organ_electronic_015-068-050.wav,5305
organ_electronic_017-068-050,train,organ,organ_electronic_017,68,upper,50,data/raw/nsynth/extracted/nsynth-train/audio/organ_electronic_017-068-050.wav,5305
organ_electronic_036-068-050,train,organ,organ_electronic_036,68,upper,50,data/raw/nsynth/extracted/nsynth-train/audio/organ_electronic_036-068-050.wav,5305
organ_electronic_054-068-050,train,organ,organ_electronic_054,68,upper,50,data/raw/nsynth/extracted/nsynth-train/audio/organ_electronic_054-068-050.wav,5305
organ_electronic_060-068-050,train,organ,organ_electronic_060,68,upper,50,data/raw/nsynth/extracted/nsynth-train/audio/organ_electronic_060-068-050.wav,5305
organ_electronic_085-068-050,train,organ,organ_electronic_085,68,upper,50,data/raw/nsynth/extracted/nsynth-train/audio/organ_electronic_085-068-050.wav,5305
organ_electronic_117-068-050,train,organ,organ_electronic_117,68,upper,50,data/raw/nsynth/extracted/nsynth-train/audio/organ_electronic_117-068-050.wav,5305
organ_electronic_000-068-075,train,organ,organ_electronic_000,68,upper,75,data/raw/nsynth/extracted/nsynth-train/audio/organ_electronic_000-068-075.wav,5305
organ_electronic_047-068-075,train,organ,organ_electronic_047,68,upper,75,data/raw/nsynth/extracted/nsynth-train/audio/organ_electronic_047-068-075.wav,5305
organ_electronic_126-068-075,train,organ,organ_electronic_126,68,upper,75,data/raw/nsynth/extracted/nsynth-train/audio/organ_electronic_126-068-075.wav,5305
organ_electronic_066-068-100,train,organ,organ_electronic_066,68,upper,100,data/raw/nsynth/extracted/nsynth-train/audio/organ_electronic_066-068-100.wav,5305
organ_electronic_068-068-100,train,organ,organ_electronic_068,68,upper,100,data/raw/nsynth/extracted/nsynth-train/audio/organ_electronic_068-068-100.wav,5305
organ_electronic_085-068-100,train,organ,organ_electronic_085,68,upper,100,data/raw/nsynth/extracted/nsynth-train/audio/organ_electronic_085-068-100.wav,5305
organ_electronic_088-068-100,train,organ,organ_electronic_088,68,upper,100,data/raw/nsynth/extracted/nsynth-train/audio/organ_electronic_088-068-100.wav,5305
organ_electronic_101-068-100,train,organ,organ_electronic_101,68,upper,100,data/raw/nsynth/extracted/nsynth-train/audio/organ_electronic_101-068-100.wav,5305
organ_electronic_018-068-127,train,organ,organ_electronic_018,68,upper,127,data/raw/nsynth/extracted/nsynth-train/audio/organ_electronic_018-068-127.wav,5305
organ_electronic_054-068-127,train,organ,organ_electronic_054,68,upper,127,data/raw/nsynth/extracted/nsynth-train/audio/organ_electronic_054-068-127.wav,5305
organ_electronic_061-068-127,train,organ,organ_electronic_061,68,upper,127,data/raw/nsynth/extracted/nsynth-train/audio/organ_electronic_061-068-127.wav,5305
organ_electronic_074-068-127,train,organ,organ_electronic_074,68,upper,127,data/raw/nsynth/extracted/nsynth-train/audio/organ_electronic_074-068-127.wav,5305
organ_electronic_129-068-127,train,organ,organ_electronic_129,68,upper,127,data/raw/nsynth/extracted/nsynth-train/audio/organ_electronic_129-068-127.wav,5305
organ_electronic_005-069-025,train,organ,organ_electronic_005,69,upper,25,data/raw/nsynth/extracted/nsynth-train/audio/organ_electronic_005-069-025.wav,5305
organ_electronic_009-069-025,train,organ,organ_electronic_009,69,upper,25,data/raw/nsynth/extracted/nsynth-train/audio/organ_electronic_009-069-025.wav,5305
organ_electronic_032-069-025,train,organ,organ_electronic_032,69,upper,25,data/raw/nsynth/extracted/nsynth-train/audio/organ_electronic_032-069-025.wav,5305
organ_electronic_043-069-025,train,organ,organ_electronic_043,69,upper,25,data/raw/nsynth/extracted/nsynth-train/audio/organ_electronic_043-069-025.wav,5305
organ_electronic_046-069-025,train,organ,organ_electronic_046,69,upper,25,data/raw/nsynth/extracted/nsynth-train/audio/organ_electronic_046-069-025.wav,5305
organ_electronic_066-069-025,train,organ,organ_electronic_066,69,upper,25,data/raw/nsynth/extracted/nsynth-train/audio/organ_electronic_066-069-025.wav,5305
organ_electronic_074-069-025,train,organ,organ_electronic_074,69,upper,25,data/raw/nsynth/extracted/nsynth-train/audio/organ_electronic_074-069-025.wav,5305
organ_electronic_035-069-050,train,organ,organ_electronic_035,69,upper,50,data/raw/nsynth/extracted/nsynth-train/audio/organ_electronic_035-069-050.wav,5305
organ_electronic_050-069-050,train,organ,organ_electronic_050,69,upper,50,data/raw/nsynth/extracted/nsynth-train/audio/organ_electronic_050-069-050.wav,5305
organ_electronic_066-069-050,train,organ,organ_electronic_066,69,upper,50,data/raw/nsynth/extracted/nsynth-train/audio/organ_electronic_066-069-050.wav,5305
organ_electronic_076-069-050,train,organ,organ_electronic_076,69,upper,50,data/raw/nsynth/extracted/nsynth-train/audio/organ_electronic_076-069-050.wav,5305
organ_electronic_002-069-075,train,organ,organ_electronic_002,69,upper,75,data/raw/nsynth/extracted/nsynth-train/audio/organ_electronic_002-069-075.wav,5305
organ_electronic_023-069-075,train,organ,organ_electronic_023,69,upper,75,data/raw/nsynth/extracted/nsynth-train/audio/organ_electronic_023-069-075.wav,5305
organ_electronic_053-069-075,train,organ,organ_electronic_053,69,upper,75,data/raw/nsynth/extracted/nsynth-train/audio/organ_electronic_053-069-075.wav,5305
organ_electronic_054-069-075,train,organ,organ_electronic_054,69,upper,75,data/raw/nsynth/extracted/nsynth-train/audio/organ_electronic_054-069-075.wav,5305
organ_electronic_068-069-075,train,organ,organ_electronic_068,69,upper,75,data/raw/nsynth/extracted/nsynth-train/audio/organ_electronic_068-069-075.wav,5305
organ_electronic_096-069-075,train,organ,organ_electronic_096,69,upper,75,data/raw/nsynth/extracted/nsynth-train/audio/organ_electronic_096-069-075.wav,5305
organ_electronic_097-069-075,train,organ,organ_electronic_097,69,upper,75,data/raw/nsynth/extracted/nsynth-train/audio/organ_electronic_097-069-075.wav,5305
organ_electronic_046-069-100,train,organ,organ_electronic_046,69,upper,100,data/raw/nsynth/extracted/nsynth-train/audio/organ_electronic_046-069-100.wav,5305
organ_electronic_047-069-100,train,organ,organ_electronic_047,69,upper,100,data/raw/nsynth/extracted/nsynth-train/audio/organ_electronic_047-069-100.wav,5305
organ_electronic_061-069-100,train,organ,organ_electronic_061,69,upper,100,data/raw/nsynth/extracted/nsynth-train/audio/organ_electronic_061-069-100.wav,5305
organ_electronic_075-069-100,train,organ,organ_electronic_075,69,upper,100,data/raw/nsynth/extracted/nsynth-train/audio/organ_electronic_075-069-100.wav,5305
organ_electronic_099-069-100,train,organ,organ_electronic_099,69,upper,100,data/raw/nsynth/extracted/nsynth-train/audio/organ_electronic_099-069-100.wav,5305
organ_electronic_005-069-127,train,organ,organ_electronic_005,69,upper,127,data/raw/nsynth/extracted/nsynth-train/audio/organ_electronic_005-069-127.wav,5305
organ_electronic_015-069-127,train,organ,organ_electronic_015,69,upper,127,data/raw/nsynth/extracted/nsynth-train/audio/organ_electronic_015-069-127.wav,5305
string_acoustic_033-043-025,train,string,string_acoustic_033,43,lower,25,data/raw/nsynth/extracted/nsynth-train/audio/string_acoustic_033-043-025.wav,5305
string_acoustic_048-043-025,train,string,string_acoustic_048,43,lower,25,data/raw/nsynth/extracted/nsynth-train/audio/string_acoustic_048-043-025.wav,5305
string_acoustic_062-043-025,train,string,string_acoustic_062,43,lower,25,data/raw/nsynth/extracted/nsynth-train/audio/string_acoustic_062-043-025.wav,5305
string_acoustic_077-043-025,train,string,string_acoustic_077,43,lower,25,data/raw/nsynth/extracted/nsynth-train/audio/string_acoustic_077-043-025.wav,5305
string_acoustic_033-043-050,train,string,string_acoustic_033,43,lower,50,data/raw/nsynth/extracted/nsynth-train/audio/string_acoustic_033-043-050.wav,5305
string_acoustic_077-043-050,train,string,string_acoustic_077,43,lower,50,data/raw/nsynth/extracted/nsynth-train/audio/string_acoustic_077-043-050.wav,5305
string_acoustic_028-043-075,train,string,string_acoustic_028,43,lower,75,data/raw/nsynth/extracted/nsynth-train/audio/string_acoustic_028-043-075.wav,5305
string_acoustic_053-043-075,train,string,string_acoustic_053,43,lower,75,data/raw/nsynth/extracted/nsynth-train/audio/string_acoustic_053-043-075.wav,5305
string_acoustic_062-043-075,train,string,string_acoustic_062,43,lower,75,data/raw/nsynth/extracted/nsynth-train/audio/string_acoustic_062-043-075.wav,5305
string_acoustic_002-043-100,train,string,string_acoustic_002,43,lower,100,data/raw/nsynth/extracted/nsynth-train/audio/string_acoustic_002-043-100.wav,5305
string_acoustic_028-043-100,train,string,string_acoustic_028,43,lower,100,data/raw/nsynth/extracted/nsynth-train/audio/string_acoustic_028-043-100.wav,5305
string_acoustic_037-043-100,train,string,string_acoustic_037,43,lower,100,data/raw/nsynth/extracted/nsynth-train/audio/string_acoustic_037-043-100.wav,5305
string_acoustic_079-043-100,train,string,string_acoustic_079,43,lower,100,data/raw/nsynth/extracted/nsynth-train/audio/string_acoustic_079-043-100.wav,5305
string_acoustic_005-043-127,train,string,string_acoustic_005,43,lower,127,data/raw/nsynth/extracted/nsynth-train/audio/string_acoustic_005-043-127.wav,5305
string_acoustic_022-043-127,train,string,string_acoustic_022,43,lower,127,data/raw/nsynth/extracted/nsynth-train/audio/string_acoustic_022-043-127.wav,5305
string_acoustic_042-043-127,train,string,string_acoustic_042,43,lower,127,data/raw/nsynth/extracted/nsynth-train/audio/string_acoustic_042-043-127.wav,5305
string_acoustic_051-043-127,train,string,string_acoustic_051,43,lower,127,data/raw/nsynth/extracted/nsynth-train/audio/string_acoustic_051-043-127.wav,5305
string_acoustic_052-043-127,train,string,string_acoustic_052,43,lower,127,data/raw/nsynth/extracted/nsynth-train/audio/string_acoustic_052-043-127.wav,5305
string_acoustic_060-043-127,train,string,string_acoustic_060,43,lower,127,data/raw/nsynth/extracted/nsynth-train/audio/string_acoustic_060-043-127.wav,5305
string_acoustic_007-044-025,train,string,string_acoustic_007,44,lower,25,data/raw/nsynth/extracted/nsynth-train/audio/string_acoustic_007-044-025.wav,5305
string_acoustic_016-044-025,train,string,string_acoustic_016,44,lower,25,data/raw/nsynth/extracted/nsynth-train/audio/string_acoustic_016-044-025.wav,5305
string_acoustic_044-044-025,train,string,string_acoustic_044,44,lower,25,data/raw/nsynth/extracted/nsynth-train/audio/string_acoustic_044-044-025.wav,5305
string_acoustic_063-044-025,train,string,string_acoustic_063,44,lower,25,data/raw/nsynth/extracted/nsynth-train/audio/string_acoustic_063-044-025.wav,5305
string_acoustic_018-044-050,train,string,string_acoustic_018,44,lower,50,data/raw/nsynth/extracted/nsynth-train/audio/string_acoustic_018-044-050.wav,5305
string_acoustic_037-044-050,train,string,string_acoustic_037,44,lower,50,data/raw/nsynth/extracted/nsynth-train/audio/string_acoustic_037-044-050.wav,5305
string_acoustic_048-044-050,train,string,string_acoustic_048,44,lower,50,data/raw/nsynth/extracted/nsynth-train/audio/string_acoustic_048-044-050.wav,5305
string_acoustic_052-044-050,train,string,string_acoustic_052,44,lower,50,data/raw/nsynth/extracted/nsynth-train/audio/string_acoustic_052-044-050.wav,5305
string_acoustic_061-044-050,train,string,string_acoustic_061,44,lower,50,data/raw/nsynth/extracted/nsynth-train/audio/string_acoustic_061-044-050.wav,5305
string_acoustic_081-044-075,train,string,string_acoustic_081,44,lower,75,data/raw/nsynth/extracted/nsynth-train/audio/string_acoustic_081-044-075.wav,5305
string_acoustic_079-044-100,train,string,string_acoustic_079,44,lower,100,data/raw/nsynth/extracted/nsynth-train/audio/string_acoustic_079-044-100.wav,5305
string_acoustic_017-044-127,train,string,string_acoustic_017,44,lower,127,data/raw/nsynth/extracted/nsynth-train/audio/string_acoustic_017-044-127.wav,5305
string_acoustic_019-044-127,train,string,string_acoustic_019,44,lower,127,data/raw/nsynth/extracted/nsynth-train/audio/string_acoustic_019-044-127.wav,5305
string_acoustic_048-044-127,train,string,string_acoustic_048,44,lower,127,data/raw/nsynth/extracted/nsynth-train/audio/string_acoustic_048-044-127.wav,5305
string_acoustic_019-045-025,train,string,string_acoustic_019,45,lower,25,data/raw/nsynth/extracted/nsynth-train/audio/string_acoustic_019-045-025.wav,5305
string_acoustic_037-045-025,train,string,string_acoustic_037,45,lower,25,data/raw/nsynth/extracted/nsynth-train/audio/string_acoustic_037-045-025.wav,5305
string_acoustic_038-045-025,train,string,string_acoustic_038,45,lower,25,data/raw/nsynth/extracted/nsynth-train/audio/string_acoustic_038-045-025.wav,5305
string_acoustic_063-045-025,train,string,string_acoustic_063,45,lower,25,data/raw/nsynth/extracted/nsynth-train/audio/string_acoustic_063-045-025.wav,5305
string_acoustic_015-045-050,train,string,string_acoustic_015,45,lower,50,data/raw/nsynth/extracted/nsynth-train/audio/string_acoustic_015-045-050.wav,5305
string_acoustic_022-045-050,train,string,string_acoustic_022,45,lower,50,data/raw/nsynth/extracted/nsynth-train/audio/string_acoustic_022-045-050.wav,5305
string_acoustic_044-045-050,train,string,string_acoustic_044,45,lower,50,data/raw/nsynth/extracted/nsynth-train/audio/string_acoustic_044-045-050.wav,5305
string_acoustic_077-045-050,train,string,string_acoustic_077,45,lower,50,data/raw/nsynth/extracted/nsynth-train/audio/string_acoustic_077-045-050.wav,5305
string_acoustic_082-045-050,train,string,string_acoustic_082,45,lower,50,data/raw/nsynth/extracted/nsynth-train/audio/string_acoustic_082-045-050.wav,5305
string_acoustic_016-045-075,train,string,string_acoustic_016,45,lower,75,data/raw/nsynth/extracted/nsynth-train/audio/string_acoustic_016-045-075.wav,5305
string_acoustic_060-045-075,train,string,string_acoustic_060,45,lower,75,data/raw/nsynth/extracted/nsynth-train/audio/string_acoustic_060-045-075.wav,5305
string_acoustic_081-045-075,train,string,string_acoustic_081,45,lower,75,data/raw/nsynth/extracted/nsynth-train/audio/string_acoustic_081-045-075.wav,5305
string_acoustic_029-045-100,train,string,string_acoustic_029,45,lower,100,data/raw/nsynth/extracted/nsynth-train/audio/string_acoustic_029-045-100.wav,5305
string_acoustic_038-045-100,train,string,string_acoustic_038,45,lower,100,data/raw/nsynth/extracted/nsynth-train/audio/string_acoustic_038-045-100.wav,5305
string_acoustic_017-045-127,train,string,string_acoustic_017,45,lower,127,data/raw/nsynth/extracted/nsynth-train/audio/string_acoustic_017-045-127.wav,5305
string_acoustic_019-045-127,train,string,string_acoustic_019,45,lower,127,data/raw/nsynth/extracted/nsynth-train/audio/string_acoustic_019-045-127.wav,5305
string_acoustic_000-046-025,train,string,string_acoustic_000,46,lower,25,data/raw/nsynth/extracted/nsynth-train/audio/string_acoustic_000-046-025.wav,5305
string_acoustic_018-046-025,train,string,string_acoustic_018,46,lower,25,data/raw/nsynth/extracted/nsynth-train/audio/string_acoustic_018-046-025.wav,5305
string_acoustic_027-046-025,train,string,string_acoustic_027,46,lower,25,data/raw/nsynth/extracted/nsynth-train/audio/string_acoustic_027-046-025.wav,5305
string_acoustic_028-046-050,train,string,string_acoustic_028,46,lower,50,data/raw/nsynth/extracted/nsynth-train/audio/string_acoustic_028-046-050.wav,5305
string_acoustic_029-046-050,train,string,string_acoustic_029,46,lower,50,data/raw/nsynth/extracted/nsynth-train/audio/string_acoustic_029-046-050.wav,5305
string_acoustic_064-046-050,train,string,string_acoustic_064,46,lower,50,data/raw/nsynth/extracted/nsynth-train/audio/string_acoustic_064-046-050.wav,5305
string_acoustic_008-046-075,train,string,string_acoustic_008,46,lower,75,data/raw/nsynth/extracted/nsynth-train/audio/string_acoustic_008-046-075.wav,5305
string_acoustic_011-046-075,train,string,string_acoustic_011,46,lower,75,data/raw/nsynth/extracted/nsynth-train/audio/string_acoustic_011-046-075.wav,5305
string_acoustic_033-046-075,train,string,string_acoustic_033,46,lower,75,data/raw/nsynth/extracted/nsynth-train/audio/string_acoustic_033-046-075.wav,5305
string_acoustic_037-046-075,train,string,string_acoustic_037,46,lower,75,data/raw/nsynth/extracted/nsynth-train/audio/string_acoustic_037-046-075.wav,5305
string_acoustic_052-046-075,train,string,string_acoustic_052,46,lower,75,data/raw/nsynth/extracted/nsynth-train/audio/string_acoustic_052-046-075.wav,5305
string_acoustic_081-046-075,train,string,string_acoustic_081,46,lower,75,data/raw/nsynth/extracted/nsynth-train/audio/string_acoustic_081-046-075.wav,5305
string_acoustic_048-046-100,train,string,string_acoustic_048,46,lower,100,data/raw/nsynth/extracted/nsynth-train/audio/string_acoustic_048-046-100.wav,5305
string_acoustic_063-046-100,train,string,string_acoustic_063,46,lower,100,data/raw/nsynth/extracted/nsynth-train/audio/string_acoustic_063-046-100.wav,5305
string_acoustic_079-046-100,train,string,string_acoustic_079,46,lower,100,data/raw/nsynth/extracted/nsynth-train/audio/string_acoustic_079-046-100.wav,5305
string_acoustic_007-046-127,train,string,string_acoustic_007,46,lower,127,data/raw/nsynth/extracted/nsynth-train/audio/string_acoustic_007-046-127.wav,5305
string_acoustic_017-046-127,train,string,string_acoustic_017,46,lower,127,data/raw/nsynth/extracted/nsynth-train/audio/string_acoustic_017-046-127.wav,5305
string_acoustic_079-046-127,train,string,string_acoustic_079,46,lower,127,data/raw/nsynth/extracted/nsynth-train/audio/string_acoustic_079-046-127.wav,5305
string_acoustic_024-047-025,train,string,string_acoustic_024,47,lower,25,data/raw/nsynth/extracted/nsynth-train/audio/string_acoustic_024-047-025.wav,5305
string_acoustic_029-047-025,train,string,string_acoustic_029,47,lower,25,data/raw/nsynth/extracted/nsynth-train/audio/string_acoustic_029-047-025.wav,5305
string_acoustic_073-047-025,train,string,string_acoustic_073,47,lower,25,data/raw/nsynth/extracted/nsynth-train/audio/string_acoustic_073-047-025.wav,5305
string_acoustic_081-047-025,train,string,string_acoustic_081,47,lower,25,data/raw/nsynth/extracted/nsynth-train/audio/string_acoustic_081-047-025.wav,5305
string_acoustic_000-047-050,train,string,string_acoustic_000,47,lower,50,data/raw/nsynth/extracted/nsynth-train/audio/string_acoustic_000-047-050.wav,5305
string_acoustic_021-047-050,train,string,string_acoustic_021,47,lower,50,data/raw/nsynth/extracted/nsynth-train/audio/string_acoustic_021-047-050.wav,5305
string_acoustic_061-047-050,train,string,string_acoustic_061,47,lower,50,data/raw/nsynth/extracted/nsynth-train/audio/string_acoustic_061-047-050.wav,5305
string_acoustic_077-047-050,train,string,string_acoustic_077,47,lower,50,data/raw/nsynth/extracted/nsynth-train/audio/string_acoustic_077-047-050.wav,5305
string_acoustic_079-047-050,train,string,string_acoustic_079,47,lower,50,data/raw/nsynth/extracted/nsynth-train/audio/string_acoustic_079-047-050.wav,5305
string_acoustic_022-047-075,train,string,string_acoustic_022,47,lower,75,data/raw/nsynth/extracted/nsynth-train/audio/string_acoustic_022-047-075.wav,5305
string_acoustic_044-047-075,train,string,string_acoustic_044,47,lower,75,data/raw/nsynth/extracted/nsynth-train/audio/string_acoustic_044-047-075.wav,5305
string_acoustic_062-047-075,train,string,string_acoustic_062,47,lower,75,data/raw/nsynth/extracted/nsynth-train/audio/string_acoustic_062-047-075.wav,5305
string_acoustic_081-047-075,train,string,string_acoustic_081,47,lower,75,data/raw/nsynth/extracted/nsynth-train/audio/string_acoustic_081-047-075.wav,5305
string_acoustic_089-047-075,train,string,string_acoustic_089,47,lower,75,data/raw/nsynth/extracted/nsynth-train/audio/string_acoustic_089-047-075.wav,5305
string_acoustic_024-047-100,train,string,string_acoustic_024,47,lower,100,data/raw/nsynth/extracted/nsynth-train/audio/string_acoustic_024-047-100.wav,5305
string_acoustic_063-047-100,train,string,string_acoustic_063,47,lower,100,data/raw/nsynth/extracted/nsynth-train/audio/string_acoustic_063-047-100.wav,5305
string_acoustic_024-047-127,train,string,string_acoustic_024,47,lower,127,data/raw/nsynth/extracted/nsynth-train/audio/string_acoustic_024-047-127.wav,5305
string_acoustic_043-047-127,train,string,string_acoustic_043,47,lower,127,data/raw/nsynth/extracted/nsynth-train/audio/string_acoustic_043-047-127.wav,5305
string_acoustic_011-048-025,train,string,string_acoustic_011,48,lower,25,data/raw/nsynth/extracted/nsynth-train/audio/string_acoustic_011-048-025.wav,5305
string_acoustic_027-048-025,train,string,string_acoustic_027,48,lower,25,data/raw/nsynth/extracted/nsynth-train/audio/string_acoustic_027-048-025.wav,5305
string_acoustic_037-048-025,train,string,string_acoustic_037,48,lower,25,data/raw/nsynth/extracted/nsynth-train/audio/string_acoustic_037-048-025.wav,5305
string_acoustic_048-048-025,train,string,string_acoustic_048,48,lower,25,data/raw/nsynth/extracted/nsynth-train/audio/string_acoustic_048-048-025.wav,5305
string_acoustic_052-048-025,train,string,string_acoustic_052,48,lower,25,data/raw/nsynth/extracted/nsynth-train/audio/string_acoustic_052-048-025.wav,5305
string_acoustic_063-048-025,train,string,string_acoustic_063,48,lower,25,data/raw/nsynth/extracted/nsynth-train/audio/string_acoustic_063-048-025.wav,5305
string_acoustic_007-048-050,train,string,string_acoustic_007,48,lower,50,data/raw/nsynth/extracted/nsynth-train/audio/string_acoustic_007-048-050.wav,5305
string_acoustic_068-048-050,train,string,string_acoustic_068,48,lower,50,data/raw/nsynth/extracted/nsynth-train/audio/string_acoustic_068-048-050.wav,5305
string_acoustic_073-048-050,train,string,string_acoustic_073,48,lower,50,data/raw/nsynth/extracted/nsynth-train/audio/string_acoustic_073-048-050.wav,5305
string_acoustic_084-048-050,train,string,string_acoustic_084,48,lower,50,data/raw/nsynth/extracted/nsynth-train/audio/string_acoustic_084-048-050.wav,5305
string_acoustic_005-048-075,train,string,string_acoustic_005,48,lower,75,data/raw/nsynth/extracted/nsynth-train/audio/string_acoustic_005-048-075.wav,5305
string_acoustic_016-048-075,train,string,string_acoustic_016,48,lower,75,data/raw/nsynth/extracted/nsynth-train/audio/string_acoustic_016-048-075.wav,5305
string_acoustic_031-048-075,train,string,string_acoustic_031,48,lower,75,data/raw/nsynth/extracted/nsynth-train/audio/string_acoustic_031-048-075.wav,5305
string_acoustic_007-048-100,train,string,string_acoustic_007,48,lower,100,data/raw/nsynth/extracted/nsynth-train/audio/string_acoustic_007-048-100.wav,5305
string_acoustic_031-048-100,train,string,string_acoustic_031,48,lower,100,data/raw/nsynth/extracted/nsynth-train/audio/string_acoustic_031-048-100.wav,5305
string_acoustic_049-048-100,train,string,string_acoustic_049,48,lower,100,data/raw/nsynth/extracted/nsynth-train/audio/string_acoustic_049-048-100.wav,5305
string_acoustic_062-048-100,train,string,string_acoustic_062,48,lower,100,data/raw/nsynth/extracted/nsynth-train/audio/string_acoustic_062-048-100.wav,5305
string_acoustic_073-048-100,train,string,string_acoustic_073,48,lower,100,data/raw/nsynth/extracted/nsynth-train/audio/string_acoustic_073-048-100.wav,5305
string_acoustic_000-048-127,train,string,string_acoustic_000,48,lower,127,data/raw/nsynth/extracted/nsynth-train/audio/string_acoustic_000-048-127.wav,5305
string_acoustic_004-048-127,train,string,string_acoustic_004,48,lower,127,data/raw/nsynth/extracted/nsynth-train/audio/string_acoustic_004-048-127.wav,5305
string_acoustic_010-048-127,train,string,string_acoustic_010,48,lower,127,data/raw/nsynth/extracted/nsynth-train/audio/string_acoustic_010-048-127.wav,5305
string_acoustic_018-048-127,train,string,string_acoustic_018,48,lower,127,data/raw/nsynth/extracted/nsynth-train/audio/string_acoustic_018-048-127.wav,5305
string_acoustic_022-048-127,train,string,string_acoustic_022,48,lower,127,data/raw/nsynth/extracted/nsynth-train/audio/string_acoustic_022-048-127.wav,5305
string_acoustic_027-048-127,train,string,string_acoustic_027,48,lower,127,data/raw/nsynth/extracted/nsynth-train/audio/string_acoustic_027-048-127.wav,5305
string_acoustic_040-048-127,train,string,string_acoustic_040,48,lower,127,data/raw/nsynth/extracted/nsynth-train/audio/string_acoustic_040-048-127.wav,5305
string_acoustic_076-048-127,train,string,string_acoustic_076,48,lower,127,data/raw/nsynth/extracted/nsynth-train/audio/string_acoustic_076-048-127.wav,5305
string_acoustic_011-049-025,train,string,string_acoustic_011,49,lower,25,data/raw/nsynth/extracted/nsynth-train/audio/string_acoustic_011-049-025.wav,5305
string_acoustic_018-049-025,train,string,string_acoustic_018,49,lower,25,data/raw/nsynth/extracted/nsynth-train/audio/string_acoustic_018-049-025.wav,5305
string_acoustic_027-049-025,train,string,string_acoustic_027,49,lower,25,data/raw/nsynth/extracted/nsynth-train/audio/string_acoustic_027-049-025.wav,5305
string_acoustic_037-049-025,train,string,string_acoustic_037,49,lower,25,data/raw/nsynth/extracted/nsynth-train/audio/string_acoustic_037-049-025.wav,5305
string_acoustic_050-049-025,train,string,string_acoustic_050,49,lower,25,data/raw/nsynth/extracted/nsynth-train/audio/string_acoustic_050-049-025.wav,5305
string_acoustic_068-049-025,train,string,string_acoustic_068,49,lower,25,data/raw/nsynth/extracted/nsynth-train/audio/string_acoustic_068-049-025.wav,5305
string_acoustic_005-049-050,train,string,string_acoustic_005,49,lower,50,data/raw/nsynth/extracted/nsynth-train/audio/string_acoustic_005-049-050.wav,5305
string_acoustic_010-049-050,train,string,string_acoustic_010,49,lower,50,data/raw/nsynth/extracted/nsynth-train/audio/string_acoustic_010-049-050.wav,5305
string_acoustic_033-049-050,train,string,string_acoustic_033,49,lower,50,data/raw/nsynth/extracted/nsynth-train/audio/string_acoustic_033-049-050.wav,5305
string_acoustic_058-049-050,train,string,string_acoustic_058,49,lower,50,data/raw/nsynth/extracted/nsynth-train/audio/string_acoustic_058-049-050.wav,5305
string_acoustic_086-049-050,train,string,string_acoustic_086,49,lower,50,data/raw/nsynth/extracted/nsynth-train/audio/string_acoustic_086-049-050.wav,5305
string_acoustic_054-049-075,train,string,string_acoustic_054,49,lower,75,data/raw/nsynth/extracted/nsynth-train/audio/string_acoustic_054-049-075.wav,5305
string_acoustic_058-049-075,train,string,string_acoustic_058,49,lower,75,data/raw/nsynth/extracted/nsynth-train/audio/string_acoustic_058-049-075.wav,5305
string_acoustic_087-049-075,train,string,string_acoustic_087,49,lower,75,data/raw/nsynth/extracted/nsynth-train/audio/string_acoustic_087-049-075.wav,5305
string_acoustic_013-049-100,train,string,string_acoustic_013,49,lower,100,data/raw/nsynth/extracted/nsynth-train/audio/string_acoustic_013-049-100.wav,5305
string_acoustic_015-049-100,train,string,string_acoustic_015,49,lower,100,data/raw/nsynth/extracted/nsynth-train/audio/string_acoustic_015-049-100.wav,5305
string_acoustic_016-049-100,train,string,string_acoustic_016,49,lower,100,data/raw/nsynth/extracted/nsynth-train/audio/string_acoustic_016-049-100.wav,5305
string_acoustic_027-049-100,train,string,string_acoustic_027,49,lower,100,data/raw/nsynth/extracted/nsynth-train/audio/string_acoustic_027-049-100.wav,5305
string_acoustic_049-049-100,train,string,string_acoustic_049,49,lower,100,data/raw/nsynth/extracted/nsynth-train/audio/string_acoustic_049-049-100.wav,5305
string_acoustic_052-049-100,train,string,string_acoustic_052,49,lower,100,data/raw/nsynth/extracted/nsynth-train/audio/string_acoustic_052-049-100.wav,5305
string_acoustic_058-049-100,train,string,string_acoustic_058,49,lower,100,data/raw/nsynth/extracted/nsynth-train/audio/string_acoustic_058-049-100.wav,5305
string_acoustic_060-049-100,train,string,string_acoustic_060,49,lower,100,data/raw/nsynth/extracted/nsynth-train/audio/string_acoustic_060-049-100.wav,5305
string_acoustic_061-049-100,train,string,string_acoustic_061,49,lower,100,data/raw/nsynth/extracted/nsynth-train/audio/string_acoustic_061-049-100.wav,5305
string_acoustic_083-049-100,train,string,string_acoustic_083,49,lower,100,data/raw/nsynth/extracted/nsynth-train/audio/string_acoustic_083-049-100.wav,5305
string_acoustic_038-049-127,train,string,string_acoustic_038,49,lower,127,data/raw/nsynth/extracted/nsynth-train/audio/string_acoustic_038-049-127.wav,5305
string_acoustic_042-049-127,train,string,string_acoustic_042,49,lower,127,data/raw/nsynth/extracted/nsynth-train/audio/string_acoustic_042-049-127.wav,5305
string_acoustic_043-049-127,train,string,string_acoustic_043,49,lower,127,data/raw/nsynth/extracted/nsynth-train/audio/string_acoustic_043-049-127.wav,5305
string_acoustic_085-049-127,train,string,string_acoustic_085,49,lower,127,data/raw/nsynth/extracted/nsynth-train/audio/string_acoustic_085-049-127.wav,5305
string_acoustic_086-049-127,train,string,string_acoustic_086,49,lower,127,data/raw/nsynth/extracted/nsynth-train/audio/string_acoustic_086-049-127.wav,5305
string_acoustic_019-050-025,train,string,string_acoustic_019,50,lower,25,data/raw/nsynth/extracted/nsynth-train/audio/string_acoustic_019-050-025.wav,5305
string_acoustic_029-050-025,train,string,string_acoustic_029,50,lower,25,data/raw/nsynth/extracted/nsynth-train/audio/string_acoustic_029-050-025.wav,5305
string_acoustic_033-050-025,train,string,string_acoustic_033,50,lower,25,data/raw/nsynth/extracted/nsynth-train/audio/string_acoustic_033-050-025.wav,5305
string_acoustic_040-050-025,train,string,string_acoustic_040,50,lower,25,data/raw/nsynth/extracted/nsynth-train/audio/string_acoustic_040-050-025.wav,5305
string_acoustic_063-050-025,train,string,string_acoustic_063,50,lower,25,data/raw/nsynth/extracted/nsynth-train/audio/string_acoustic_063-050-025.wav,5305
string_acoustic_073-050-025,train,string,string_acoustic_073,50,lower,25,data/raw/nsynth/extracted/nsynth-train/audio/string_acoustic_073-050-025.wav,5305
string_acoustic_011-050-050,train,string,string_acoustic_011,50,lower,50,data/raw/nsynth/extracted/nsynth-train/audio/string_acoustic_011-050-050.wav,5305
string_acoustic_039-050-050,train,string,string_acoustic_039,50,lower,50,data/raw/nsynth/extracted/nsynth-train/audio/string_acoustic_039-050-050.wav,5305
string_acoustic_054-050-050,train,string,string_acoustic_054,50,lower,50,data/raw/nsynth/extracted/nsynth-train/audio/string_acoustic_054-050-050.wav,5305
string_acoustic_072-050-050,train,string,string_acoustic_072,50,lower,50,data/raw/nsynth/extracted/nsynth-train/audio/string_acoustic_072-050-050.wav,5305
string_acoustic_077-050-050,train,string,string_acoustic_077,50,lower,50,data/raw/nsynth/extracted/nsynth-train/audio/string_acoustic_077-050-050.wav,5305
string_acoustic_083-050-050,train,string,string_acoustic_083,50,lower,50,data/raw/nsynth/extracted/nsynth-train/audio/string_acoustic_083-050-050.wav,5305
string_acoustic_004-050-075,train,string,string_acoustic_004,50,lower,75,data/raw/nsynth/extracted/nsynth-train/audio/string_acoustic_004-050-075.wav,5305
string_acoustic_007-050-075,train,string,string_acoustic_007,50,lower,75,data/raw/nsynth/extracted/nsynth-train/audio/string_acoustic_007-050-075.wav,5305
string_acoustic_009-050-075,train,string,string_acoustic_009,50,lower,75,data/raw/nsynth/extracted/nsynth-train/audio/string_acoustic_009-050-075.wav,5305
string_acoustic_011-050-075,train,string,string_acoustic_011,50,lower,75,data/raw/nsynth/extracted/nsynth-train/audio/string_acoustic_011-050-075.wav,5305
string_acoustic_023-050-075,train,string,string_acoustic_023,50,lower,75,data/raw/nsynth/extracted/nsynth-train/audio/string_acoustic_023-050-075.wav,5305
string_acoustic_027-050-075,train,string,string_acoustic_027,50,lower,75,data/raw/nsynth/extracted/nsynth-train/audio/string_acoustic_027-050-075.wav,5305
string_acoustic_044-050-075,train,string,string_acoustic_044,50,lower,75,data/raw/nsynth/extracted/nsynth-train/audio/string_acoustic_044-050-075.wav,5305
string_acoustic_060-050-075,train,string,string_acoustic_060,50,lower,75,data/raw/nsynth/extracted/nsynth-train/audio/string_acoustic_060-050-075.wav,5305
string_acoustic_087-050-075,train,string,string_acoustic_087,50,lower,75,data/raw/nsynth/extracted/nsynth-train/audio/string_acoustic_087-050-075.wav,5305
string_acoustic_000-050-100,train,string,string_acoustic_000,50,lower,100,data/raw/nsynth/extracted/nsynth-train/audio/string_acoustic_000-050-100.wav,5305
string_acoustic_002-050-100,train,string,string_acoustic_002,50,lower,100,data/raw/nsynth/extracted/nsynth-train/audio/string_acoustic_002-050-100.wav,5305
string_acoustic_007-050-100,train,string,string_acoustic_007,50,lower,100,data/raw/nsynth/extracted/nsynth-train/audio/string_acoustic_007-050-100.wav,5305
string_acoustic_024-050-100,train,string,string_acoustic_024,50,lower,100,data/raw/nsynth/extracted/nsynth-train/audio/string_acoustic_024-050-100.wav,5305
string_acoustic_028-050-100,train,string,string_acoustic_028,50,lower,100,data/raw/nsynth/extracted/nsynth-train/audio/string_acoustic_028-050-100.wav,5305
string_acoustic_045-050-100,train,string,string_acoustic_045,50,lower,100,data/raw/nsynth/extracted/nsynth-train/audio/string_acoustic_045-050-100.wav,5305
string_acoustic_060-050-100,train,string,string_acoustic_060,50,lower,100,data/raw/nsynth/extracted/nsynth-train/audio/string_acoustic_060-050-100.wav,5305
string_acoustic_062-050-100,train,string,string_acoustic_062,50,lower,100,data/raw/nsynth/extracted/nsynth-train/audio/string_acoustic_062-050-100.wav,5305
string_acoustic_081-050-100,train,string,string_acoustic_081,50,lower,100,data/raw/nsynth/extracted/nsynth-train/audio/string_acoustic_081-050-100.wav,5305
string_acoustic_002-050-127,train,string,string_acoustic_002,50,lower,127,data/raw/nsynth/extracted/nsynth-train/audio/string_acoustic_002-050-127.wav,5305
string_acoustic_007-050-127,train,string,string_acoustic_007,50,lower,127,data/raw/nsynth/extracted/nsynth-train/audio/string_acoustic_007-050-127.wav,5305
string_acoustic_027-050-127,train,string,string_acoustic_027,50,lower,127,data/raw/nsynth/extracted/nsynth-train/audio/string_acoustic_027-050-127.wav,5305
string_acoustic_037-050-127,train,string,string_acoustic_037,50,lower,127,data/raw/nsynth/extracted/nsynth-train/audio/string_acoustic_037-050-127.wav,5305
string_acoustic_042-050-127,train,string,string_acoustic_042,50,lower,127,data/raw/nsynth/extracted/nsynth-train/audio/string_acoustic_042-050-127.wav,5305
string_acoustic_053-050-127,train,string,string_acoustic_053,50,lower,127,data/raw/nsynth/extracted/nsynth-train/audio/string_acoustic_053-050-127.wav,5305
string_acoustic_011-051-025,train,string,string_acoustic_011,51,lower,25,data/raw/nsynth/extracted/nsynth-train/audio/string_acoustic_011-051-025.wav,5305
string_acoustic_040-051-025,train,string,string_acoustic_040,51,lower,25,data/raw/nsynth/extracted/nsynth-train/audio/string_acoustic_040-051-025.wav,5305
string_acoustic_043-051-025,train,string,string_acoustic_043,51,lower,25,data/raw/nsynth/extracted/nsynth-train/audio/string_acoustic_043-051-025.wav,5305
string_acoustic_022-051-050,train,string,string_acoustic_022,51,lower,50,data/raw/nsynth/extracted/nsynth-train/audio/string_acoustic_022-051-050.wav,5305
string_acoustic_031-051-050,train,string,string_acoustic_031,51,lower,50,data/raw/nsynth/extracted/nsynth-train/audio/string_acoustic_031-051-050.wav,5305
string_acoustic_073-051-050,train,string,string_acoustic_073,51,lower,50,data/raw/nsynth/extracted/nsynth-train/audio/string_acoustic_073-051-050.wav,5305
string_acoustic_077-051-050,train,string,string_acoustic_077,51,lower,50,data/raw/nsynth/extracted/nsynth-train/audio/string_acoustic_077-051-050.wav,5305
string_acoustic_087-051-050,train,string,string_acoustic_087,51,lower,50,data/raw/nsynth/extracted/nsynth-train/audio/string_acoustic_087-051-050.wav,5305
string_acoustic_017-051-075,train,string,string_acoustic_017,51,lower,75,data/raw/nsynth/extracted/nsynth-train/audio/string_acoustic_017-051-075.wav,5305
string_acoustic_019-051-075,train,string,string_acoustic_019,51,lower,75,data/raw/nsynth/extracted/nsynth-train/audio/string_acoustic_019-051-075.wav,5305
string_acoustic_024-051-075,train,string,string_acoustic_024,51,lower,75,data/raw/nsynth/extracted/nsynth-train/audio/string_acoustic_024-051-075.wav,5305
string_acoustic_045-051-075,train,string,string_acoustic_045,51,lower,75,data/raw/nsynth/extracted/nsynth-train/audio/string_acoustic_045-051-075.wav,5305
string_acoustic_049-051-075,train,string,string_acoustic_049,51,lower,75,data/raw/nsynth/extracted/nsynth-train/audio/string_acoustic_049-051-075.wav,5305
string_acoustic_059-051-075,train,string,string_acoustic_059,51,lower,75,data/raw/nsynth/extracted/nsynth-train/audio/string_acoustic_059-051-075.wav,5305
string_acoustic_068-051-075,train,string,string_acoustic_068,51,lower,75,data/raw/nsynth/extracted/nsynth-train/audio/string_acoustic_068-051-075.wav,5305
string_acoustic_033-051-100,train,string,string_acoustic_033,51,lower,100,data/raw/nsynth/extracted/nsynth-train/audio/string_acoustic_033-051-100.wav,5305
string_acoustic_064-051-100,train,string,string_acoustic_064,51,lower,100,data/raw/nsynth/extracted/nsynth-train/audio/string_acoustic_064-051-100.wav,5305
string_acoustic_065-051-100,train,string,string_acoustic_065,51,lower,100,data/raw/nsynth/extracted/nsynth-train/audio/string_acoustic_065-051-100.wav,5305
string_acoustic_069-051-100,train,string,string_acoustic_069,51,lower,100,data/raw/nsynth/extracted/nsynth-train/audio/string_acoustic_069-051-100.wav,5305
string_acoustic_013-051-127,train,string,string_acoustic_013,51,lower,127,data/raw/nsynth/extracted/nsynth-train/audio/string_acoustic_013-051-127.wav,5305
string_acoustic_039-051-127,train,string,string_acoustic_039,51,lower,127,data/raw/nsynth/extracted/nsynth-train/audio/string_acoustic_039-051-127.wav,5305
string_acoustic_041-051-127,train,string,string_acoustic_041,51,lower,127,data/raw/nsynth/extracted/nsynth-train/audio/string_acoustic_041-051-127.wav,5305
string_acoustic_045-051-127,train,string,string_acoustic_045,51,lower,127,data/raw/nsynth/extracted/nsynth-train/audio/string_acoustic_045-051-127.wav,5305
string_acoustic_058-051-127,train,string,string_acoustic_058,51,lower,127,data/raw/nsynth/extracted/nsynth-train/audio/string_acoustic_058-051-127.wav,5305
string_acoustic_004-052-025,train,string,string_acoustic_004,52,middle,25,data/raw/nsynth/extracted/nsynth-train/audio/string_acoustic_004-052-025.wav,5305
string_acoustic_009-052-025,train,string,string_acoustic_009,52,middle,25,data/raw/nsynth/extracted/nsynth-train/audio/string_acoustic_009-052-025.wav,5305
string_acoustic_029-052-025,train,string,string_acoustic_029,52,middle,25,data/raw/nsynth/extracted/nsynth-train/audio/string_acoustic_029-052-025.wav,5305
string_acoustic_039-052-025,train,string,string_acoustic_039,52,middle,25,data/raw/nsynth/extracted/nsynth-train/audio/string_acoustic_039-052-025.wav,5305
string_acoustic_052-052-025,train,string,string_acoustic_052,52,middle,25,data/raw/nsynth/extracted/nsynth-train/audio/string_acoustic_052-052-025.wav,5305
string_acoustic_064-052-025,train,string,string_acoustic_064,52,middle,25,data/raw/nsynth/extracted/nsynth-train/audio/string_acoustic_064-052-025.wav,5305
string_acoustic_022-052-050,train,string,string_acoustic_022,52,middle,50,data/raw/nsynth/extracted/nsynth-train/audio/string_acoustic_022-052-050.wav,5305
string_acoustic_087-052-050,train,string,string_acoustic_087,52,middle,50,data/raw/nsynth/extracted/nsynth-train/audio/string_acoustic_087-052-050.wav,5305
string_acoustic_011-052-075,train,string,string_acoustic_011,52,middle,75,data/raw/nsynth/extracted/nsynth-train/audio/string_acoustic_011-052-075.wav,5305
string_acoustic_016-052-075,train,string,string_acoustic_016,52,middle,75,data/raw/nsynth/extracted/nsynth-train/audio/string_acoustic_016-052-075.wav,5305
string_acoustic_048-052-075,train,string,string_acoustic_048,52,middle,75,data/raw/nsynth/extracted/nsynth-train/audio/string_acoustic_048-052-075.wav,5305
string_acoustic_064-052-075,train,string,string_acoustic_064,52,middle,75,data/raw/nsynth/extracted/nsynth-train/audio/string_acoustic_064-052-075.wav,5305
string_acoustic_016-052-100,train,string,string_acoustic_016,52,middle,100,data/raw/nsynth/extracted/nsynth-train/audio/string_acoustic_016-052-100.wav,5305
string_acoustic_033-052-100,train,string,string_acoustic_033,52,middle,100,data/raw/nsynth/extracted/nsynth-train/audio/string_acoustic_033-052-100.wav,5305
string_acoustic_037-052-100,train,string,string_acoustic_037,52,middle,100,data/raw/nsynth/extracted/nsynth-train/audio/string_acoustic_037-052-100.wav,5305
string_acoustic_054-052-100,train,string,string_acoustic_054,52,middle,100,data/raw/nsynth/extracted/nsynth-train/audio/string_acoustic_054-052-100.wav,5305
string_acoustic_079-052-100,train,string,string_acoustic_079,52,middle,100,data/raw/nsynth/extracted/nsynth-train/audio/string_acoustic_079-052-100.wav,5305
string_acoustic_022-052-127,train,string,string_acoustic_022,52,middle,127,data/raw/nsynth/extracted/nsynth-train/audio/string_acoustic_022-052-127.wav,5305
string_acoustic_042-052-127,train,string,string_acoustic_042,52,middle,127,data/raw/nsynth/extracted/nsynth-train/audio/string_acoustic_042-052-127.wav,5305
string_acoustic_083-052-127,train,string,string_acoustic_083,52,middle,127,data/raw/nsynth/extracted/nsynth-train/audio/string_acoustic_083-052-127.wav,5305
string_acoustic_042-053-025,train,string,string_acoustic_042,53,middle,25,data/raw/nsynth/extracted/nsynth-train/audio/string_acoustic_042-053-025.wav,5305
string_acoustic_043-053-025,train,string,string_acoustic_043,53,middle,25,data/raw/nsynth/extracted/nsynth-train/audio/string_acoustic_043-053-025.wav,5305
string_acoustic_004-053-050,train,string,string_acoustic_004,53,middle,50,data/raw/nsynth/extracted/nsynth-train/audio/string_acoustic_004-053-050.wav,5305
string_acoustic_007-053-050,train,string,string_acoustic_007,53,middle,50,data/raw/nsynth/extracted/nsynth-train/audio/string_acoustic_007-053-050.wav,5305
string_acoustic_018-053-050,train,string,string_acoustic_018,53,middle,50,data/raw/nsynth/extracted/nsynth-train/audio/string_acoustic_018-053-050.wav,5305
string_acoustic_058-053-050,train,string,string_acoustic_058,53,middle,50,data/raw/nsynth/extracted/nsynth-train/audio/string_acoustic_058-053-050.wav,5305
string_acoustic_063-053-050,train,string,string_acoustic_063,53,middle,50,data/raw/nsynth/extracted/nsynth-train/audio/string_acoustic_063-053-050.wav,5305
string_acoustic_083-053-050,train,string,string_acoustic_083,53,middle,50,data/raw/nsynth/extracted/nsynth-train/audio/string_acoustic_083-053-050.wav,5305
string_acoustic_001-053-075,train,string,string_acoustic_001,53,middle,75,data/raw/nsynth/extracted/nsynth-train/audio/string_acoustic_001-053-075.wav,5305
string_acoustic_005-053-075,train,string,string_acoustic_005,53,middle,75,data/raw/nsynth/extracted/nsynth-train/audio/string_acoustic_005-053-075.wav,5305
string_acoustic_010-053-075,train,string,string_acoustic_010,53,middle,75,data/raw/nsynth/extracted/nsynth-train/audio/string_acoustic_010-053-075.wav,5305
string_acoustic_054-053-075,train,string,string_acoustic_054,53,middle,75,data/raw/nsynth/extracted/nsynth-train/audio/string_acoustic_054-053-075.wav,5305
string_acoustic_059-053-075,train,string,string_acoustic_059,53,middle,75,data/raw/nsynth/extracted/nsynth-train/audio/string_acoustic_059-053-075.wav,5305
string_acoustic_038-053-100,train,string,string_acoustic_038,53,middle,100,data/raw/nsynth/extracted/nsynth-train/audio/string_acoustic_038-053-100.wav,5305
string_acoustic_087-053-100,train,string,string_acoustic_087,53,middle,100,data/raw/nsynth/extracted/nsynth-train/audio/string_acoustic_087-053-100.wav,5305
string_acoustic_004-053-127,train,string,string_acoustic_004,53,middle,127,data/raw/nsynth/extracted/nsynth-train/audio/string_acoustic_004-053-127.wav,5305
string_acoustic_031-053-127,train,string,string_acoustic_031,53,middle,127,data/raw/nsynth/extracted/nsynth-train/audio/string_acoustic_031-053-127.wav,5305
string_acoustic_039-053-127,train,string,string_acoustic_039,53,middle,127,data/raw/nsynth/extracted/nsynth-train/audio/string_acoustic_039-053-127.wav,5305
string_acoustic_065-053-127,train,string,string_acoustic_065,53,middle,127,data/raw/nsynth/extracted/nsynth-train/audio/string_acoustic_065-053-127.wav,5305
string_acoustic_069-053-127,train,string,string_acoustic_069,53,middle,127,data/raw/nsynth/extracted/nsynth-train/audio/string_acoustic_069-053-127.wav,5305
string_acoustic_074-053-127,train,string,string_acoustic_074,53,middle,127,data/raw/nsynth/extracted/nsynth-train/audio/string_acoustic_074-053-127.wav,5305
string_acoustic_005-054-025,train,string,string_acoustic_005,54,middle,25,data/raw/nsynth/extracted/nsynth-train/audio/string_acoustic_005-054-025.wav,5305
string_acoustic_049-054-025,train,string,string_acoustic_049,54,middle,25,data/raw/nsynth/extracted/nsynth-train/audio/string_acoustic_049-054-025.wav,5305
string_acoustic_054-054-025,train,string,string_acoustic_054,54,middle,25,data/raw/nsynth/extracted/nsynth-train/audio/string_acoustic_054-054-025.wav,5305
string_acoustic_062-054-025,train,string,string_acoustic_062,54,middle,25,data/raw/nsynth/extracted/nsynth-train/audio/string_acoustic_062-054-025.wav,5305
string_acoustic_068-054-025,train,string,string_acoustic_068,54,middle,25,data/raw/nsynth/extracted/nsynth-train/audio/string_acoustic_068-054-025.wav,5305
string_acoustic_017-054-050,train,string,string_acoustic_017,54,middle,50,data/raw/nsynth/extracted/nsynth-train/audio/string_acoustic_017-054-050.wav,5305
string_acoustic_038-054-050,train,string,string_acoustic_038,54,middle,50,data/raw/nsynth/extracted/nsynth-train/audio/string_acoustic_038-054-050.wav,5305
string_acoustic_064-054-050,train,string,string_acoustic_064,54,middle,50,data/raw/nsynth/extracted/nsynth-train/audio/string_acoustic_064-054-050.wav,5305
string_acoustic_087-054-050,train,string,string_acoustic_087,54,middle,50,data/raw/nsynth/extracted/nsynth-train/audio/string_acoustic_087-054-050.wav,5305
string_acoustic_018-054-075,train,string,string_acoustic_018,54,middle,75,data/raw/nsynth/extracted/nsynth-train/audio/string_acoustic_018-054-075.wav,5305
string_acoustic_024-054-075,train,string,string_acoustic_024,54,middle,75,data/raw/nsynth/extracted/nsynth-train/audio/string_acoustic_024-054-075.wav,5305
string_acoustic_042-054-075,train,string,string_acoustic_042,54,middle,75,data/raw/nsynth/extracted/nsynth-train/audio/string_acoustic_042-054-075.wav,5305
string_acoustic_001-054-100,train,string,string_acoustic_001,54,middle,100,data/raw/nsynth/extracted/nsynth-train/audio/string_acoustic_001-054-100.wav,5305
string_acoustic_024-054-100,train,string,string_acoustic_024,54,middle,100,data/raw/nsynth/extracted/nsynth-train/audio/string_acoustic_024-054-100.wav,5305
string_acoustic_031-054-100,train,string,string_acoustic_031,54,middle,100,data/raw/nsynth/extracted/nsynth-train/audio/string_acoustic_031-054-100.wav,5305
string_acoustic_033-054-100,train,string,string_acoustic_033,54,middle,100,data/raw/nsynth/extracted/nsynth-train/audio/string_acoustic_033-054-100.wav,5305
string_acoustic_005-054-127,train,string,string_acoustic_005,54,middle,127,data/raw/nsynth/extracted/nsynth-train/audio/string_acoustic_005-054-127.wav,5305
string_acoustic_020-054-127,train,string,string_acoustic_020,54,middle,127,data/raw/nsynth/extracted/nsynth-train/audio/string_acoustic_020-054-127.wav,5305
string_acoustic_044-054-127,train,string,string_acoustic_044,54,middle,127,data/raw/nsynth/extracted/nsynth-train/audio/string_acoustic_044-054-127.wav,5305
string_acoustic_074-054-127,train,string,string_acoustic_074,54,middle,127,data/raw/nsynth/extracted/nsynth-train/audio/string_acoustic_074-054-127.wav,5305
string_acoustic_008-055-025,train,string,string_acoustic_008,55,middle,25,data/raw/nsynth/extracted/nsynth-train/audio/string_acoustic_008-055-025.wav,5305
string_acoustic_073-055-025,train,string,string_acoustic_073,55,middle,25,data/raw/nsynth/extracted/nsynth-train/audio/string_acoustic_073-055-025.wav,5305
string_acoustic_015-055-050,train,string,string_acoustic_015,55,middle,50,data/raw/nsynth/extracted/nsynth-train/audio/string_acoustic_015-055-050.wav,5305
string_acoustic_030-055-050,train,string,string_acoustic_030,55,middle,50,data/raw/nsynth/extracted/nsynth-train/audio/string_acoustic_030-055-050.wav,5305
string_acoustic_040-055-050,train,string,string_acoustic_040,55,middle,50,data/raw/nsynth/extracted/nsynth-train/audio/string_acoustic_040-055-050.wav,5305
string_acoustic_083-055-050,train,string,string_acoustic_083,55,middle,50,data/raw/nsynth/extracted/nsynth-train/audio/string_acoustic_083-055-050.wav,5305
string_acoustic_038-055-075,train,string,string_acoustic_038,55,middle,75,data/raw/nsynth/extracted/nsynth-train/audio/string_acoustic_038-055-075.wav,5305
string_acoustic_085-055-075,train,string,string_acoustic_085,55,middle,75,data/raw/nsynth/extracted/nsynth-train/audio/string_acoustic_085-055-075.wav,5305
string_acoustic_020-055-100,train,string,string_acoustic_020,55,middle,100,data/raw/nsynth/extracted/nsynth-train/audio/string_acoustic_020-055-100.wav,5305
string_acoustic_024-055-100,train,string,string_acoustic_024,55,middle,100,data/raw/nsynth/extracted/nsynth-train/audio/string_acoustic_024-055-100.wav,5305
string_acoustic_032-055-100,train,string,string_acoustic_032,55,middle,100,data/raw/nsynth/extracted/nsynth-train/audio/string_acoustic_032-055-100.wav,5305
string_acoustic_042-055-100,train,string,string_acoustic_042,55,middle,100,data/raw/nsynth/extracted/nsynth-train/audio/string_acoustic_042-055-100.wav,5305
string_acoustic_065-055-100,train,string,string_acoustic_065,55,middle,100,data/raw/nsynth/extracted/nsynth-train/audio/string_acoustic_065-055-100.wav,5305
string_acoustic_066-055-100,train,string,string_acoustic_066,55,middle,100,data/raw/nsynth/extracted/nsynth-train/audio/string_acoustic_066-055-100.wav,5305
string_acoustic_087-055-100,train,string,string_acoustic_087,55,middle,100,data/raw/nsynth/extracted/nsynth-train/audio/string_acoustic_087-055-100.wav,5305
string_acoustic_089-055-100,train,string,string_acoustic_089,55,middle,100,data/raw/nsynth/extracted/nsynth-train/audio/string_acoustic_089-055-100.wav,5305
string_acoustic_001-055-127,train,string,string_acoustic_001,55,middle,127,data/raw/nsynth/extracted/nsynth-train/audio/string_acoustic_001-055-127.wav,5305
string_acoustic_002-055-127,train,string,string_acoustic_002,55,middle,127,data/raw/nsynth/extracted/nsynth-train/audio/string_acoustic_002-055-127.wav,5305
string_acoustic_060-055-127,train,string,string_acoustic_060,55,middle,127,data/raw/nsynth/extracted/nsynth-train/audio/string_acoustic_060-055-127.wav,5305
string_acoustic_090-055-127,train,string,string_acoustic_090,55,middle,127,data/raw/nsynth/extracted/nsynth-train/audio/string_acoustic_090-055-127.wav,5305
string_electronic_001-055-127,train,string,string_electronic_001,55,middle,127,data/raw/nsynth/extracted/nsynth-train/audio/string_electronic_001-055-127.wav,5305
string_acoustic_010-056-025,train,string,string_acoustic_010,56,middle,25,data/raw/nsynth/extracted/nsynth-train/audio/string_acoustic_010-056-025.wav,5305
string_acoustic_030-056-025,train,string,string_acoustic_030,56,middle,25,data/raw/nsynth/extracted/nsynth-train/audio/string_acoustic_030-056-025.wav,5305
string_acoustic_035-056-025,train,string,string_acoustic_035,56,middle,25,data/raw/nsynth/extracted/nsynth-train/audio/string_acoustic_035-056-025.wav,5305
string_acoustic_041-056-025,train,string,string_acoustic_041,56,middle,25,data/raw/nsynth/extracted/nsynth-train/audio/string_acoustic_041-056-025.wav,5305
string_acoustic_023-056-050,train,string,string_acoustic_023,56,middle,50,data/raw/nsynth/extracted/nsynth-train/audio/string_acoustic_023-056-050.wav,5305
string_acoustic_024-056-050,train,string,string_acoustic_024,56,middle,50,data/raw/nsynth/extracted/nsynth-train/audio/string_acoustic_024-056-050.wav,5305
string_acoustic_054-056-050,train,string,string_acoustic_054,56,middle,50,data/raw/nsynth/extracted/nsynth-train/audio/string_acoustic_054-056-050.wav,5305
string_acoustic_063-056-050,train,string,string_acoustic_063,56,middle,50,data/raw/nsynth/extracted/nsynth-train/audio/string_acoustic_063-056-050.wav,5305
string_acoustic_086-056-050,train,string,string_acoustic_086,56,middle,50,data/raw/nsynth/extracted/nsynth-train/audio/string_acoustic_086-056-050.wav,5305
string_acoustic_005-056-075,train,string,string_acoustic_005,56,middle,75,data/raw/nsynth/extracted/nsynth-train/audio/string_acoustic_005-056-075.wav,5305
string_acoustic_009-056-075,train,string,string_acoustic_009,56,middle,75,data/raw/nsynth/extracted/nsynth-train/audio/string_acoustic_009-056-075.wav,5305
string_acoustic_026-056-075,train,string,string_acoustic_026,56,middle,75,data/raw/nsynth/extracted/nsynth-train/audio/string_acoustic_026-056-075.wav,5305
string_acoustic_030-056-075,train,string,string_acoustic_030,56,middle,75,data/raw/nsynth/extracted/nsynth-train/audio/string_acoustic_030-056-075.wav,5305
string_acoustic_046-056-075,train,string,string_acoustic_046,56,middle,75,data/raw/nsynth/extracted/nsynth-train/audio/string_acoustic_046-056-075.wav,5305
string_acoustic_079-056-075,train,string,string_acoustic_079,56,middle,75,data/raw/nsynth/extracted/nsynth-train/audio/string_acoustic_079-056-075.wav,5305
string_acoustic_029-056-100,train,string,string_acoustic_029,56,middle,100,data/raw/nsynth/extracted/nsynth-train/audio/string_acoustic_029-056-100.wav,5305
string_acoustic_045-056-100,train,string,string_acoustic_045,56,middle,100,data/raw/nsynth/extracted/nsynth-train/audio/string_acoustic_045-056-100.wav,5305
string_acoustic_049-056-100,train,string,string_acoustic_049,56,middle,100,data/raw/nsynth/extracted/nsynth-train/audio/string_acoustic_049-056-100.wav,5305
string_acoustic_050-056-100,train,string,string_acoustic_050,56,middle,100,data/raw/nsynth/extracted/nsynth-train/audio/string_acoustic_050-056-100.wav,5305
string_acoustic_067-056-100,train,string,string_acoustic_067,56,middle,100,data/raw/nsynth/extracted/nsynth-train/audio/string_acoustic_067-056-100.wav,5305
string_acoustic_006-056-127,train,string,string_acoustic_006,56,middle,127,data/raw/nsynth/extracted/nsynth-train/audio/string_acoustic_006-056-127.wav,5305
string_acoustic_007-056-127,train,string,string_acoustic_007,56,middle,127,data/raw/nsynth/extracted/nsynth-train/audio/string_acoustic_007-056-127.wav,5305
string_acoustic_021-056-127,train,string,string_acoustic_021,56,middle,127,data/raw/nsynth/extracted/nsynth-train/audio/string_acoustic_021-056-127.wav,5305
string_acoustic_042-056-127,train,string,string_acoustic_042,56,middle,127,data/raw/nsynth/extracted/nsynth-train/audio/string_acoustic_042-056-127.wav,5305
string_acoustic_066-056-127,train,string,string_acoustic_066,56,middle,127,data/raw/nsynth/extracted/nsynth-train/audio/string_acoustic_066-056-127.wav,5305
string_acoustic_023-057-025,train,string,string_acoustic_023,57,middle,25,data/raw/nsynth/extracted/nsynth-train/audio/string_acoustic_023-057-025.wav,5305
string_acoustic_027-057-025,train,string,string_acoustic_027,57,middle,25,data/raw/nsynth/extracted/nsynth-train/audio/string_acoustic_027-057-025.wav,5305
string_acoustic_050-057-025,train,string,string_acoustic_050,57,middle,25,data/raw/nsynth/extracted/nsynth-train/audio/string_acoustic_050-057-025.wav,5305
string_acoustic_074-057-025,train,string,string_acoustic_074,57,middle,25,data/raw/nsynth/extracted/nsynth-train/audio/string_acoustic_074-057-025.wav,5305
string_acoustic_005-057-050,train,string,string_acoustic_005,57,middle,50,data/raw/nsynth/extracted/nsynth-train/audio/string_acoustic_005-057-050.wav,5305
string_acoustic_024-057-050,train,string,string_acoustic_024,57,middle,50,data/raw/nsynth/extracted/nsynth-train/audio/string_acoustic_024-057-050.wav,5305
string_acoustic_040-057-050,train,string,string_acoustic_040,57,middle,50,data/raw/nsynth/extracted/nsynth-train/audio/string_acoustic_040-057-050.wav,5305
string_acoustic_055-057-050,train,string,string_acoustic_055,57,middle,50,data/raw/nsynth/extracted/nsynth-train/audio/string_acoustic_055-057-050.wav,5305
string_acoustic_079-057-050,train,string,string_acoustic_079,57,middle,50,data/raw/nsynth/extracted/nsynth-train/audio/string_acoustic_079-057-050.wav,5305
string_acoustic_020-057-075,train,string,string_acoustic_020,57,middle,75,data/raw/nsynth/extracted/nsynth-train/audio/string_acoustic_020-057-075.wav,5305
string_acoustic_055-057-075,train,string,string_acoustic_055,57,middle,75,data/raw/nsynth/extracted/nsynth-train/audio/string_acoustic_055-057-075.wav,5305
string_acoustic_064-057-075,train,string,string_acoustic_064,57,middle,75,data/raw/nsynth/extracted/nsynth-train/audio/string_acoustic_064-057-075.wav,5305
string_acoustic_081-057-075,train,string,string_acoustic_081,57,middle,75,data/raw/nsynth/extracted/nsynth-train/audio/string_acoustic_081-057-075.wav,5305
string_acoustic_044-057-100,train,string,string_acoustic_044,57,middle,100,data/raw/nsynth/extracted/nsynth-train/audio/string_acoustic_044-057-100.wav,5305
string_acoustic_081-057-100,train,string,string_acoustic_081,57,middle,100,data/raw/nsynth/extracted/nsynth-train/audio/string_acoustic_081-057-100.wav,5305
string_acoustic_017-057-127,train,string,string_acoustic_017,57,middle,127,data/raw/nsynth/extracted/nsynth-train/audio/string_acoustic_017-057-127.wav,5305
string_acoustic_035-057-127,train,string,string_acoustic_035,57,middle,127,data/raw/nsynth/extracted/nsynth-train/audio/string_acoustic_035-057-127.wav,5305
string_acoustic_070-057-127,train,string,string_acoustic_070,57,middle,127,data/raw/nsynth/extracted/nsynth-train/audio/string_acoustic_070-057-127.wav,5305
string_acoustic_076-057-127,train,string,string_acoustic_076,57,middle,127,data/raw/nsynth/extracted/nsynth-train/audio/string_acoustic_076-057-127.wav,5305
string_acoustic_077-057-127,train,string,string_acoustic_077,57,middle,127,data/raw/nsynth/extracted/nsynth-train/audio/string_acoustic_077-057-127.wav,5305
string_acoustic_001-058-025,train,string,string_acoustic_001,58,middle,25,data/raw/nsynth/extracted/nsynth-train/audio/string_acoustic_001-058-025.wav,5305
string_acoustic_010-058-025,train,string,string_acoustic_010,58,middle,25,data/raw/nsynth/extracted/nsynth-train/audio/string_acoustic_010-058-025.wav,5305
string_acoustic_019-058-025,train,string,string_acoustic_019,58,middle,25,data/raw/nsynth/extracted/nsynth-train/audio/string_acoustic_019-058-025.wav,5305
string_acoustic_028-058-025,train,string,string_acoustic_028,58,middle,25,data/raw/nsynth/extracted/nsynth-train/audio/string_acoustic_028-058-025.wav,5305
string_acoustic_031-058-025,train,string,string_acoustic_031,58,middle,25,data/raw/nsynth/extracted/nsynth-train/audio/string_acoustic_031-058-025.wav,5305
string_acoustic_044-058-025,train,string,string_acoustic_044,58,middle,25,data/raw/nsynth/extracted/nsynth-train/audio/string_acoustic_044-058-025.wav,5305
string_acoustic_058-058-025,train,string,string_acoustic_058,58,middle,25,data/raw/nsynth/extracted/nsynth-train/audio/string_acoustic_058-058-025.wav,5305
string_acoustic_074-058-025,train,string,string_acoustic_074,58,middle,25,data/raw/nsynth/extracted/nsynth-train/audio/string_acoustic_074-058-025.wav,5305
string_acoustic_006-058-050,train,string,string_acoustic_006,58,middle,50,data/raw/nsynth/extracted/nsynth-train/audio/string_acoustic_006-058-050.wav,5305
string_acoustic_008-058-050,train,string,string_acoustic_008,58,middle,50,data/raw/nsynth/extracted/nsynth-train/audio/string_acoustic_008-058-050.wav,5305
string_acoustic_021-058-050,train,string,string_acoustic_021,58,middle,50,data/raw/nsynth/extracted/nsynth-train/audio/string_acoustic_021-058-050.wav,5305
string_acoustic_008-058-075,train,string,string_acoustic_008,58,middle,75,data/raw/nsynth/extracted/nsynth-train/audio/string_acoustic_008-058-075.wav,5305
string_acoustic_026-058-075,train,string,string_acoustic_026,58,middle,75,data/raw/nsynth/extracted/nsynth-train/audio/string_acoustic_026-058-075.wav,5305
string_acoustic_036-058-075,train,string,string_acoustic_036,58,middle,75,data/raw/nsynth/extracted/nsynth-train/audio/string_acoustic_036-058-075.wav,5305
string_acoustic_053-058-075,train,string,string_acoustic_053,58,middle,75,data/raw/nsynth/extracted/nsynth-train/audio/string_acoustic_053-058-075.wav,5305
string_acoustic_055-058-075,train,string,string_acoustic_055,58,middle,75,data/raw/nsynth/extracted/nsynth-train/audio/string_acoustic_055-058-075.wav,5305
string_acoustic_081-058-075,train,string,string_acoustic_081,58,middle,75,data/raw/nsynth/extracted/nsynth-train/audio/string_acoustic_081-058-075.wav,5305
string_acoustic_083-058-075,train,string,string_acoustic_083,58,middle,75,data/raw/nsynth/extracted/nsynth-train/audio/string_acoustic_083-058-075.wav,5305
string_acoustic_009-058-100,train,string,string_acoustic_009,58,middle,100,data/raw/nsynth/extracted/nsynth-train/audio/string_acoustic_009-058-100.wav,5305
string_acoustic_011-058-100,train,string,string_acoustic_011,58,middle,100,data/raw/nsynth/extracted/nsynth-train/audio/string_acoustic_011-058-100.wav,5305
string_acoustic_018-058-100,train,string,string_acoustic_018,58,middle,100,data/raw/nsynth/extracted/nsynth-train/audio/string_acoustic_018-058-100.wav,5305
string_acoustic_051-058-100,train,string,string_acoustic_051,58,middle,100,data/raw/nsynth/extracted/nsynth-train/audio/string_acoustic_051-058-100.wav,5305
string_acoustic_053-058-100,train,string,string_acoustic_053,58,middle,100,data/raw/nsynth/extracted/nsynth-train/audio/string_acoustic_053-058-100.wav,5305
string_acoustic_077-058-100,train,string,string_acoustic_077,58,middle,100,data/raw/nsynth/extracted/nsynth-train/audio/string_acoustic_077-058-100.wav,5305
string_acoustic_007-058-127,train,string,string_acoustic_007,58,middle,127,data/raw/nsynth/extracted/nsynth-train/audio/string_acoustic_007-058-127.wav,5305
string_acoustic_008-058-127,train,string,string_acoustic_008,58,middle,127,data/raw/nsynth/extracted/nsynth-train/audio/string_acoustic_008-058-127.wav,5305
string_acoustic_019-059-025,train,string,string_acoustic_019,59,middle,25,data/raw/nsynth/extracted/nsynth-train/audio/string_acoustic_019-059-025.wav,5305
string_acoustic_055-059-025,train,string,string_acoustic_055,59,middle,25,data/raw/nsynth/extracted/nsynth-train/audio/string_acoustic_055-059-025.wav,5305
string_acoustic_068-059-025,train,string,string_acoustic_068,59,middle,25,data/raw/nsynth/extracted/nsynth-train/audio/string_acoustic_068-059-025.wav,5305
string_acoustic_009-059-050,train,string,string_acoustic_009,59,middle,50,data/raw/nsynth/extracted/nsynth-train/audio/string_acoustic_009-059-050.wav,5305
string_acoustic_017-059-050,train,string,string_acoustic_017,59,middle,50,data/raw/nsynth/extracted/nsynth-train/audio/string_acoustic_017-059-050.wav,5305
string_acoustic_025-059-050,train,string,string_acoustic_025,59,middle,50,data/raw/nsynth/extracted/nsynth-train/audio/string_acoustic_025-059-050.wav,5305
string_acoustic_030-059-050,train,string,string_acoustic_030,59,middle,50,data/raw/nsynth/extracted/nsynth-train/audio/string_acoustic_030-059-050.wav,5305
string_acoustic_044-059-050,train,string,string_acoustic_044,59,middle,50,data/raw/nsynth/extracted/nsynth-train/audio/string_acoustic_044-059-050.wav,5305
string_acoustic_009-059-075,train,string,string_acoustic_009,59,middle,75,data/raw/nsynth/extracted/nsynth-train/audio/string_acoustic_009-059-075.wav,5305
string_acoustic_053-059-075,train,string,string_acoustic_053,59,middle,75,data/raw/nsynth/extracted/nsynth-train/audio/string_acoustic_053-059-075.wav,5305
string_acoustic_075-059-075,train,string,string_acoustic_075,59,middle,75,data/raw/nsynth/extracted/nsynth-train/audio/string_acoustic_075-059-075.wav,5305
string_acoustic_076-059-075,train,string,string_acoustic_076,59,middle,75,data/raw/nsynth/extracted/nsynth-train/audio/string_acoustic_076-059-075.wav,5305
string_acoustic_081-059-075,train,string,string_acoustic_081,59,middle,75,data/raw/nsynth/extracted/nsynth-train/audio/string_acoustic_081-059-075.wav,5305
string_acoustic_007-059-100,train,string,string_acoustic_007,59,middle,100,data/raw/nsynth/extracted/nsynth-train/audio/string_acoustic_007-059-100.wav,5305
string_acoustic_017-059-100,train,string,string_acoustic_017,59,middle,100,data/raw/nsynth/extracted/nsynth-train/audio/string_acoustic_017-059-100.wav,5305
string_acoustic_026-059-100,train,string,string_acoustic_026,59,middle,100,data/raw/nsynth/extracted/nsynth-train/audio/string_acoustic_026-059-100.wav,5305
string_acoustic_045-059-100,train,string,string_acoustic_045,59,middle,100,data/raw/nsynth/extracted/nsynth-train/audio/string_acoustic_045-059-100.wav,5305
string_acoustic_059-059-100,train,string,string_acoustic_059,59,middle,100,data/raw/nsynth/extracted/nsynth-train/audio/string_acoustic_059-059-100.wav,5305
string_acoustic_079-059-100,train,string,string_acoustic_079,59,middle,100,data/raw/nsynth/extracted/nsynth-train/audio/string_acoustic_079-059-100.wav,5305
string_acoustic_000-059-127,train,string,string_acoustic_000,59,middle,127,data/raw/nsynth/extracted/nsynth-train/audio/string_acoustic_000-059-127.wav,5305
string_acoustic_004-059-127,train,string,string_acoustic_004,59,middle,127,data/raw/nsynth/extracted/nsynth-train/audio/string_acoustic_004-059-127.wav,5305
string_acoustic_030-059-127,train,string,string_acoustic_030,59,middle,127,data/raw/nsynth/extracted/nsynth-train/audio/string_acoustic_030-059-127.wav,5305
string_acoustic_032-059-127,train,string,string_acoustic_032,59,middle,127,data/raw/nsynth/extracted/nsynth-train/audio/string_acoustic_032-059-127.wav,5305
string_acoustic_044-059-127,train,string,string_acoustic_044,59,middle,127,data/raw/nsynth/extracted/nsynth-train/audio/string_acoustic_044-059-127.wav,5305
string_acoustic_059-059-127,train,string,string_acoustic_059,59,middle,127,data/raw/nsynth/extracted/nsynth-train/audio/string_acoustic_059-059-127.wav,5305
string_acoustic_008-060-025,train,string,string_acoustic_008,60,middle,25,data/raw/nsynth/extracted/nsynth-train/audio/string_acoustic_008-060-025.wav,5305
string_acoustic_023-060-025,train,string,string_acoustic_023,60,middle,25,data/raw/nsynth/extracted/nsynth-train/audio/string_acoustic_023-060-025.wav,5305
string_acoustic_054-060-025,train,string,string_acoustic_054,60,middle,25,data/raw/nsynth/extracted/nsynth-train/audio/string_acoustic_054-060-025.wav,5305
string_acoustic_060-060-025,train,string,string_acoustic_060,60,middle,25,data/raw/nsynth/extracted/nsynth-train/audio/string_acoustic_060-060-025.wav,5305
string_acoustic_061-060-025,train,string,string_acoustic_061,60,middle,25,data/raw/nsynth/extracted/nsynth-train/audio/string_acoustic_061-060-025.wav,5305
string_acoustic_074-060-025,train,string,string_acoustic_074,60,middle,25,data/raw/nsynth/extracted/nsynth-train/audio/string_acoustic_074-060-025.wav,5305
string_acoustic_011-060-050,train,string,string_acoustic_011,60,middle,50,data/raw/nsynth/extracted/nsynth-train/audio/string_acoustic_011-060-050.wav,5305
string_acoustic_041-060-050,train,string,string_acoustic_041,60,middle,50,data/raw/nsynth/extracted/nsynth-train/audio/string_acoustic_041-060-050.wav,5305
string_acoustic_054-060-050,train,string,string_acoustic_054,60,middle,50,data/raw/nsynth/extracted/nsynth-train/audio/string_acoustic_054-060-050.wav,5305
string_acoustic_064-060-050,train,string,string_acoustic_064,60,middle,50,data/raw/nsynth/extracted/nsynth-train/audio/string_acoustic_064-060-050.wav,5305
string_acoustic_082-060-050,train,string,string_acoustic_082,60,middle,50,data/raw/nsynth/extracted/nsynth-train/audio/string_acoustic_082-060-050.wav,5305
string_acoustic_084-060-050,train,string,string_acoustic_084,60,middle,50,data/raw/nsynth/extracted/nsynth-train/audio/string_acoustic_084-060-050.wav,5305
string_acoustic_000-060-075,train,string,string_acoustic_000,60,middle,75,data/raw/nsynth/extracted/nsynth-train/audio/string_acoustic_000-060-075.wav,5305
string_acoustic_028-060-075,train,string,string_acoustic_028,60,middle,75,data/raw/nsynth/extracted/nsynth-train/audio/string_acoustic_028-060-075.wav,5305
string_acoustic_058-060-075,train,string,string_acoustic_058,60,middle,75,data/raw/nsynth/extracted/nsynth-train/audio/string_acoustic_058-060-075.wav,5305
string_acoustic_068-060-075,train,string,string_acoustic_068,60,middle,75,data/raw/nsynth/extracted/nsynth-train/audio/string_acoustic_068-060-075.wav,5305
string_acoustic_025-060-100,train,string,string_acoustic_025,60,middle,100,data/raw/nsynth/extracted/nsynth-train/audio/string_acoustic_025-060-100.wav,5305
string_acoustic_066-060-100,train,string,string_acoustic_066,60,middle,100,data/raw/nsynth/extracted/nsynth-train/audio/string_acoustic_066-060-100.wav,5305
string_acoustic_047-060-127,train,string,string_acoustic_047,60,middle,127,data/raw/nsynth/extracted/nsynth-train/audio/string_acoustic_047-060-127.wav,5305
string_acoustic_064-060-127,train,string,string_acoustic_064,60,middle,127,data/raw/nsynth/extracted/nsynth-train/audio/string_acoustic_064-060-127.wav,5305
string_acoustic_068-060-127,train,string,string_acoustic_068,60,middle,127,data/raw/nsynth/extracted/nsynth-train/audio/string_acoustic_068-060-127.wav,5305
string_acoustic_088-060-127,train,string,string_acoustic_088,60,middle,127,data/raw/nsynth/extracted/nsynth-train/audio/string_acoustic_088-060-127.wav,5305
string_acoustic_003-061-025,train,string,string_acoustic_003,61,upper,25,data/raw/nsynth/extracted/nsynth-train/audio/string_acoustic_003-061-025.wav,5305
string_acoustic_046-061-025,train,string,string_acoustic_046,61,upper,25,data/raw/nsynth/extracted/nsynth-train/audio/string_acoustic_046-061-025.wav,5305
string_acoustic_049-061-025,train,string,string_acoustic_049,61,upper,25,data/raw/nsynth/extracted/nsynth-train/audio/string_acoustic_049-061-025.wav,5305
string_acoustic_060-061-025,train,string,string_acoustic_060,61,upper,25,data/raw/nsynth/extracted/nsynth-train/audio/string_acoustic_060-061-025.wav,5305
string_acoustic_061-061-025,train,string,string_acoustic_061,61,upper,25,data/raw/nsynth/extracted/nsynth-train/audio/string_acoustic_061-061-025.wav,5305
string_acoustic_081-061-025,train,string,string_acoustic_081,61,upper,25,data/raw/nsynth/extracted/nsynth-train/audio/string_acoustic_081-061-025.wav,5305
string_acoustic_011-061-050,train,string,string_acoustic_011,61,upper,50,data/raw/nsynth/extracted/nsynth-train/audio/string_acoustic_011-061-050.wav,5305
string_acoustic_044-061-050,train,string,string_acoustic_044,61,upper,50,data/raw/nsynth/extracted/nsynth-train/audio/string_acoustic_044-061-050.wav,5305
string_acoustic_054-061-050,train,string,string_acoustic_054,61,upper,50,data/raw/nsynth/extracted/nsynth-train/audio/string_acoustic_054-061-050.wav,5305
string_acoustic_060-061-050,train,string,string_acoustic_060,61,upper,50,data/raw/nsynth/extracted/nsynth-train/audio/string_acoustic_060-061-050.wav,5305
string_acoustic_085-061-050,train,string,string_acoustic_085,61,upper,50,data/raw/nsynth/extracted/nsynth-train/audio/string_acoustic_085-061-050.wav,5305
string_acoustic_036-061-075,train,string,string_acoustic_036,61,upper,75,data/raw/nsynth/extracted/nsynth-train/audio/string_acoustic_036-061-075.wav,5305
string_acoustic_044-061-075,train,string,string_acoustic_044,61,upper,75,data/raw/nsynth/extracted/nsynth-train/audio/string_acoustic_044-061-075.wav,5305
string_acoustic_062-061-075,train,string,string_acoustic_062,61,upper,75,data/raw/nsynth/extracted/nsynth-train/audio/string_acoustic_062-061-075.wav,5305
string_acoustic_081-061-075,train,string,string_acoustic_081,61,upper,75,data/raw/nsynth/extracted/nsynth-train/audio/string_acoustic_081-061-075.wav,5305
string_acoustic_007-061-100,train,string,string_acoustic_007,61,upper,100,data/raw/nsynth/extracted/nsynth-train/audio/string_acoustic_007-061-100.wav,5305
string_acoustic_009-061-100,train,string,string_acoustic_009,61,upper,100,data/raw/nsynth/extracted/nsynth-train/audio/string_acoustic_009-061-100.wav,5305
string_acoustic_010-061-100,train,string,string_acoustic_010,61,upper,100,data/raw/nsynth/extracted/nsynth-train/audio/string_acoustic_010-061-100.wav,5305
string_acoustic_067-061-100,train,string,string_acoustic_067,61,upper,100,data/raw/nsynth/extracted/nsynth-train/audio/string_acoustic_067-061-100.wav,5305
string_acoustic_070-061-100,train,string,string_acoustic_070,61,upper,100,data/raw/nsynth/extracted/nsynth-train/audio/string_acoustic_070-061-100.wav,5305
string_acoustic_078-061-100,train,string,string_acoustic_078,61,upper,100,data/raw/nsynth/extracted/nsynth-train/audio/string_acoustic_078-061-100.wav,5305
string_acoustic_027-061-127,train,string,string_acoustic_027,61,upper,127,data/raw/nsynth/extracted/nsynth-train/audio/string_acoustic_027-061-127.wav,5305
string_acoustic_050-061-127,train,string,string_acoustic_050,61,upper,127,data/raw/nsynth/extracted/nsynth-train/audio/string_acoustic_050-061-127.wav,5305
string_electronic_001-061-127,train,string,string_electronic_001,61,upper,127,data/raw/nsynth/extracted/nsynth-train/audio/string_electronic_001-061-127.wav,5305
string_acoustic_008-062-025,train,string,string_acoustic_008,62,upper,25,data/raw/nsynth/extracted/nsynth-train/audio/string_acoustic_008-062-025.wav,5305
string_acoustic_024-062-025,train,string,string_acoustic_024,62,upper,25,data/raw/nsynth/extracted/nsynth-train/audio/string_acoustic_024-062-025.wav,5305
string_acoustic_032-062-025,train,string,string_acoustic_032,62,upper,25,data/raw/nsynth/extracted/nsynth-train/audio/string_acoustic_032-062-025.wav,5305
string_acoustic_043-062-025,train,string,string_acoustic_043,62,upper,25,data/raw/nsynth/extracted/nsynth-train/audio/string_acoustic_043-062-025.wav,5305
string_acoustic_059-062-025,train,string,string_acoustic_059,62,upper,25,data/raw/nsynth/extracted/nsynth-train/audio/string_acoustic_059-062-025.wav,5305
string_acoustic_001-062-050,train,string,string_acoustic_001,62,upper,50,data/raw/nsynth/extracted/nsynth-train/audio/string_acoustic_001-062-050.wav,5305
string_acoustic_004-062-050,train,string,string_acoustic_004,62,upper,50,data/raw/nsynth/extracted/nsynth-train/audio/string_acoustic_004-062-050.wav,5305
string_acoustic_007-062-050,train,string,string_acoustic_007,62,upper,50,data/raw/nsynth/extracted/nsynth-train/audio/string_acoustic_007-062-050.wav,5305
string_acoustic_053-062-050,train,string,string_acoustic_053,62,upper,50,data/raw/nsynth/extracted/nsynth-train/audio/string_acoustic_053-062-050.wav,5305
string_acoustic_088-062-050,train,string,string_acoustic_088,62,upper,50,data/raw/nsynth/extracted/nsynth-train/audio/string_acoustic_088-062-050.wav,5305
string_acoustic_005-062-075,train,string,string_acoustic_005,62,upper,75,data/raw/nsynth/extracted/nsynth-train/audio/string_acoustic_005-062-075.wav,5305
string_acoustic_020-062-075,train,string,string_acoustic_020,62,upper,75,data/raw/nsynth/extracted/nsynth-train/audio/string_acoustic_020-062-075.wav,5305
string_acoustic_033-062-075,train,string,string_acoustic_033,62,upper,75,data/raw/nsynth/extracted/nsynth-train/audio/string_acoustic_033-062-075.wav,5305
string_acoustic_048-062-075,train,string,string_acoustic_048,62,upper,75,data/raw/nsynth/extracted/nsynth-train/audio/string_acoustic_048-062-075.wav,5305
string_acoustic_052-062-075,train,string,string_acoustic_052,62,upper,75,data/raw/nsynth/extracted/nsynth-train/audio/string_acoustic_052-062-075.wav,5305
string_acoustic_085-062-075,train,string,string_acoustic_085,62,upper,75,data/raw/nsynth/extracted/nsynth-train/audio/string_acoustic_085-062-075.wav,5305
string_acoustic_088-062-075,train,string,string_acoustic_088,62,upper,75,data/raw/nsynth/extracted/nsynth-train/audio/string_acoustic_088-062-075.wav,5305
string_acoustic_090-062-075,train,string,string_acoustic_090,62,upper,75,data/raw/nsynth/extracted/nsynth-train/audio/string_acoustic_090-062-075.wav,5305
string_acoustic_003-062-100,train,string,string_acoustic_003,62,upper,100,data/raw/nsynth/extracted/nsynth-train/audio/string_acoustic_003-062-100.wav,5305
string_acoustic_010-062-100,train,string,string_acoustic_010,62,upper,100,data/raw/nsynth/extracted/nsynth-train/audio/string_acoustic_010-062-100.wav,5305
string_acoustic_074-062-100,train,string,string_acoustic_074,62,upper,100,data/raw/nsynth/extracted/nsynth-train/audio/string_acoustic_074-062-100.wav,5305
string_acoustic_007-062-127,train,string,string_acoustic_007,62,upper,127,data/raw/nsynth/extracted/nsynth-train/audio/string_acoustic_007-062-127.wav,5305
string_acoustic_008-062-127,train,string,string_acoustic_008,62,upper,127,data/raw/nsynth/extracted/nsynth-train/audio/string_acoustic_008-062-127.wav,5305
string_acoustic_035-062-127,train,string,string_acoustic_035,62,upper,127,data/raw/nsynth/extracted/nsynth-train/audio/string_acoustic_035-062-127.wav,5305
string_acoustic_006-063-025,train,string,string_acoustic_006,63,upper,25,data/raw/nsynth/extracted/nsynth-train/audio/string_acoustic_006-063-025.wav,5305
string_acoustic_046-063-025,train,string,string_acoustic_046,63,upper,25,data/raw/nsynth/extracted/nsynth-train/audio/string_acoustic_046-063-025.wav,5305
string_acoustic_013-063-050,train,string,string_acoustic_013,63,upper,50,data/raw/nsynth/extracted/nsynth-train/audio/string_acoustic_013-063-050.wav,5305
string_acoustic_021-063-050,train,string,string_acoustic_021,63,upper,50,data/raw/nsynth/extracted/nsynth-train/audio/string_acoustic_021-063-050.wav,5305
string_acoustic_079-063-050,train,string,string_acoustic_079,63,upper,50,data/raw/nsynth/extracted/nsynth-train/audio/string_acoustic_079-063-050.wav,5305
string_acoustic_029-063-075,train,string,string_acoustic_029,63,upper,75,data/raw/nsynth/extracted/nsynth-train/audio/string_acoustic_029-063-075.wav,5305
string_acoustic_033-063-075,train,string,string_acoustic_033,63,upper,75,data/raw/nsynth/extracted/nsynth-train/audio/string_acoustic_033-063-075.wav,5305
string_acoustic_059-063-075,train,string,string_acoustic_059,63,upper,75,data/raw/nsynth/extracted/nsynth-train/audio/string_acoustic_059-063-075.wav,5305
string_acoustic_075-063-075,train,string,string_acoustic_075,63,upper,75,data/raw/nsynth/extracted/nsynth-train/audio/string_acoustic_075-063-075.wav,5305
string_acoustic_011-063-100,train,string,string_acoustic_011,63,upper,100,data/raw/nsynth/extracted/nsynth-train/audio/string_acoustic_011-063-100.wav,5305
string_acoustic_047-063-100,train,string,string_acoustic_047,63,upper,100,data/raw/nsynth/extracted/nsynth-train/audio/string_acoustic_047-063-100.wav,5305
string_acoustic_058-063-100,train,string,string_acoustic_058,63,upper,100,data/raw/nsynth/extracted/nsynth-train/audio/string_acoustic_058-063-100.wav,5305
string_acoustic_059-063-100,train,string,string_acoustic_059,63,upper,100,data/raw/nsynth/extracted/nsynth-train/audio/string_acoustic_059-063-100.wav,5305
string_acoustic_078-063-100,train,string,string_acoustic_078,63,upper,100,data/raw/nsynth/extracted/nsynth-train/audio/string_acoustic_078-063-100.wav,5305
string_acoustic_081-063-100,train,string,string_acoustic_081,63,upper,100,data/raw/nsynth/extracted/nsynth-train/audio/string_acoustic_081-063-100.wav,5305
string_acoustic_083-063-100,train,string,string_acoustic_083,63,upper,100,data/raw/nsynth/extracted/nsynth-train/audio/string_acoustic_083-063-100.wav,5305
string_acoustic_088-063-100,train,string,string_acoustic_088,63,upper,100,data/raw/nsynth/extracted/nsynth-train/audio/string_acoustic_088-063-100.wav,5305
string_acoustic_010-063-127,train,string,string_acoustic_010,63,upper,127,data/raw/nsynth/extracted/nsynth-train/audio/string_acoustic_010-063-127.wav,5305
string_acoustic_011-063-127,train,string,string_acoustic_011,63,upper,127,data/raw/nsynth/extracted/nsynth-train/audio/string_acoustic_011-063-127.wav,5305
string_acoustic_018-063-127,train,string,string_acoustic_018,63,upper,127,data/raw/nsynth/extracted/nsynth-train/audio/string_acoustic_018-063-127.wav,5305
string_acoustic_024-063-127,train,string,string_acoustic_024,63,upper,127,data/raw/nsynth/extracted/nsynth-train/audio/string_acoustic_024-063-127.wav,5305
string_acoustic_038-063-127,train,string,string_acoustic_038,63,upper,127,data/raw/nsynth/extracted/nsynth-train/audio/string_acoustic_038-063-127.wav,5305
string_acoustic_052-063-127,train,string,string_acoustic_052,63,upper,127,data/raw/nsynth/extracted/nsynth-train/audio/string_acoustic_052-063-127.wav,5305
string_acoustic_065-063-127,train,string,string_acoustic_065,63,upper,127,data/raw/nsynth/extracted/nsynth-train/audio/string_acoustic_065-063-127.wav,5305
string_acoustic_076-063-127,train,string,string_acoustic_076,63,upper,127,data/raw/nsynth/extracted/nsynth-train/audio/string_acoustic_076-063-127.wav,5305
string_acoustic_033-064-025,train,string,string_acoustic_033,64,upper,25,data/raw/nsynth/extracted/nsynth-train/audio/string_acoustic_033-064-025.wav,5305
string_acoustic_058-064-025,train,string,string_acoustic_058,64,upper,25,data/raw/nsynth/extracted/nsynth-train/audio/string_acoustic_058-064-025.wav,5305
string_acoustic_077-064-025,train,string,string_acoustic_077,64,upper,25,data/raw/nsynth/extracted/nsynth-train/audio/string_acoustic_077-064-025.wav,5305
string_acoustic_081-064-025,train,string,string_acoustic_081,64,upper,25,data/raw/nsynth/extracted/nsynth-train/audio/string_acoustic_081-064-025.wav,5305
string_acoustic_090-064-025,train,string,string_acoustic_090,64,upper,25,data/raw/nsynth/extracted/nsynth-train/audio/string_acoustic_090-064-025.wav,5305
string_acoustic_003-064-050,train,string,string_acoustic_003,64,upper,50,data/raw/nsynth/extracted/nsynth-train/audio/string_acoustic_003-064-050.wav,5305
string_acoustic_036-064-050,train,string,string_acoustic_036,64,upper,50,data/raw/nsynth/extracted/nsynth-train/audio/string_acoustic_036-064-050.wav,5305
string_acoustic_045-064-050,train,string,string_acoustic_045,64,upper,50,data/raw/nsynth/extracted/nsynth-train/audio/string_acoustic_045-064-050.wav,5305
string_acoustic_048-064-050,train,string,string_acoustic_048,64,upper,50,data/raw/nsynth/extracted/nsynth-train/audio/string_acoustic_048-064-050.wav,5305
string_acoustic_075-064-050,train,string,string_acoustic_075,64,upper,50,data/raw/nsynth/extracted/nsynth-train/audio/string_acoustic_075-064-050.wav,5305
string_acoustic_084-064-050,train,string,string_acoustic_084,64,upper,50,data/raw/nsynth/extracted/nsynth-train/audio/string_acoustic_084-064-050.wav,5305
string_acoustic_089-064-050,train,string,string_acoustic_089,64,upper,50,data/raw/nsynth/extracted/nsynth-train/audio/string_acoustic_089-064-050.wav,5305
string_acoustic_017-064-075,train,string,string_acoustic_017,64,upper,75,data/raw/nsynth/extracted/nsynth-train/audio/string_acoustic_017-064-075.wav,5305
string_acoustic_036-064-075,train,string,string_acoustic_036,64,upper,75,data/raw/nsynth/extracted/nsynth-train/audio/string_acoustic_036-064-075.wav,5305
string_acoustic_085-064-075,train,string,string_acoustic_085,64,upper,75,data/raw/nsynth/extracted/nsynth-train/audio/string_acoustic_085-064-075.wav,5305
string_acoustic_090-064-075,train,string,string_acoustic_090,64,upper,75,data/raw/nsynth/extracted/nsynth-train/audio/string_acoustic_090-064-075.wav,5305
string_acoustic_028-064-100,train,string,string_acoustic_028,64,upper,100,data/raw/nsynth/extracted/nsynth-train/audio/string_acoustic_028-064-100.wav,5305
string_acoustic_029-064-100,train,string,string_acoustic_029,64,upper,100,data/raw/nsynth/extracted/nsynth-train/audio/string_acoustic_029-064-100.wav,5305
string_acoustic_032-064-100,train,string,string_acoustic_032,64,upper,100,data/raw/nsynth/extracted/nsynth-train/audio/string_acoustic_032-064-100.wav,5305
string_acoustic_075-064-100,train,string,string_acoustic_075,64,upper,100,data/raw/nsynth/extracted/nsynth-train/audio/string_acoustic_075-064-100.wav,5305
string_acoustic_083-064-100,train,string,string_acoustic_083,64,upper,100,data/raw/nsynth/extracted/nsynth-train/audio/string_acoustic_083-064-100.wav,5305
string_acoustic_009-064-127,train,string,string_acoustic_009,64,upper,127,data/raw/nsynth/extracted/nsynth-train/audio/string_acoustic_009-064-127.wav,5305
string_acoustic_013-064-127,train,string,string_acoustic_013,64,upper,127,data/raw/nsynth/extracted/nsynth-train/audio/string_acoustic_013-064-127.wav,5305
string_acoustic_017-064-127,train,string,string_acoustic_017,64,upper,127,data/raw/nsynth/extracted/nsynth-train/audio/string_acoustic_017-064-127.wav,5305
string_acoustic_019-064-127,train,string,string_acoustic_019,64,upper,127,data/raw/nsynth/extracted/nsynth-train/audio/string_acoustic_019-064-127.wav,5305
string_acoustic_044-064-127,train,string,string_acoustic_044,64,upper,127,data/raw/nsynth/extracted/nsynth-train/audio/string_acoustic_044-064-127.wav,5305
string_acoustic_048-064-127,train,string,string_acoustic_048,64,upper,127,data/raw/nsynth/extracted/nsynth-train/audio/string_acoustic_048-064-127.wav,5305
string_acoustic_058-064-127,train,string,string_acoustic_058,64,upper,127,data/raw/nsynth/extracted/nsynth-train/audio/string_acoustic_058-064-127.wav,5305
string_acoustic_013-065-025,train,string,string_acoustic_013,65,upper,25,data/raw/nsynth/extracted/nsynth-train/audio/string_acoustic_013-065-025.wav,5305
string_acoustic_018-065-025,train,string,string_acoustic_018,65,upper,25,data/raw/nsynth/extracted/nsynth-train/audio/string_acoustic_018-065-025.wav,5305
string_acoustic_053-065-025,train,string,string_acoustic_053,65,upper,25,data/raw/nsynth/extracted/nsynth-train/audio/string_acoustic_053-065-025.wav,5305
string_acoustic_070-065-025,train,string,string_acoustic_070,65,upper,25,data/raw/nsynth/extracted/nsynth-train/audio/string_acoustic_070-065-025.wav,5305
string_acoustic_006-065-050,train,string,string_acoustic_006,65,upper,50,data/raw/nsynth/extracted/nsynth-train/audio/string_acoustic_006-065-050.wav,5305
string_acoustic_020-065-050,train,string,string_acoustic_020,65,upper,50,data/raw/nsynth/extracted/nsynth-train/audio/string_acoustic_020-065-050.wav,5305
string_acoustic_026-065-050,train,string,string_acoustic_026,65,upper,50,data/raw/nsynth/extracted/nsynth-train/audio/string_acoustic_026-065-050.wav,5305
string_acoustic_055-065-050,train,string,string_acoustic_055,65,upper,50,data/raw/nsynth/extracted/nsynth-train/audio/string_acoustic_055-065-050.wav,5305
string_acoustic_074-065-050,train,string,string_acoustic_074,65,upper,50,data/raw/nsynth/extracted/nsynth-train/audio/string_acoustic_074-065-050.wav,5305
string_acoustic_002-065-075,train,string,string_acoustic_002,65,upper,75,data/raw/nsynth/extracted/nsynth-train/audio/string_acoustic_002-065-075.wav,5305
string_acoustic_019-065-075,train,string,string_acoustic_019,65,upper,75,data/raw/nsynth/extracted/nsynth-train/audio/string_acoustic_019-065-075.wav,5305
string_acoustic_048-065-075,train,string,string_acoustic_048,65,upper,75,data/raw/nsynth/extracted/nsynth-train/audio/string_acoustic_048-065-075.wav,5305
string_acoustic_078-065-075,train,string,string_acoustic_078,65,upper,75,data/raw/nsynth/extracted/nsynth-train/audio/string_acoustic_078-065-075.wav,5305
string_acoustic_086-065-075,train,string,string_acoustic_086,65,upper,75,data/raw/nsynth/extracted/nsynth-train/audio/string_acoustic_086-065-075.wav,5305
string_acoustic_015-065-100,train,string,string_acoustic_015,65,upper,100,data/raw/nsynth/extracted/nsynth-train/audio/string_acoustic_015-065-100.wav,5305
string_acoustic_029-065-100,train,string,string_acoustic_029,65,upper,100,data/raw/nsynth/extracted/nsynth-train/audio/string_acoustic_029-065-100.wav,5305
string_acoustic_033-065-100,train,string,string_acoustic_033,65,upper,100,data/raw/nsynth/extracted/nsynth-train/audio/string_acoustic_033-065-100.wav,5305
string_acoustic_060-065-100,train,string,string_acoustic_060,65,upper,100,data/raw/nsynth/extracted/nsynth-train/audio/string_acoustic_060-065-100.wav,5305
string_acoustic_052-065-127,train,string,string_acoustic_052,65,upper,127,data/raw/nsynth/extracted/nsynth-train/audio/string_acoustic_052-065-127.wav,5305
string_acoustic_068-065-127,train,string,string_acoustic_068,65,upper,127,data/raw/nsynth/extracted/nsynth-train/audio/string_acoustic_068-065-127.wav,5305
string_acoustic_069-065-127,train,string,string_acoustic_069,65,upper,127,data/raw/nsynth/extracted/nsynth-train/audio/string_acoustic_069-065-127.wav,5305
string_acoustic_081-065-127,train,string,string_acoustic_081,65,upper,127,data/raw/nsynth/extracted/nsynth-train/audio/string_acoustic_081-065-127.wav,5305
string_acoustic_084-065-127,train,string,string_acoustic_084,65,upper,127,data/raw/nsynth/extracted/nsynth-train/audio/string_acoustic_084-065-127.wav,5305
string_acoustic_052-066-025,train,string,string_acoustic_052,66,upper,25,data/raw/nsynth/extracted/nsynth-train/audio/string_acoustic_052-066-025.wav,5305
string_acoustic_065-066-025,train,string,string_acoustic_065,66,upper,25,data/raw/nsynth/extracted/nsynth-train/audio/string_acoustic_065-066-025.wav,5305
string_acoustic_066-066-025,train,string,string_acoustic_066,66,upper,25,data/raw/nsynth/extracted/nsynth-train/audio/string_acoustic_066-066-025.wav,5305
string_acoustic_088-066-025,train,string,string_acoustic_088,66,upper,25,data/raw/nsynth/extracted/nsynth-train/audio/string_acoustic_088-066-025.wav,5305
string_acoustic_028-066-050,train,string,string_acoustic_028,66,upper,50,data/raw/nsynth/extracted/nsynth-train/audio/string_acoustic_028-066-050.wav,5305
string_acoustic_036-066-050,train,string,string_acoustic_036,66,upper,50,data/raw/nsynth/extracted/nsynth-train/audio/string_acoustic_036-066-050.wav,5305
string_acoustic_075-066-050,train,string,string_acoustic_075,66,upper,50,data/raw/nsynth/extracted/nsynth-train/audio/string_acoustic_075-066-050.wav,5305
string_acoustic_023-066-075,train,string,string_acoustic_023,66,upper,75,data/raw/nsynth/extracted/nsynth-train/audio/string_acoustic_023-066-075.wav,5305
string_acoustic_026-066-075,train,string,string_acoustic_026,66,upper,75,data/raw/nsynth/extracted/nsynth-train/audio/string_acoustic_026-066-075.wav,5305
string_acoustic_075-066-075,train,string,string_acoustic_075,66,upper,75,data/raw/nsynth/extracted/nsynth-train/audio/string_acoustic_075-066-075.wav,5305
string_acoustic_088-066-075,train,string,string_acoustic_088,66,upper,75,data/raw/nsynth/extracted/nsynth-train/audio/string_acoustic_088-066-075.wav,5305
string_acoustic_015-066-100,train,string,string_acoustic_015,66,upper,100,data/raw/nsynth/extracted/nsynth-train/audio/string_acoustic_015-066-100.wav,5305
string_acoustic_030-066-100,train,string,string_acoustic_030,66,upper,100,data/raw/nsynth/extracted/nsynth-train/audio/string_acoustic_030-066-100.wav,5305
string_acoustic_028-066-127,train,string,string_acoustic_028,66,upper,127,data/raw/nsynth/extracted/nsynth-train/audio/string_acoustic_028-066-127.wav,5305
string_acoustic_046-066-127,train,string,string_acoustic_046,66,upper,127,data/raw/nsynth/extracted/nsynth-train/audio/string_acoustic_046-066-127.wav,5305
string_acoustic_053-066-127,train,string,string_acoustic_053,66,upper,127,data/raw/nsynth/extracted/nsynth-train/audio/string_acoustic_053-066-127.wav,5305
string_acoustic_065-066-127,train,string,string_acoustic_065,66,upper,127,data/raw/nsynth/extracted/nsynth-train/audio/string_acoustic_065-066-127.wav,5305
string_acoustic_032-067-025,train,string,string_acoustic_032,67,upper,25,data/raw/nsynth/extracted/nsynth-train/audio/string_acoustic_032-067-025.wav,5305
string_acoustic_041-067-025,train,string,string_acoustic_041,67,upper,25,data/raw/nsynth/extracted/nsynth-train/audio/string_acoustic_041-067-025.wav,5305
string_acoustic_044-067-025,train,string,string_acoustic_044,67,upper,25,data/raw/nsynth/extracted/nsynth-train/audio/string_acoustic_044-067-025.wav,5305
string_acoustic_070-067-025,train,string,string_acoustic_070,67,upper,25,data/raw/nsynth/extracted/nsynth-train/audio/string_acoustic_070-067-025.wav,5305
string_acoustic_020-067-050,train,string,string_acoustic_020,67,upper,50,data/raw/nsynth/extracted/nsynth-train/audio/string_acoustic_020-067-050.wav,5305
string_acoustic_066-067-050,train,string,string_acoustic_066,67,upper,50,data/raw/nsynth/extracted/nsynth-train/audio/string_acoustic_066-067-050.wav,5305
string_acoustic_010-067-075,train,string,string_acoustic_010,67,upper,75,data/raw/nsynth/extracted/nsynth-train/audio/string_acoustic_010-067-075.wav,5305
string_acoustic_046-067-075,train,string,string_acoustic_046,67,upper,75,data/raw/nsynth/extracted/nsynth-train/audio/string_acoustic_046-067-075.wav,5305
string_acoustic_060-067-075,train,string,string_acoustic_060,67,upper,75,data/raw/nsynth/extracted/nsynth-train/audio/string_acoustic_060-067-075.wav,5305
string_acoustic_079-067-075,train,string,string_acoustic_079,67,upper,75,data/raw/nsynth/extracted/nsynth-train/audio/string_acoustic_079-067-075.wav,5305
string_acoustic_010-067-100,train,string,string_acoustic_010,67,upper,100,data/raw/nsynth/extracted/nsynth-train/audio/string_acoustic_010-067-100.wav,5305
string_acoustic_015-067-100,train,string,string_acoustic_015,67,upper,100,data/raw/nsynth/extracted/nsynth-train/audio/string_acoustic_015-067-100.wav,5305
string_acoustic_029-067-100,train,string,string_acoustic_029,67,upper,100,data/raw/nsynth/extracted/nsynth-train/audio/string_acoustic_029-067-100.wav,5305
string_acoustic_032-067-100,train,string,string_acoustic_032,67,upper,100,data/raw/nsynth/extracted/nsynth-train/audio/string_acoustic_032-067-100.wav,5305
string_acoustic_038-067-100,train,string,string_acoustic_038,67,upper,100,data/raw/nsynth/extracted/nsynth-train/audio/string_acoustic_038-067-100.wav,5305
string_acoustic_049-067-100,train,string,string_acoustic_049,67,upper,100,data/raw/nsynth/extracted/nsynth-train/audio/string_acoustic_049-067-100.wav,5305
string_acoustic_064-067-100,train,string,string_acoustic_064,67,upper,100,data/raw/nsynth/extracted/nsynth-train/audio/string_acoustic_064-067-100.wav,5305
string_acoustic_068-067-100,train,string,string_acoustic_068,67,upper,100,data/raw/nsynth/extracted/nsynth-train/audio/string_acoustic_068-067-100.wav,5305
string_acoustic_027-067-127,train,string,string_acoustic_027,67,upper,127,data/raw/nsynth/extracted/nsynth-train/audio/string_acoustic_027-067-127.wav,5305
string_acoustic_036-067-127,train,string,string_acoustic_036,67,upper,127,data/raw/nsynth/extracted/nsynth-train/audio/string_acoustic_036-067-127.wav,5305
string_acoustic_010-068-025,train,string,string_acoustic_010,68,upper,25,data/raw/nsynth/extracted/nsynth-train/audio/string_acoustic_010-068-025.wav,5305
string_acoustic_017-068-025,train,string,string_acoustic_017,68,upper,25,data/raw/nsynth/extracted/nsynth-train/audio/string_acoustic_017-068-025.wav,5305
string_acoustic_020-068-025,train,string,string_acoustic_020,68,upper,25,data/raw/nsynth/extracted/nsynth-train/audio/string_acoustic_020-068-025.wav,5305
string_acoustic_040-068-025,train,string,string_acoustic_040,68,upper,25,data/raw/nsynth/extracted/nsynth-train/audio/string_acoustic_040-068-025.wav,5305
string_acoustic_050-068-025,train,string,string_acoustic_050,68,upper,25,data/raw/nsynth/extracted/nsynth-train/audio/string_acoustic_050-068-025.wav,5305
string_acoustic_066-068-025,train,string,string_acoustic_066,68,upper,25,data/raw/nsynth/extracted/nsynth-train/audio/string_acoustic_066-068-025.wav,5305
string_acoustic_069-068-025,train,string,string_acoustic_069,68,upper,25,data/raw/nsynth/extracted/nsynth-train/audio/string_acoustic_069-068-025.wav,5305
string_acoustic_081-068-025,train,string,string_acoustic_081,68,upper,25,data/raw/nsynth/extracted/nsynth-train/audio/string_acoustic_081-068-025.wav,5305
string_acoustic_029-068-050,train,string,string_acoustic_029,68,upper,50,data/raw/nsynth/extracted/nsynth-train/audio/string_acoustic_029-068-050.wav,5305
string_acoustic_053-068-050,train,string,string_acoustic_053,68,upper,50,data/raw/nsynth/extracted/nsynth-train/audio/string_acoustic_053-068-050.wav,5305
string_acoustic_030-068-075,train,string,string_acoustic_030,68,upper,75,data/raw/nsynth/extracted/nsynth-train/audio/string_acoustic_030-068-075.wav,5305
string_acoustic_041-068-075,train,string,string_acoustic_041,68,upper,75,data/raw/nsynth/extracted/nsynth-train/audio/string_acoustic_041-068-075.wav,5305
string_acoustic_066-068-075,train,string,string_acoustic_066,68,upper,75,data/raw/nsynth/extracted/nsynth-train/audio/string_acoustic_066-068-075.wav,5305
string_acoustic_036-068-100,train,string,string_acoustic_036,68,upper,100,data/raw/nsynth/extracted/nsynth-train/audio/string_acoustic_036-068-100.wav,5305
string_acoustic_059-068-100,train,string,string_acoustic_059,68,upper,100,data/raw/nsynth/extracted/nsynth-train/audio/string_acoustic_059-068-100.wav,5305
string_acoustic_051-068-127,train,string,string_acoustic_051,68,upper,127,data/raw/nsynth/extracted/nsynth-train/audio/string_acoustic_051-068-127.wav,5305
string_acoustic_054-068-127,train,string,string_acoustic_054,68,upper,127,data/raw/nsynth/extracted/nsynth-train/audio/string_acoustic_054-068-127.wav,5305
string_acoustic_064-068-127,train,string,string_acoustic_064,68,upper,127,data/raw/nsynth/extracted/nsynth-train/audio/string_acoustic_064-068-127.wav,5305
string_acoustic_006-069-025,train,string,string_acoustic_006,69,upper,25,data/raw/nsynth/extracted/nsynth-train/audio/string_acoustic_006-069-025.wav,5305
string_acoustic_065-069-025,train,string,string_acoustic_065,69,upper,25,data/raw/nsynth/extracted/nsynth-train/audio/string_acoustic_065-069-025.wav,5305
string_acoustic_005-069-050,train,string,string_acoustic_005,69,upper,50,data/raw/nsynth/extracted/nsynth-train/audio/string_acoustic_005-069-050.wav,5305
string_acoustic_035-069-050,train,string,string_acoustic_035,69,upper,50,data/raw/nsynth/extracted/nsynth-train/audio/string_acoustic_035-069-050.wav,5305
string_acoustic_061-069-050,train,string,string_acoustic_061,69,upper,50,data/raw/nsynth/extracted/nsynth-train/audio/string_acoustic_061-069-050.wav,5305
string_acoustic_064-069-050,train,string,string_acoustic_064,69,upper,50,data/raw/nsynth/extracted/nsynth-train/audio/string_acoustic_064-069-050.wav,5305
string_acoustic_074-069-050,train,string,string_acoustic_074,69,upper,50,data/raw/nsynth/extracted/nsynth-train/audio/string_acoustic_074-069-050.wav,5305
string_acoustic_075-069-050,train,string,string_acoustic_075,69,upper,50,data/raw/nsynth/extracted/nsynth-train/audio/string_acoustic_075-069-050.wav,5305
string_acoustic_081-069-050,train,string,string_acoustic_081,69,upper,50,data/raw/nsynth/extracted/nsynth-train/audio/string_acoustic_081-069-050.wav,5305
string_acoustic_084-069-050,train,string,string_acoustic_084,69,upper,50,data/raw/nsynth/extracted/nsynth-train/audio/string_acoustic_084-069-050.wav,5305
string_acoustic_017-069-075,train,string,string_acoustic_017,69,upper,75,data/raw/nsynth/extracted/nsynth-train/audio/string_acoustic_017-069-075.wav,5305
string_acoustic_020-069-075,train,string,string_acoustic_020,69,upper,75,data/raw/nsynth/extracted/nsynth-train/audio/string_acoustic_020-069-075.wav,5305
string_acoustic_032-069-075,train,string,string_acoustic_032,69,upper,75,data/raw/nsynth/extracted/nsynth-train/audio/string_acoustic_032-069-075.wav,5305
string_acoustic_041-069-075,train,string,string_acoustic_041,69,upper,75,data/raw/nsynth/extracted/nsynth-train/audio/string_acoustic_041-069-075.wav,5305
string_acoustic_002-069-100,train,string,string_acoustic_002,69,upper,100,data/raw/nsynth/extracted/nsynth-train/audio/string_acoustic_002-069-100.wav,5305
string_acoustic_086-069-100,train,string,string_acoustic_086,69,upper,100,data/raw/nsynth/extracted/nsynth-train/audio/string_acoustic_086-069-100.wav,5305
string_acoustic_001-069-127,train,string,string_acoustic_001,69,upper,127,data/raw/nsynth/extracted/nsynth-train/audio/string_acoustic_001-069-127.wav,5305
string_acoustic_027-069-127,train,string,string_acoustic_027,69,upper,127,data/raw/nsynth/extracted/nsynth-train/audio/string_acoustic_027-069-127.wav,5305
string_acoustic_050-069-127,train,string,string_acoustic_050,69,upper,127,data/raw/nsynth/extracted/nsynth-train/audio/string_acoustic_050-069-127.wav,5305
string_acoustic_075-069-127,train,string,string_acoustic_075,69,upper,127,data/raw/nsynth/extracted/nsynth-train/audio/string_acoustic_075-069-127.wav,5305
string_acoustic_081-069-127,train,string,string_acoustic_081,69,upper,127,data/raw/nsynth/extracted/nsynth-train/audio/string_acoustic_081-069-127.wav,5305
bass_synthetic_134-043-025,valid,bass,bass_synthetic_134,43,lower,25,data/raw/nsynth/extracted/nsynth-valid/audio/bass_synthetic_134-043-025.wav,5305
bass_synthetic_135-043-050,valid,bass,bass_synthetic_135,43,lower,50,data/raw/nsynth/extracted/nsynth-valid/audio/bass_synthetic_135-043-050.wav,5305
bass_electronic_027-043-075,valid,bass,bass_electronic_027,43,lower,75,data/raw/nsynth/extracted/nsynth-valid/audio/bass_electronic_027-043-075.wav,5305
bass_synthetic_009-043-075,valid,bass,bass_synthetic_009,43,lower,75,data/raw/nsynth/extracted/nsynth-valid/audio/bass_synthetic_009-043-075.wav,5305
bass_synthetic_135-043-075,valid,bass,bass_synthetic_135,43,lower,75,data/raw/nsynth/extracted/nsynth-valid/audio/bass_synthetic_135-043-075.wav,5305
bass_electronic_025-043-127,valid,bass,bass_electronic_025,43,lower,127,data/raw/nsynth/extracted/nsynth-valid/audio/bass_electronic_025-043-127.wav,5305
bass_electronic_027-043-127,valid,bass,bass_electronic_027,43,lower,127,data/raw/nsynth/extracted/nsynth-valid/audio/bass_electronic_027-043-127.wav,5305
bass_synthetic_068-043-127,valid,bass,bass_synthetic_068,43,lower,127,data/raw/nsynth/extracted/nsynth-valid/audio/bass_synthetic_068-043-127.wav,5305
bass_electronic_025-044-050,valid,bass,bass_electronic_025,44,lower,50,data/raw/nsynth/extracted/nsynth-valid/audio/bass_electronic_025-044-050.wav,5305
bass_synthetic_135-044-050,valid,bass,bass_synthetic_135,44,lower,50,data/raw/nsynth/extracted/nsynth-valid/audio/bass_synthetic_135-044-050.wav,5305
bass_electronic_027-044-075,valid,bass,bass_electronic_027,44,lower,75,data/raw/nsynth/extracted/nsynth-valid/audio/bass_electronic_027-044-075.wav,5305
bass_synthetic_009-044-075,valid,bass,bass_synthetic_009,44,lower,75,data/raw/nsynth/extracted/nsynth-valid/audio/bass_synthetic_009-044-075.wav,5305
bass_synthetic_033-044-075,valid,bass,bass_synthetic_033,44,lower,75,data/raw/nsynth/extracted/nsynth-valid/audio/bass_synthetic_033-044-075.wav,5305
bass_synthetic_098-044-075,valid,bass,bass_synthetic_098,44,lower,75,data/raw/nsynth/extracted/nsynth-valid/audio/bass_synthetic_098-044-075.wav,5305
bass_synthetic_135-044-075,valid,bass,bass_synthetic_135,44,lower,75,data/raw/nsynth/extracted/nsynth-valid/audio/bass_synthetic_135-044-075.wav,5305
bass_synthetic_068-044-100,valid,bass,bass_synthetic_068,44,lower,100,data/raw/nsynth/extracted/nsynth-valid/audio/bass_synthetic_068-044-100.wav,5305
bass_synthetic_135-044-100,valid,bass,bass_synthetic_135,44,lower,100,data/raw/nsynth/extracted/nsynth-valid/audio/bass_synthetic_135-044-100.wav,5305
bass_synthetic_033-044-127,valid,bass,bass_synthetic_033,44,lower,127,data/raw/nsynth/extracted/nsynth-valid/audio/bass_synthetic_033-044-127.wav,5305
bass_synthetic_068-044-127,valid,bass,bass_synthetic_068,44,lower,127,data/raw/nsynth/extracted/nsynth-valid/audio/bass_synthetic_068-044-127.wav,5305
bass_synthetic_134-044-127,valid,bass,bass_synthetic_134,44,lower,127,data/raw/nsynth/extracted/nsynth-valid/audio/bass_synthetic_134-044-127.wav,5305
bass_electronic_018-045-025,valid,bass,bass_electronic_018,45,lower,25,data/raw/nsynth/extracted/nsynth-valid/audio/bass_electronic_018-045-025.wav,5305
bass_electronic_027-045-025,valid,bass,bass_electronic_027,45,lower,25,data/raw/nsynth/extracted/nsynth-valid/audio/bass_electronic_027-045-025.wav,5305
bass_synthetic_098-045-025,valid,bass,bass_synthetic_098,45,lower,25,data/raw/nsynth/extracted/nsynth-valid/audio/bass_synthetic_098-045-025.wav,5305
bass_synthetic_009-045-050,valid,bass,bass_synthetic_009,45,lower,50,data/raw/nsynth/extracted/nsynth-valid/audio/bass_synthetic_009-045-050.wav,5305
bass_electronic_027-045-075,valid,bass,bass_electronic_027,45,lower,75,data/raw/nsynth/extracted/nsynth-valid/audio/bass_electronic_027-045-075.wav,5305
bass_synthetic_135-045-100,valid,bass,bass_synthetic_135,45,lower,100,data/raw/nsynth/extracted/nsynth-valid/audio/bass_synthetic_135-045-100.wav,5305
bass_electronic_018-045-127,valid,bass,bass_electronic_018,45,lower,127,data/raw/nsynth/extracted/nsynth-valid/audio/bass_electronic_018-045-127.wav,5305
bass_electronic_027-045-127,valid,bass,bass_electronic_027,45,lower,127,data/raw/nsynth/extracted/nsynth-valid/audio/bass_electronic_027-045-127.wav,5305
bass_synthetic_134-045-127,valid,bass,bass_synthetic_134,45,lower,127,data/raw/nsynth/extracted/nsynth-valid/audio/bass_synthetic_134-045-127.wav,5305
bass_synthetic_009-046-025,valid,bass,bass_synthetic_009,46,lower,25,data/raw/nsynth/extracted/nsynth-valid/audio/bass_synthetic_009-046-025.wav,5305
bass_synthetic_135-046-025,valid,bass,bass_synthetic_135,46,lower,25,data/raw/nsynth/extracted/nsynth-valid/audio/bass_synthetic_135-046-025.wav,5305
bass_synthetic_098-046-050,valid,bass,bass_synthetic_098,46,lower,50,data/raw/nsynth/extracted/nsynth-valid/audio/bass_synthetic_098-046-050.wav,5305
bass_electronic_025-046-075,valid,bass,bass_electronic_025,46,lower,75,data/raw/nsynth/extracted/nsynth-valid/audio/bass_electronic_025-046-075.wav,5305
bass_synthetic_009-046-075,valid,bass,bass_synthetic_009,46,lower,75,data/raw/nsynth/extracted/nsynth-valid/audio/bass_synthetic_009-046-075.wav,5305
bass_synthetic_135-046-100,valid,bass,bass_synthetic_135,46,lower,100,data/raw/nsynth/extracted/nsynth-valid/audio/bass_synthetic_135-046-100.wav,5305
bass_synthetic_033-046-127,valid,bass,bass_synthetic_033,46,lower,127,data/raw/nsynth/extracted/nsynth-valid/audio/bass_synthetic_033-046-127.wav,5305
bass_synthetic_068-046-127,valid,bass,bass_synthetic_068,46,lower,127,data/raw/nsynth/extracted/nsynth-valid/audio/bass_synthetic_068-046-127.wav,5305
bass_synthetic_135-046-127,valid,bass,bass_synthetic_135,46,lower,127,data/raw/nsynth/extracted/nsynth-valid/audio/bass_synthetic_135-046-127.wav,5305
bass_synthetic_033-047-050,valid,bass,bass_synthetic_033,47,lower,50,data/raw/nsynth/extracted/nsynth-valid/audio/bass_synthetic_033-047-050.wav,5305
bass_synthetic_135-047-050,valid,bass,bass_synthetic_135,47,lower,50,data/raw/nsynth/extracted/nsynth-valid/audio/bass_synthetic_135-047-050.wav,5305
bass_electronic_018-047-075,valid,bass,bass_electronic_018,47,lower,75,data/raw/nsynth/extracted/nsynth-valid/audio/bass_electronic_018-047-075.wav,5305
bass_synthetic_033-047-075,valid,bass,bass_synthetic_033,47,lower,75,data/raw/nsynth/extracted/nsynth-valid/audio/bass_synthetic_033-047-075.wav,5305
bass_synthetic_098-047-075,valid,bass,bass_synthetic_098,47,lower,75,data/raw/nsynth/extracted/nsynth-valid/audio/bass_synthetic_098-047-075.wav,5305
bass_electronic_027-047-100,valid,bass,bass_electronic_027,47,lower,100,data/raw/nsynth/extracted/nsynth-valid/audio/bass_electronic_027-047-100.wav,5305
bass_synthetic_033-047-100,valid,bass,bass_synthetic_033,47,lower,100,data/raw/nsynth/extracted/nsynth-valid/audio/bass_synthetic_033-047-100.wav,5305
bass_synthetic_068-047-100,valid,bass,bass_synthetic_068,47,lower,100,data/raw/nsynth/extracted/nsynth-valid/audio/bass_synthetic_068-047-100.wav,5305
bass_electronic_018-047-127,valid,bass,bass_electronic_018,47,lower,127,data/raw/nsynth/extracted/nsynth-valid/audio/bass_electronic_018-047-127.wav,5305
bass_synthetic_134-047-127,valid,bass,bass_synthetic_134,47,lower,127,data/raw/nsynth/extracted/nsynth-valid/audio/bass_synthetic_134-047-127.wav,5305
bass_electronic_018-048-025,valid,bass,bass_electronic_018,48,lower,25,data/raw/nsynth/extracted/nsynth-valid/audio/bass_electronic_018-048-025.wav,5305
bass_synthetic_135-048-025,valid,bass,bass_synthetic_135,48,lower,25,data/raw/nsynth/extracted/nsynth-valid/audio/bass_synthetic_135-048-025.wav,5305
bass_synthetic_134-048-050,valid,bass,bass_synthetic_134,48,lower,50,data/raw/nsynth/extracted/nsynth-valid/audio/bass_synthetic_134-048-050.wav,5305
bass_synthetic_033-048-075,valid,bass,bass_synthetic_033,48,lower,75,data/raw/nsynth/extracted/nsynth-valid/audio/bass_synthetic_033-048-075.wav,5305
bass_synthetic_135-048-075,valid,bass,bass_synthetic_135,48,lower,75,data/raw/nsynth/extracted/nsynth-valid/audio/bass_synthetic_135-048-075.wav,5305
bass_synthetic_009-048-100,valid,bass,bass_synthetic_009,48,lower,100,data/raw/nsynth/extracted/nsynth-valid/audio/bass_synthetic_009-048-100.wav,5305
bass_synthetic_134-048-100,valid,bass,bass_synthetic_134,48,lower,100,data/raw/nsynth/extracted/nsynth-valid/audio/bass_synthetic_134-048-100.wav,5305
bass_electronic_025-049-025,valid,bass,bass_electronic_025,49,lower,25,data/raw/nsynth/extracted/nsynth-valid/audio/bass_electronic_025-049-025.wav,5305
bass_electronic_027-049-025,valid,bass,bass_electronic_027,49,lower,25,data/raw/nsynth/extracted/nsynth-valid/audio/bass_electronic_027-049-025.wav,5305
bass_synthetic_033-049-025,valid,bass,bass_synthetic_033,49,lower,25,data/raw/nsynth/extracted/nsynth-valid/audio/bass_synthetic_033-049-025.wav,5305
bass_synthetic_134-049-025,valid,bass,bass_synthetic_134,49,lower,25,data/raw/nsynth/extracted/nsynth-valid/audio/bass_synthetic_134-049-025.wav,5305
bass_electronic_025-049-050,valid,bass,bass_electronic_025,49,lower,50,data/raw/nsynth/extracted/nsynth-valid/audio/bass_electronic_025-049-050.wav,5305
bass_synthetic_009-049-050,valid,bass,bass_synthetic_009,49,lower,50,data/raw/nsynth/extracted/nsynth-valid/audio/bass_synthetic_009-049-050.wav,5305
bass_synthetic_034-049-050,valid,bass,bass_synthetic_034,49,lower,50,data/raw/nsynth/extracted/nsynth-valid/audio/bass_synthetic_034-049-050.wav,5305
bass_synthetic_068-049-050,valid,bass,bass_synthetic_068,49,lower,50,data/raw/nsynth/extracted/nsynth-valid/audio/bass_synthetic_068-049-050.wav,5305
bass_synthetic_134-049-050,valid,bass,bass_synthetic_134,49,lower,50,data/raw/nsynth/extracted/nsynth-valid/audio/bass_synthetic_134-049-050.wav,5305
bass_synthetic_135-049-050,valid,bass,bass_synthetic_135,49,lower,50,data/raw/nsynth/extracted/nsynth-valid/audio/bass_synthetic_135-049-050.wav,5305
bass_synthetic_134-049-075,valid,bass,bass_synthetic_134,49,lower,75,data/raw/nsynth/extracted/nsynth-valid/audio/bass_synthetic_134-049-075.wav,5305
bass_synthetic_135-049-075,valid,bass,bass_synthetic_135,49,lower,75,data/raw/nsynth/extracted/nsynth-valid/audio/bass_synthetic_135-049-075.wav,5305
bass_synthetic_034-049-100,valid,bass,bass_synthetic_034,49,lower,100,data/raw/nsynth/extracted/nsynth-valid/audio/bass_synthetic_034-049-100.wav,5305
bass_synthetic_068-049-100,valid,bass,bass_synthetic_068,49,lower,100,data/raw/nsynth/extracted/nsynth-valid/audio/bass_synthetic_068-049-100.wav,5305
bass_synthetic_098-049-100,valid,bass,bass_synthetic_098,49,lower,100,data/raw/nsynth/extracted/nsynth-valid/audio/bass_synthetic_098-049-100.wav,5305
bass_electronic_018-049-127,valid,bass,bass_electronic_018,49,lower,127,data/raw/nsynth/extracted/nsynth-valid/audio/bass_electronic_018-049-127.wav,5305
bass_electronic_025-049-127,valid,bass,bass_electronic_025,49,lower,127,data/raw/nsynth/extracted/nsynth-valid/audio/bass_electronic_025-049-127.wav,5305
bass_synthetic_134-049-127,valid,bass,bass_synthetic_134,49,lower,127,data/raw/nsynth/extracted/nsynth-valid/audio/bass_synthetic_134-049-127.wav,5305
bass_electronic_027-050-025,valid,bass,bass_electronic_027,50,lower,25,data/raw/nsynth/extracted/nsynth-valid/audio/bass_electronic_027-050-025.wav,5305
bass_synthetic_068-050-025,valid,bass,bass_synthetic_068,50,lower,25,data/raw/nsynth/extracted/nsynth-valid/audio/bass_synthetic_068-050-025.wav,5305
bass_synthetic_134-050-025,valid,bass,bass_synthetic_134,50,lower,25,data/raw/nsynth/extracted/nsynth-valid/audio/bass_synthetic_134-050-025.wav,5305
bass_electronic_018-050-050,valid,bass,bass_electronic_018,50,lower,50,data/raw/nsynth/extracted/nsynth-valid/audio/bass_electronic_018-050-050.wav,5305
bass_electronic_027-050-050,valid,bass,bass_electronic_027,50,lower,50,data/raw/nsynth/extracted/nsynth-valid/audio/bass_electronic_027-050-050.wav,5305
bass_synthetic_009-050-050,valid,bass,bass_synthetic_009,50,lower,50,data/raw/nsynth/extracted/nsynth-valid/audio/bass_synthetic_009-050-050.wav,5305
bass_synthetic_033-050-050,valid,bass,bass_synthetic_033,50,lower,50,data/raw/nsynth/extracted/nsynth-valid/audio/bass_synthetic_033-050-050.wav,5305
bass_synthetic_068-050-050,valid,bass,bass_synthetic_068,50,lower,50,data/raw/nsynth/extracted/nsynth-valid/audio/bass_synthetic_068-050-050.wav,5305
bass_synthetic_034-050-075,valid,bass,bass_synthetic_034,50,lower,75,data/raw/nsynth/extracted/nsynth-valid/audio/bass_synthetic_034-050-075.wav,5305
bass_electronic_018-050-100,valid,bass,bass_electronic_018,50,lower,100,data/raw/nsynth/extracted/nsynth-valid/audio/bass_electronic_018-050-100.wav,5305
bass_synthetic_033-050-100,valid,bass,bass_synthetic_033,50,lower,100,data/raw/nsynth/extracted/nsynth-valid/audio/bass_synthetic_033-050-100.wav,5305
bass_synthetic_135-050-100,valid,bass,bass_synthetic_135,50,lower,100,data/raw/nsynth/extracted/nsynth-valid/audio/bass_synthetic_135-050-100.wav,5305
bass_electronic_025-050-127,valid,bass,bass_electronic_025,50,lower,127,data/raw/nsynth/extracted/nsynth-valid/audio/bass_electronic_025-050-127.wav,5305
bass_electronic_027-051-025,valid,bass,bass_electronic_027,51,lower,25,data/raw/nsynth/extracted/nsynth-valid/audio/bass_electronic_027-051-025.wav,5305
bass_synthetic_009-051-025,valid,bass,bass_synthetic_009,51,lower,25,data/raw/nsynth/extracted/nsynth-valid/audio/bass_synthetic_009-051-025.wav,5305
bass_synthetic_098-051-025,valid,bass,bass_synthetic_098,51,lower,25,data/raw/nsynth/extracted/nsynth-valid/audio/bass_synthetic_098-051-025.wav,5305
bass_electronic_027-051-050,valid,bass,bass_electronic_027,51,lower,50,data/raw/nsynth/extracted/nsynth-valid/audio/bass_electronic_027-051-050.wav,5305
bass_synthetic_068-051-050,valid,bass,bass_synthetic_068,51,lower,50,data/raw/nsynth/extracted/nsynth-valid/audio/bass_synthetic_068-051-050.wav,5305
bass_electronic_027-051-075,valid,bass,bass_electronic_027,51,lower,75,data/raw/nsynth/extracted/nsynth-valid/audio/bass_electronic_027-051-075.wav,5305
bass_synthetic_009-051-075,valid,bass,bass_synthetic_009,51,lower,75,data/raw/nsynth/extracted/nsynth-valid/audio/bass_synthetic_009-051-075.wav,5305
bass_electronic_025-051-100,valid,bass,bass_electronic_025,51,lower,100,data/raw/nsynth/extracted/nsynth-valid/audio/bass_electronic_025-051-100.wav,5305
bass_synthetic_033-051-100,valid,bass,bass_synthetic_033,51,lower,100,data/raw/nsynth/extracted/nsynth-valid/audio/bass_synthetic_033-051-100.wav,5305
bass_synthetic_134-051-100,valid,bass,bass_synthetic_134,51,lower,100,data/raw/nsynth/extracted/nsynth-valid/audio/bass_synthetic_134-051-100.wav,5305
bass_electronic_027-051-127,valid,bass,bass_electronic_027,51,lower,127,data/raw/nsynth/extracted/nsynth-valid/audio/bass_electronic_027-051-127.wav,5305
bass_synthetic_009-051-127,valid,bass,bass_synthetic_009,51,lower,127,data/raw/nsynth/extracted/nsynth-valid/audio/bass_synthetic_009-051-127.wav,5305
bass_synthetic_033-051-127,valid,bass,bass_synthetic_033,51,lower,127,data/raw/nsynth/extracted/nsynth-valid/audio/bass_synthetic_033-051-127.wav,5305
bass_electronic_018-052-025,valid,bass,bass_electronic_018,52,middle,25,data/raw/nsynth/extracted/nsynth-valid/audio/bass_electronic_018-052-025.wav,5305
bass_electronic_025-052-025,valid,bass,bass_electronic_025,52,middle,25,data/raw/nsynth/extracted/nsynth-valid/audio/bass_electronic_025-052-025.wav,5305
bass_synthetic_068-052-025,valid,bass,bass_synthetic_068,52,middle,25,data/raw/nsynth/extracted/nsynth-valid/audio/bass_synthetic_068-052-025.wav,5305
bass_synthetic_098-052-025,valid,bass,bass_synthetic_098,52,middle,25,data/raw/nsynth/extracted/nsynth-valid/audio/bass_synthetic_098-052-025.wav,5305
bass_synthetic_134-052-025,valid,bass,bass_synthetic_134,52,middle,25,data/raw/nsynth/extracted/nsynth-valid/audio/bass_synthetic_134-052-025.wav,5305
bass_electronic_018-052-050,valid,bass,bass_electronic_018,52,middle,50,data/raw/nsynth/extracted/nsynth-valid/audio/bass_electronic_018-052-050.wav,5305
bass_synthetic_009-052-050,valid,bass,bass_synthetic_009,52,middle,50,data/raw/nsynth/extracted/nsynth-valid/audio/bass_synthetic_009-052-050.wav,5305
bass_synthetic_009-052-075,valid,bass,bass_synthetic_009,52,middle,75,data/raw/nsynth/extracted/nsynth-valid/audio/bass_synthetic_009-052-075.wav,5305
bass_synthetic_034-052-075,valid,bass,bass_synthetic_034,52,middle,75,data/raw/nsynth/extracted/nsynth-valid/audio/bass_synthetic_034-052-075.wav,5305
bass_synthetic_068-052-075,valid,bass,bass_synthetic_068,52,middle,75,data/raw/nsynth/extracted/nsynth-valid/audio/bass_synthetic_068-052-075.wav,5305
bass_electronic_018-052-100,valid,bass,bass_electronic_018,52,middle,100,data/raw/nsynth/extracted/nsynth-valid/audio/bass_electronic_018-052-100.wav,5305
bass_synthetic_009-052-100,valid,bass,bass_synthetic_009,52,middle,100,data/raw/nsynth/extracted/nsynth-valid/audio/bass_synthetic_009-052-100.wav,5305
bass_synthetic_033-052-100,valid,bass,bass_synthetic_033,52,middle,100,data/raw/nsynth/extracted/nsynth-valid/audio/bass_synthetic_033-052-100.wav,5305
bass_electronic_025-052-127,valid,bass,bass_electronic_025,52,middle,127,data/raw/nsynth/extracted/nsynth-valid/audio/bass_electronic_025-052-127.wav,5305
bass_synthetic_033-052-127,valid,bass,bass_synthetic_033,52,middle,127,data/raw/nsynth/extracted/nsynth-valid/audio/bass_synthetic_033-052-127.wav,5305
bass_electronic_018-053-025,valid,bass,bass_electronic_018,53,middle,25,data/raw/nsynth/extracted/nsynth-valid/audio/bass_electronic_018-053-025.wav,5305
bass_synthetic_098-053-025,valid,bass,bass_synthetic_098,53,middle,25,data/raw/nsynth/extracted/nsynth-valid/audio/bass_synthetic_098-053-025.wav,5305
bass_synthetic_135-053-025,valid,bass,bass_synthetic_135,53,middle,25,data/raw/nsynth/extracted/nsynth-valid/audio/bass_synthetic_135-053-025.wav,5305
bass_electronic_018-053-050,valid,bass,bass_electronic_018,53,middle,50,data/raw/nsynth/extracted/nsynth-valid/audio/bass_electronic_018-053-050.wav,5305
bass_electronic_027-053-050,valid,bass,bass_electronic_027,53,middle,50,data/raw/nsynth/extracted/nsynth-valid/audio/bass_electronic_027-053-050.wav,5305
bass_synthetic_098-053-050,valid,bass,bass_synthetic_098,53,middle,50,data/raw/nsynth/extracted/nsynth-valid/audio/bass_synthetic_098-053-050.wav,5305
bass_synthetic_134-053-050,valid,bass,bass_synthetic_134,53,middle,50,data/raw/nsynth/extracted/nsynth-valid/audio/bass_synthetic_134-053-050.wav,5305
bass_electronic_027-053-075,valid,bass,bass_electronic_027,53,middle,75,data/raw/nsynth/extracted/nsynth-valid/audio/bass_electronic_027-053-075.wav,5305
bass_synthetic_009-053-075,valid,bass,bass_synthetic_009,53,middle,75,data/raw/nsynth/extracted/nsynth-valid/audio/bass_synthetic_009-053-075.wav,5305
bass_synthetic_068-053-100,valid,bass,bass_synthetic_068,53,middle,100,data/raw/nsynth/extracted/nsynth-valid/audio/bass_synthetic_068-053-100.wav,5305
bass_synthetic_009-053-127,valid,bass,bass_synthetic_009,53,middle,127,data/raw/nsynth/extracted/nsynth-valid/audio/bass_synthetic_009-053-127.wav,5305
bass_synthetic_033-053-127,valid,bass,bass_synthetic_033,53,middle,127,data/raw/nsynth/extracted/nsynth-valid/audio/bass_synthetic_033-053-127.wav,5305
bass_synthetic_098-053-127,valid,bass,bass_synthetic_098,53,middle,127,data/raw/nsynth/extracted/nsynth-valid/audio/bass_synthetic_098-053-127.wav,5305
bass_synthetic_009-054-025,valid,bass,bass_synthetic_009,54,middle,25,data/raw/nsynth/extracted/nsynth-valid/audio/bass_synthetic_009-054-025.wav,5305
bass_synthetic_034-054-025,valid,bass,bass_synthetic_034,54,middle,25,data/raw/nsynth/extracted/nsynth-valid/audio/bass_synthetic_034-054-025.wav,5305
bass_synthetic_135-054-025,valid,bass,bass_synthetic_135,54,middle,25,data/raw/nsynth/extracted/nsynth-valid/audio/bass_synthetic_135-054-025.wav,5305
bass_electronic_025-054-050,valid,bass,bass_electronic_025,54,middle,50,data/raw/nsynth/extracted/nsynth-valid/audio/bass_electronic_025-054-050.wav,5305
bass_electronic_027-054-050,valid,bass,bass_electronic_027,54,middle,50,data/raw/nsynth/extracted/nsynth-valid/audio/bass_electronic_027-054-050.wav,5305
bass_synthetic_009-054-050,valid,bass,bass_synthetic_009,54,middle,50,data/raw/nsynth/extracted/nsynth-valid/audio/bass_synthetic_009-054-050.wav,5305
bass_synthetic_033-054-075,valid,bass,bass_synthetic_033,54,middle,75,data/raw/nsynth/extracted/nsynth-valid/audio/bass_synthetic_033-054-075.wav,5305
bass_synthetic_034-054-075,valid,bass,bass_synthetic_034,54,middle,75,data/raw/nsynth/extracted/nsynth-valid/audio/bass_synthetic_034-054-075.wav,5305
bass_synthetic_068-054-075,valid,bass,bass_synthetic_068,54,middle,75,data/raw/nsynth/extracted/nsynth-valid/audio/bass_synthetic_068-054-075.wav,5305
bass_electronic_025-054-100,valid,bass,bass_electronic_025,54,middle,100,data/raw/nsynth/extracted/nsynth-valid/audio/bass_electronic_025-054-100.wav,5305
bass_synthetic_033-054-100,valid,bass,bass_synthetic_033,54,middle,100,data/raw/nsynth/extracted/nsynth-valid/audio/bass_synthetic_033-054-100.wav,5305
bass_synthetic_098-054-100,valid,bass,bass_synthetic_098,54,middle,100,data/raw/nsynth/extracted/nsynth-valid/audio/bass_synthetic_098-054-100.wav,5305
bass_synthetic_134-054-100,valid,bass,bass_synthetic_134,54,middle,100,data/raw/nsynth/extracted/nsynth-valid/audio/bass_synthetic_134-054-100.wav,5305
bass_synthetic_009-054-127,valid,bass,bass_synthetic_009,54,middle,127,data/raw/nsynth/extracted/nsynth-valid/audio/bass_synthetic_009-054-127.wav,5305
bass_synthetic_068-054-127,valid,bass,bass_synthetic_068,54,middle,127,data/raw/nsynth/extracted/nsynth-valid/audio/bass_synthetic_068-054-127.wav,5305
bass_synthetic_134-054-127,valid,bass,bass_synthetic_134,54,middle,127,data/raw/nsynth/extracted/nsynth-valid/audio/bass_synthetic_134-054-127.wav,5305
bass_synthetic_135-054-127,valid,bass,bass_synthetic_135,54,middle,127,data/raw/nsynth/extracted/nsynth-valid/audio/bass_synthetic_135-054-127.wav,5305
bass_electronic_027-055-025,valid,bass,bass_electronic_027,55,middle,25,data/raw/nsynth/extracted/nsynth-valid/audio/bass_electronic_027-055-025.wav,5305
bass_synthetic_009-055-025,valid,bass,bass_synthetic_009,55,middle,25,data/raw/nsynth/extracted/nsynth-valid/audio/bass_synthetic_009-055-025.wav,5305
bass_electronic_025-055-050,valid,bass,bass_electronic_025,55,middle,50,data/raw/nsynth/extracted/nsynth-valid/audio/bass_electronic_025-055-050.wav,5305
bass_synthetic_098-055-050,valid,bass,bass_synthetic_098,55,middle,50,data/raw/nsynth/extracted/nsynth-valid/audio/bass_synthetic_098-055-050.wav,5305
bass_synthetic_009-055-075,valid,bass,bass_synthetic_009,55,middle,75,data/raw/nsynth/extracted/nsynth-valid/audio/bass_synthetic_009-055-075.wav,5305
bass_synthetic_033-055-075,valid,bass,bass_synthetic_033,55,middle,75,data/raw/nsynth/extracted/nsynth-valid/audio/bass_synthetic_033-055-075.wav,5305
bass_synthetic_034-055-075,valid,bass,bass_synthetic_034,55,middle,75,data/raw/nsynth/extracted/nsynth-valid/audio/bass_synthetic_034-055-075.wav,5305
bass_electronic_018-055-100,valid,bass,bass_electronic_018,55,middle,100,data/raw/nsynth/extracted/nsynth-valid/audio/bass_electronic_018-055-100.wav,5305
bass_electronic_025-055-100,valid,bass,bass_electronic_025,55,middle,100,data/raw/nsynth/extracted/nsynth-valid/audio/bass_electronic_025-055-100.wav,5305
bass_synthetic_009-055-100,valid,bass,bass_synthetic_009,55,middle,100,data/raw/nsynth/extracted/nsynth-valid/audio/bass_synthetic_009-055-100.wav,5305
bass_synthetic_033-055-100,valid,bass,bass_synthetic_033,55,middle,100,data/raw/nsynth/extracted/nsynth-valid/audio/bass_synthetic_033-055-100.wav,5305
bass_synthetic_068-055-100,valid,bass,bass_synthetic_068,55,middle,100,data/raw/nsynth/extracted/nsynth-valid/audio/bass_synthetic_068-055-100.wav,5305
bass_synthetic_135-055-100,valid,bass,bass_synthetic_135,55,middle,100,data/raw/nsynth/extracted/nsynth-valid/audio/bass_synthetic_135-055-100.wav,5305
bass_electronic_025-055-127,valid,bass,bass_electronic_025,55,middle,127,data/raw/nsynth/extracted/nsynth-valid/audio/bass_electronic_025-055-127.wav,5305
bass_electronic_027-055-127,valid,bass,bass_electronic_027,55,middle,127,data/raw/nsynth/extracted/nsynth-valid/audio/bass_electronic_027-055-127.wav,5305
bass_synthetic_068-055-127,valid,bass,bass_synthetic_068,55,middle,127,data/raw/nsynth/extracted/nsynth-valid/audio/bass_synthetic_068-055-127.wav,5305
bass_synthetic_134-055-127,valid,bass,bass_synthetic_134,55,middle,127,data/raw/nsynth/extracted/nsynth-valid/audio/bass_synthetic_134-055-127.wav,5305
bass_synthetic_034-056-025,valid,bass,bass_synthetic_034,56,middle,25,data/raw/nsynth/extracted/nsynth-valid/audio/bass_synthetic_034-056-025.wav,5305
bass_synthetic_068-056-025,valid,bass,bass_synthetic_068,56,middle,25,data/raw/nsynth/extracted/nsynth-valid/audio/bass_synthetic_068-056-025.wav,5305
bass_synthetic_098-056-025,valid,bass,bass_synthetic_098,56,middle,25,data/raw/nsynth/extracted/nsynth-valid/audio/bass_synthetic_098-056-025.wav,5305
bass_electronic_025-056-050,valid,bass,bass_electronic_025,56,middle,50,data/raw/nsynth/extracted/nsynth-valid/audio/bass_electronic_025-056-050.wav,5305
bass_synthetic_098-056-050,valid,bass,bass_synthetic_098,56,middle,50,data/raw/nsynth/extracted/nsynth-valid/audio/bass_synthetic_098-056-050.wav,5305
bass_electronic_018-056-075,valid,bass,bass_electronic_018,56,middle,75,data/raw/nsynth/extracted/nsynth-valid/audio/bass_electronic_018-056-075.wav,5305
bass_electronic_027-056-075,valid,bass,bass_electronic_027,56,middle,75,data/raw/nsynth/extracted/nsynth-valid/audio/bass_electronic_027-056-075.wav,5305
bass_synthetic_009-056-075,valid,bass,bass_synthetic_009,56,middle,75,data/raw/nsynth/extracted/nsynth-valid/audio/bass_synthetic_009-056-075.wav,5305
bass_synthetic_034-056-075,valid,bass,bass_synthetic_034,56,middle,75,data/raw/nsynth/extracted/nsynth-valid/audio/bass_synthetic_034-056-075.wav,5305
bass_synthetic_134-056-075,valid,bass,bass_synthetic_134,56,middle,75,data/raw/nsynth/extracted/nsynth-valid/audio/bass_synthetic_134-056-075.wav,5305
bass_electronic_025-056-100,valid,bass,bass_electronic_025,56,middle,100,data/raw/nsynth/extracted/nsynth-valid/audio/bass_electronic_025-056-100.wav,5305
bass_synthetic_033-056-100,valid,bass,bass_synthetic_033,56,middle,100,data/raw/nsynth/extracted/nsynth-valid/audio/bass_synthetic_033-056-100.wav,5305
bass_synthetic_068-056-100,valid,bass,bass_synthetic_068,56,middle,100,data/raw/nsynth/extracted/nsynth-valid/audio/bass_synthetic_068-056-100.wav,5305
bass_electronic_018-056-127,valid,bass,bass_electronic_018,56,middle,127,data/raw/nsynth/extracted/nsynth-valid/audio/bass_electronic_018-056-127.wav,5305
bass_electronic_027-056-127,valid,bass,bass_electronic_027,56,middle,127,data/raw/nsynth/extracted/nsynth-valid/audio/bass_electronic_027-056-127.wav,5305
bass_synthetic_068-056-127,valid,bass,bass_synthetic_068,56,middle,127,data/raw/nsynth/extracted/nsynth-valid/audio/bass_synthetic_068-056-127.wav,5305
bass_synthetic_134-056-127,valid,bass,bass_synthetic_134,56,middle,127,data/raw/nsynth/extracted/nsynth-valid/audio/bass_synthetic_134-056-127.wav,5305
bass_synthetic_135-057-025,valid,bass,bass_synthetic_135,57,middle,25,data/raw/nsynth/extracted/nsynth-valid/audio/bass_synthetic_135-057-025.wav,5305
bass_electronic_018-057-050,valid,bass,bass_electronic_018,57,middle,50,data/raw/nsynth/extracted/nsynth-valid/audio/bass_electronic_018-057-050.wav,5305
bass_synthetic_098-057-050,valid,bass,bass_synthetic_098,57,middle,50,data/raw/nsynth/extracted/nsynth-valid/audio/bass_synthetic_098-057-050.wav,5305
bass_synthetic_134-057-050,valid,bass,bass_synthetic_134,57,middle,50,data/raw/nsynth/extracted/nsynth-valid/audio/bass_synthetic_134-057-050.wav,5305
bass_electronic_025-057-075,valid,bass,bass_electronic_025,57,middle,75,data/raw/nsynth/extracted/nsynth-valid/audio/bass_electronic_025-057-075.wav,5305
bass_synthetic_009-057-075,valid,bass,bass_synthetic_009,57,middle,75,data/raw/nsynth/extracted/nsynth-valid/audio/bass_synthetic_009-057-075.wav,5305
bass_synthetic_098-057-075,valid,bass,bass_synthetic_098,57,middle,75,data/raw/nsynth/extracted/nsynth-valid/audio/bass_synthetic_098-057-075.wav,5305
bass_synthetic_135-057-075,valid,bass,bass_synthetic_135,57,middle,75,data/raw/nsynth/extracted/nsynth-valid/audio/bass_synthetic_135-057-075.wav,5305
bass_synthetic_033-057-100,valid,bass,bass_synthetic_033,57,middle,100,data/raw/nsynth/extracted/nsynth-valid/audio/bass_synthetic_033-057-100.wav,5305
bass_electronic_027-057-127,valid,bass,bass_electronic_027,57,middle,127,data/raw/nsynth/extracted/nsynth-valid/audio/bass_electronic_027-057-127.wav,5305
bass_electronic_018-058-025,valid,bass,bass_electronic_018,58,middle,25,data/raw/nsynth/extracted/nsynth-valid/audio/bass_electronic_018-058-025.wav,5305
bass_synthetic_033-058-025,valid,bass,bass_synthetic_033,58,middle,25,data/raw/nsynth/extracted/nsynth-valid/audio/bass_synthetic_033-058-025.wav,5305
bass_synthetic_068-058-025,valid,bass,bass_synthetic_068,58,middle,25,data/raw/nsynth/extracted/nsynth-valid/audio/bass_synthetic_068-058-025.wav,5305
bass_electronic_018-058-050,valid,bass,bass_electronic_018,58,middle,50,data/raw/nsynth/extracted/nsynth-valid/audio/bass_electronic_018-058-050.wav,5305
bass_electronic_025-058-050,valid,bass,bass_electronic_025,58,middle,50,data/raw/nsynth/extracted/nsynth-valid/audio/bass_electronic_025-058-050.wav,5305
bass_electronic_027-058-050,valid,bass,bass_electronic_027,58,middle,50,data/raw/nsynth/extracted/nsynth-valid/audio/bass_electronic_027-058-050.wav,5305
bass_synthetic_068-058-050,valid,bass,bass_synthetic_068,58,middle,50,data/raw/nsynth/extracted/nsynth-valid/audio/bass_synthetic_068-058-050.wav,5305
bass_synthetic_134-058-050,valid,bass,bass_synthetic_134,58,middle,50,data/raw/nsynth/extracted/nsynth-valid/audio/bass_synthetic_134-058-050.wav,5305
bass_synthetic_135-058-050,valid,bass,bass_synthetic_135,58,middle,50,data/raw/nsynth/extracted/nsynth-valid/audio/bass_synthetic_135-058-050.wav,5305
bass_synthetic_033-058-075,valid,bass,bass_synthetic_033,58,middle,75,data/raw/nsynth/extracted/nsynth-valid/audio/bass_synthetic_033-058-075.wav,5305
bass_synthetic_098-058-075,valid,bass,bass_synthetic_098,58,middle,75,data/raw/nsynth/extracted/nsynth-valid/audio/bass_synthetic_098-058-075.wav,5305
bass_electronic_027-058-100,valid,bass,bass_electronic_027,58,middle,100,data/raw/nsynth/extracted/nsynth-valid/audio/bass_electronic_027-058-100.wav,5305
bass_synthetic_009-058-100,valid,bass,bass_synthetic_009,58,middle,100,data/raw/nsynth/extracted/nsynth-valid/audio/bass_synthetic_009-058-100.wav,5305
bass_synthetic_068-058-100,valid,bass,bass_synthetic_068,58,middle,100,data/raw/nsynth/extracted/nsynth-valid/audio/bass_synthetic_068-058-100.wav,5305
bass_synthetic_098-058-100,valid,bass,bass_synthetic_098,58,middle,100,data/raw/nsynth/extracted/nsynth-valid/audio/bass_synthetic_098-058-100.wav,5305
bass_synthetic_135-058-100,valid,bass,bass_synthetic_135,58,middle,100,data/raw/nsynth/extracted/nsynth-valid/audio/bass_synthetic_135-058-100.wav,5305
bass_electronic_025-059-025,valid,bass,bass_electronic_025,59,middle,25,data/raw/nsynth/extracted/nsynth-valid/audio/bass_electronic_025-059-025.wav,5305
bass_synthetic_033-059-025,valid,bass,bass_synthetic_033,59,middle,25,data/raw/nsynth/extracted/nsynth-valid/audio/bass_synthetic_033-059-025.wav,5305
bass_synthetic_134-059-025,valid,bass,bass_synthetic_134,59,middle,25,data/raw/nsynth/extracted/nsynth-valid/audio/bass_synthetic_134-059-025.wav,5305
bass_electronic_018-059-050,valid,bass,bass_electronic_018,59,middle,50,data/raw/nsynth/extracted/nsynth-valid/audio/bass_electronic_018-059-050.wav,5305
bass_synthetic_098-059-050,valid,bass,bass_synthetic_098,59,middle,50,data/raw/nsynth/extracted/nsynth-valid/audio/bass_synthetic_098-059-050.wav,5305
bass_synthetic_134-059-050,valid,bass,bass_synthetic_134,59,middle,50,data/raw/nsynth/extracted/nsynth-valid/audio/bass_synthetic_134-059-050.wav,5305
bass_synthetic_135-059-050,valid,bass,bass_synthetic_135,59,middle,50,data/raw/nsynth/extracted/nsynth-valid/audio/bass_synthetic_135-059-050.wav,5305
bass_electronic_027-059-075,valid,bass,bass_electronic_027,59,middle,75,data/raw/nsynth/extracted/nsynth-valid/audio/bass_electronic_027-059-075.wav,5305
bass_synthetic_068-059-075,valid,bass,bass_synthetic_068,59,middle,75,data/raw/nsynth/extracted/nsynth-valid/audio/bass_synthetic_068-059-075.wav,5305
bass_electronic_027-059-100,valid,bass,bass_electronic_027,59,middle,100,data/raw/nsynth/extracted/nsynth-valid/audio/bass_electronic_027-059-100.wav,5305
bass_synthetic_009-059-100,valid,bass,bass_synthetic_009,59,middle,100,data/raw/nsynth/extracted/nsynth-valid/audio/bass_synthetic_009-059-100.wav,5305
bass_synthetic_098-059-100,valid,bass,bass_synthetic_098,59,middle,100,data/raw/nsynth/extracted/nsynth-valid/audio/bass_synthetic_098-059-100.wav,5305
bass_synthetic_135-059-100,valid,bass,bass_synthetic_135,59,middle,100,data/raw/nsynth/extracted/nsynth-valid/audio/bass_synthetic_135-059-100.wav,5305
bass_synthetic_009-059-127,valid,bass,bass_synthetic_009,59,middle,127,data/raw/nsynth/extracted/nsynth-valid/audio/bass_synthetic_009-059-127.wav,5305
bass_synthetic_034-059-127,valid,bass,bass_synthetic_034,59,middle,127,data/raw/nsynth/extracted/nsynth-valid/audio/bass_synthetic_034-059-127.wav,5305
bass_synthetic_068-059-127,valid,bass,bass_synthetic_068,59,middle,127,data/raw/nsynth/extracted/nsynth-valid/audio/bass_synthetic_068-059-127.wav,5305
bass_electronic_025-060-025,valid,bass,bass_electronic_025,60,middle,25,data/raw/nsynth/extracted/nsynth-valid/audio/bass_electronic_025-060-025.wav,5305
bass_synthetic_034-060-025,valid,bass,bass_synthetic_034,60,middle,25,data/raw/nsynth/extracted/nsynth-valid/audio/bass_synthetic_034-060-025.wav,5305
bass_electronic_025-060-050,valid,bass,bass_electronic_025,60,middle,50,data/raw/nsynth/extracted/nsynth-valid/audio/bass_electronic_025-060-050.wav,5305
bass_electronic_025-060-075,valid,bass,bass_electronic_025,60,middle,75,data/raw/nsynth/extracted/nsynth-valid/audio/bass_electronic_025-060-075.wav,5305
bass_electronic_027-060-075,valid,bass,bass_electronic_027,60,middle,75,data/raw/nsynth/extracted/nsynth-valid/audio/bass_electronic_027-060-075.wav,5305
bass_synthetic_033-060-075,valid,bass,bass_synthetic_033,60,middle,75,data/raw/nsynth/extracted/nsynth-valid/audio/bass_synthetic_033-060-075.wav,5305
bass_synthetic_135-060-075,valid,bass,bass_synthetic_135,60,middle,75,data/raw/nsynth/extracted/nsynth-valid/audio/bass_synthetic_135-060-075.wav,5305
bass_electronic_018-060-100,valid,bass,bass_electronic_018,60,middle,100,data/raw/nsynth/extracted/nsynth-valid/audio/bass_electronic_018-060-100.wav,5305
bass_synthetic_098-060-100,valid,bass,bass_synthetic_098,60,middle,100,data/raw/nsynth/extracted/nsynth-valid/audio/bass_synthetic_098-060-100.wav,5305
bass_electronic_018-060-127,valid,bass,bass_electronic_018,60,middle,127,data/raw/nsynth/extracted/nsynth-valid/audio/bass_electronic_018-060-127.wav,5305
bass_electronic_025-060-127,valid,bass,bass_electronic_025,60,middle,127,data/raw/nsynth/extracted/nsynth-valid/audio/bass_electronic_025-060-127.wav,5305
bass_synthetic_009-060-127,valid,bass,bass_synthetic_009,60,middle,127,data/raw/nsynth/extracted/nsynth-valid/audio/bass_synthetic_009-060-127.wav,5305
bass_synthetic_033-060-127,valid,bass,bass_synthetic_033,60,middle,127,data/raw/nsynth/extracted/nsynth-valid/audio/bass_synthetic_033-060-127.wav,5305
bass_synthetic_034-060-127,valid,bass,bass_synthetic_034,60,middle,127,data/raw/nsynth/extracted/nsynth-valid/audio/bass_synthetic_034-060-127.wav,5305
bass_electronic_025-061-025,valid,bass,bass_electronic_025,61,upper,25,data/raw/nsynth/extracted/nsynth-valid/audio/bass_electronic_025-061-025.wav,5305
bass_synthetic_068-061-025,valid,bass,bass_synthetic_068,61,upper,25,data/raw/nsynth/extracted/nsynth-valid/audio/bass_synthetic_068-061-025.wav,5305
bass_synthetic_033-061-050,valid,bass,bass_synthetic_033,61,upper,50,data/raw/nsynth/extracted/nsynth-valid/audio/bass_synthetic_033-061-050.wav,5305
bass_synthetic_068-061-050,valid,bass,bass_synthetic_068,61,upper,50,data/raw/nsynth/extracted/nsynth-valid/audio/bass_synthetic_068-061-050.wav,5305
bass_synthetic_135-061-050,valid,bass,bass_synthetic_135,61,upper,50,data/raw/nsynth/extracted/nsynth-valid/audio/bass_synthetic_135-061-050.wav,5305
bass_electronic_018-061-100,valid,bass,bass_electronic_018,61,upper,100,data/raw/nsynth/extracted/nsynth-valid/audio/bass_electronic_018-061-100.wav,5305
bass_electronic_025-061-100,valid,bass,bass_electronic_025,61,upper,100,data/raw/nsynth/extracted/nsynth-valid/audio/bass_electronic_025-061-100.wav,5305
bass_electronic_027-061-100,valid,bass,bass_electronic_027,61,upper,100,data/raw/nsynth/extracted/nsynth-valid/audio/bass_electronic_027-061-100.wav,5305
bass_synthetic_068-061-100,valid,bass,bass_synthetic_068,61,upper,100,data/raw/nsynth/extracted/nsynth-valid/audio/bass_synthetic_068-061-100.wav,5305
bass_synthetic_033-061-127,valid,bass,bass_synthetic_033,61,upper,127,data/raw/nsynth/extracted/nsynth-valid/audio/bass_synthetic_033-061-127.wav,5305
bass_synthetic_068-061-127,valid,bass,bass_synthetic_068,61,upper,127,data/raw/nsynth/extracted/nsynth-valid/audio/bass_synthetic_068-061-127.wav,5305
bass_synthetic_098-061-127,valid,bass,bass_synthetic_098,61,upper,127,data/raw/nsynth/extracted/nsynth-valid/audio/bass_synthetic_098-061-127.wav,5305
bass_synthetic_009-062-025,valid,bass,bass_synthetic_009,62,upper,25,data/raw/nsynth/extracted/nsynth-valid/audio/bass_synthetic_009-062-025.wav,5305
bass_synthetic_033-062-025,valid,bass,bass_synthetic_033,62,upper,25,data/raw/nsynth/extracted/nsynth-valid/audio/bass_synthetic_033-062-025.wav,5305
bass_electronic_018-062-050,valid,bass,bass_electronic_018,62,upper,50,data/raw/nsynth/extracted/nsynth-valid/audio/bass_electronic_018-062-050.wav,5305
bass_electronic_027-062-050,valid,bass,bass_electronic_027,62,upper,50,data/raw/nsynth/extracted/nsynth-valid/audio/bass_electronic_027-062-050.wav,5305
bass_electronic_025-062-075,valid,bass,bass_electronic_025,62,upper,75,data/raw/nsynth/extracted/nsynth-valid/audio/bass_electronic_025-062-075.wav,5305
bass_synthetic_009-062-075,valid,bass,bass_synthetic_009,62,upper,75,data/raw/nsynth/extracted/nsynth-valid/audio/bass_synthetic_009-062-075.wav,5305
bass_electronic_027-062-100,valid,bass,bass_electronic_027,62,upper,100,data/raw/nsynth/extracted/nsynth-valid/audio/bass_electronic_027-062-100.wav,5305
bass_electronic_018-062-127,valid,bass,bass_electronic_018,62,upper,127,data/raw/nsynth/extracted/nsynth-valid/audio/bass_electronic_018-062-127.wav,5305
bass_electronic_027-062-127,valid,bass,bass_electronic_027,62,upper,127,data/raw/nsynth/extracted/nsynth-valid/audio/bass_electronic_027-062-127.wav,5305
bass_synthetic_009-062-127,valid,bass,bass_synthetic_009,62,upper,127,data/raw/nsynth/extracted/nsynth-valid/audio/bass_synthetic_009-062-127.wav,5305
bass_synthetic_098-062-127,valid,bass,bass_synthetic_098,62,upper,127,data/raw/nsynth/extracted/nsynth-valid/audio/bass_synthetic_098-062-127.wav,5305
bass_synthetic_135-062-127,valid,bass,bass_synthetic_135,62,upper,127,data/raw/nsynth/extracted/nsynth-valid/audio/bass_synthetic_135-062-127.wav,5305
bass_electronic_018-063-025,valid,bass,bass_electronic_018,63,upper,25,data/raw/nsynth/extracted/nsynth-valid/audio/bass_electronic_018-063-025.wav,5305
bass_electronic_025-063-025,valid,bass,bass_electronic_025,63,upper,25,data/raw/nsynth/extracted/nsynth-valid/audio/bass_electronic_025-063-025.wav,5305
bass_synthetic_009-063-025,valid,bass,bass_synthetic_009,63,upper,25,data/raw/nsynth/extracted/nsynth-valid/audio/bass_synthetic_009-063-025.wav,5305
bass_synthetic_034-063-025,valid,bass,bass_synthetic_034,63,upper,25,data/raw/nsynth/extracted/nsynth-valid/audio/bass_synthetic_034-063-025.wav,5305
bass_synthetic_134-063-025,valid,bass,bass_synthetic_134,63,upper,25,data/raw/nsynth/extracted/nsynth-valid/audio/bass_synthetic_134-063-025.wav,5305
bass_electronic_027-063-050,valid,bass,bass_electronic_027,63,upper,50,data/raw/nsynth/extracted/nsynth-valid/audio/bass_electronic_027-063-050.wav,5305
bass_synthetic_009-063-050,valid,bass,bass_synthetic_009,63,upper,50,data/raw/nsynth/extracted/nsynth-valid/audio/bass_synthetic_009-063-050.wav,5305
bass_synthetic_068-063-050,valid,bass,bass_synthetic_068,63,upper,50,data/raw/nsynth/extracted/nsynth-valid/audio/bass_synthetic_068-063-050.wav,5305
bass_synthetic_098-063-050,valid,bass,bass_synthetic_098,63,upper,50,data/raw/nsynth/extracted/nsynth-valid/audio/bass_synthetic_098-063-050.wav,5305
bass_electronic_025-063-075,valid,bass,bass_electronic_025,63,upper,75,data/raw/nsynth/extracted/nsynth-valid/audio/bass_electronic_025-063-075.wav,5305
bass_electronic_027-063-075,valid,bass,bass_electronic_027,63,upper,75,data/raw/nsynth/extracted/nsynth-valid/audio/bass_electronic_027-063-075.wav,5305
bass_synthetic_033-063-075,valid,bass,bass_synthetic_033,63,upper,75,data/raw/nsynth/extracted/nsynth-valid/audio/bass_synthetic_033-063-075.wav,5305
bass_synthetic_068-063-075,valid,bass,bass_synthetic_068,63,upper,75,data/raw/nsynth/extracted/nsynth-valid/audio/bass_synthetic_068-063-075.wav,5305
bass_electronic_027-063-100,valid,bass,bass_electronic_027,63,upper,100,data/raw/nsynth/extracted/nsynth-valid/audio/bass_electronic_027-063-100.wav,5305
bass_synthetic_134-063-127,valid,bass,bass_synthetic_134,63,upper,127,data/raw/nsynth/extracted/nsynth-valid/audio/bass_synthetic_134-063-127.wav,5305
bass_synthetic_068-064-075,valid,bass,bass_synthetic_068,64,upper,75,data/raw/nsynth/extracted/nsynth-valid/audio/bass_synthetic_068-064-075.wav,5305
bass_synthetic_098-065-025,valid,bass,bass_synthetic_098,65,upper,25,data/raw/nsynth/extracted/nsynth-valid/audio/bass_synthetic_098-065-025.wav,5305
bass_synthetic_068-065-050,valid,bass,bass_synthetic_068,65,upper,50,data/raw/nsynth/extracted/nsynth-valid/audio/bass_synthetic_068-065-050.wav,5305
bass_synthetic_098-065-050,valid,bass,bass_synthetic_098,65,upper,50,data/raw/nsynth/extracted/nsynth-valid/audio/bass_synthetic_098-065-050.wav,5305
bass_synthetic_134-065-050,valid,bass,bass_synthetic_134,65,upper,50,data/raw/nsynth/extracted/nsynth-valid/audio/bass_synthetic_134-065-050.wav,5305
bass_synthetic_009-065-075,valid,bass,bass_synthetic_009,65,upper,75,data/raw/nsynth/extracted/nsynth-valid/audio/bass_synthetic_009-065-075.wav,5305
bass_synthetic_098-065-075,valid,bass,bass_synthetic_098,65,upper,75,data/raw/nsynth/extracted/nsynth-valid/audio/bass_synthetic_098-065-075.wav,5305
bass_synthetic_033-066-025,valid,bass,bass_synthetic_033,66,upper,25,data/raw/nsynth/extracted/nsynth-valid/audio/bass_synthetic_033-066-025.wav,5305
bass_synthetic_034-066-025,valid,bass,bass_synthetic_034,66,upper,25,data/raw/nsynth/extracted/nsynth-valid/audio/bass_synthetic_034-066-025.wav,5305
bass_synthetic_068-066-025,valid,bass,bass_synthetic_068,66,upper,25,data/raw/nsynth/extracted/nsynth-valid/audio/bass_synthetic_068-066-025.wav,5305
bass_synthetic_098-066-025,valid,bass,bass_synthetic_098,66,upper,25,data/raw/nsynth/extracted/nsynth-valid/audio/bass_synthetic_098-066-025.wav,5305
bass_synthetic_134-066-050,valid,bass,bass_synthetic_134,66,upper,50,data/raw/nsynth/extracted/nsynth-valid/audio/bass_synthetic_134-066-050.wav,5305
bass_synthetic_034-066-075,valid,bass,bass_synthetic_034,66,upper,75,data/raw/nsynth/extracted/nsynth-valid/audio/bass_synthetic_034-066-075.wav,5305
bass_synthetic_068-066-075,valid,bass,bass_synthetic_068,66,upper,75,data/raw/nsynth/extracted/nsynth-valid/audio/bass_synthetic_068-066-075.wav,5305
bass_synthetic_134-066-075,valid,bass,bass_synthetic_134,66,upper,75,data/raw/nsynth/extracted/nsynth-valid/audio/bass_synthetic_134-066-075.wav,5305
bass_synthetic_033-066-100,valid,bass,bass_synthetic_033,66,upper,100,data/raw/nsynth/extracted/nsynth-valid/audio/bass_synthetic_033-066-100.wav,5305
bass_synthetic_098-066-100,valid,bass,bass_synthetic_098,66,upper,100,data/raw/nsynth/extracted/nsynth-valid/audio/bass_synthetic_098-066-100.wav,5305
bass_synthetic_134-066-100,valid,bass,bass_synthetic_134,66,upper,100,data/raw/nsynth/extracted/nsynth-valid/audio/bass_synthetic_134-066-100.wav,5305
bass_synthetic_135-066-100,valid,bass,bass_synthetic_135,66,upper,100,data/raw/nsynth/extracted/nsynth-valid/audio/bass_synthetic_135-066-100.wav,5305
bass_synthetic_068-067-025,valid,bass,bass_synthetic_068,67,upper,25,data/raw/nsynth/extracted/nsynth-valid/audio/bass_synthetic_068-067-025.wav,5305
bass_synthetic_098-067-025,valid,bass,bass_synthetic_098,67,upper,25,data/raw/nsynth/extracted/nsynth-valid/audio/bass_synthetic_098-067-025.wav,5305
bass_synthetic_009-067-050,valid,bass,bass_synthetic_009,67,upper,50,data/raw/nsynth/extracted/nsynth-valid/audio/bass_synthetic_009-067-050.wav,5305
bass_synthetic_134-067-050,valid,bass,bass_synthetic_134,67,upper,50,data/raw/nsynth/extracted/nsynth-valid/audio/bass_synthetic_134-067-050.wav,5305
bass_synthetic_033-067-075,valid,bass,bass_synthetic_033,67,upper,75,data/raw/nsynth/extracted/nsynth-valid/audio/bass_synthetic_033-067-075.wav,5305
bass_synthetic_034-067-100,valid,bass,bass_synthetic_034,67,upper,100,data/raw/nsynth/extracted/nsynth-valid/audio/bass_synthetic_034-067-100.wav,5305
bass_synthetic_009-067-127,valid,bass,bass_synthetic_009,67,upper,127,data/raw/nsynth/extracted/nsynth-valid/audio/bass_synthetic_009-067-127.wav,5305
bass_synthetic_034-067-127,valid,bass,bass_synthetic_034,67,upper,127,data/raw/nsynth/extracted/nsynth-valid/audio/bass_synthetic_034-067-127.wav,5305
bass_synthetic_068-068-025,valid,bass,bass_synthetic_068,68,upper,25,data/raw/nsynth/extracted/nsynth-valid/audio/bass_synthetic_068-068-025.wav,5305
bass_synthetic_135-068-025,valid,bass,bass_synthetic_135,68,upper,25,data/raw/nsynth/extracted/nsynth-valid/audio/bass_synthetic_135-068-025.wav,5305
bass_synthetic_134-068-050,valid,bass,bass_synthetic_134,68,upper,50,data/raw/nsynth/extracted/nsynth-valid/audio/bass_synthetic_134-068-050.wav,5305
bass_synthetic_135-068-050,valid,bass,bass_synthetic_135,68,upper,50,data/raw/nsynth/extracted/nsynth-valid/audio/bass_synthetic_135-068-050.wav,5305
bass_synthetic_009-068-100,valid,bass,bass_synthetic_009,68,upper,100,data/raw/nsynth/extracted/nsynth-valid/audio/bass_synthetic_009-068-100.wav,5305
bass_synthetic_068-068-100,valid,bass,bass_synthetic_068,68,upper,100,data/raw/nsynth/extracted/nsynth-valid/audio/bass_synthetic_068-068-100.wav,5305
bass_synthetic_134-068-127,valid,bass,bass_synthetic_134,68,upper,127,data/raw/nsynth/extracted/nsynth-valid/audio/bass_synthetic_134-068-127.wav,5305
bass_synthetic_135-068-127,valid,bass,bass_synthetic_135,68,upper,127,data/raw/nsynth/extracted/nsynth-valid/audio/bass_synthetic_135-068-127.wav,5305
bass_synthetic_009-069-025,valid,bass,bass_synthetic_009,69,upper,25,data/raw/nsynth/extracted/nsynth-valid/audio/bass_synthetic_009-069-025.wav,5305
bass_synthetic_134-069-050,valid,bass,bass_synthetic_134,69,upper,50,data/raw/nsynth/extracted/nsynth-valid/audio/bass_synthetic_134-069-050.wav,5305
bass_synthetic_009-069-075,valid,bass,bass_synthetic_009,69,upper,75,data/raw/nsynth/extracted/nsynth-valid/audio/bass_synthetic_009-069-075.wav,5305
bass_synthetic_033-069-075,valid,bass,bass_synthetic_033,69,upper,75,data/raw/nsynth/extracted/nsynth-valid/audio/bass_synthetic_033-069-075.wav,5305
bass_synthetic_135-069-100,valid,bass,bass_synthetic_135,69,upper,100,data/raw/nsynth/extracted/nsynth-valid/audio/bass_synthetic_135-069-100.wav,5305
bass_synthetic_134-069-127,valid,bass,bass_synthetic_134,69,upper,127,data/raw/nsynth/extracted/nsynth-valid/audio/bass_synthetic_134-069-127.wav,5305
brass_acoustic_015-043-025,valid,brass,brass_acoustic_015,43,lower,25,data/raw/nsynth/extracted/nsynth-valid/audio/brass_acoustic_015-043-025.wav,5305
brass_acoustic_059-043-025,valid,brass,brass_acoustic_059,43,lower,25,data/raw/nsynth/extracted/nsynth-valid/audio/brass_acoustic_059-043-025.wav,5305
brass_acoustic_015-043-050,valid,brass,brass_acoustic_015,43,lower,50,data/raw/nsynth/extracted/nsynth-valid/audio/brass_acoustic_015-043-050.wav,5305
brass_acoustic_059-043-050,valid,brass,brass_acoustic_059,43,lower,50,data/raw/nsynth/extracted/nsynth-valid/audio/brass_acoustic_059-043-050.wav,5305
brass_acoustic_015-043-075,valid,brass,brass_acoustic_015,43,lower,75,data/raw/nsynth/extracted/nsynth-valid/audio/brass_acoustic_015-043-075.wav,5305
brass_acoustic_006-043-100,valid,brass,brass_acoustic_006,43,lower,100,data/raw/nsynth/extracted/nsynth-valid/audio/brass_acoustic_006-043-100.wav,5305
brass_acoustic_015-043-100,valid,brass,brass_acoustic_015,43,lower,100,data/raw/nsynth/extracted/nsynth-valid/audio/brass_acoustic_015-043-100.wav,5305
brass_acoustic_059-043-100,valid,brass,brass_acoustic_059,43,lower,100,data/raw/nsynth/extracted/nsynth-valid/audio/brass_acoustic_059-043-100.wav,5305
brass_acoustic_006-043-127,valid,brass,brass_acoustic_006,43,lower,127,data/raw/nsynth/extracted/nsynth-valid/audio/brass_acoustic_006-043-127.wav,5305
brass_acoustic_015-043-127,valid,brass,brass_acoustic_015,43,lower,127,data/raw/nsynth/extracted/nsynth-valid/audio/brass_acoustic_015-043-127.wav,5305
brass_acoustic_015-044-025,valid,brass,brass_acoustic_015,44,lower,25,data/raw/nsynth/extracted/nsynth-valid/audio/brass_acoustic_015-044-025.wav,5305
brass_acoustic_059-044-025,valid,brass,brass_acoustic_059,44,lower,25,data/raw/nsynth/extracted/nsynth-valid/audio/brass_acoustic_059-044-025.wav,5305
brass_acoustic_006-044-050,valid,brass,brass_acoustic_006,44,lower,50,data/raw/nsynth/extracted/nsynth-valid/audio/brass_acoustic_006-044-050.wav,5305
brass_acoustic_015-044-050,valid,brass,brass_acoustic_015,44,lower,50,data/raw/nsynth/extracted/nsynth-valid/audio/brass_acoustic_015-044-050.wav,5305
brass_acoustic_059-044-050,valid,brass,brass_acoustic_059,44,lower,50,data/raw/nsynth/extracted/nsynth-valid/audio/brass_acoustic_059-044-050.wav,5305
brass_acoustic_006-044-075,valid,brass,brass_acoustic_006,44,lower,75,data/raw/nsynth/extracted/nsynth-valid/audio/brass_acoustic_006-044-075.wav,5305
brass_acoustic_015-044-075,valid,brass,brass_acoustic_015,44,lower,75,data/raw/nsynth/extracted/nsynth-valid/audio/brass_acoustic_015-044-075.wav,5305
brass_acoustic_059-044-075,valid,brass,brass_acoustic_059,44,lower,75,data/raw/nsynth/extracted/nsynth-valid/audio/brass_acoustic_059-044-075.wav,5305
brass_acoustic_015-044-100,valid,brass,brass_acoustic_015,44,lower,100,data/raw/nsynth/extracted/nsynth-valid/audio/brass_acoustic_015-044-100.wav,5305
brass_acoustic_059-044-100,valid,brass,brass_acoustic_059,44,lower,100,data/raw/nsynth/extracted/nsynth-valid/audio/brass_acoustic_059-044-100.wav,5305
brass_acoustic_006-044-127,valid,brass,brass_acoustic_006,44,lower,127,data/raw/nsynth/extracted/nsynth-valid/audio/brass_acoustic_006-044-127.wav,5305
brass_acoustic_015-044-127,valid,brass,brass_acoustic_015,44,lower,127,data/raw/nsynth/extracted/nsynth-valid/audio/brass_acoustic_015-044-127.wav,5305
brass_acoustic_059-044-127,valid,brass,brass_acoustic_059,44,lower,127,data/raw/nsynth/extracted/nsynth-valid/audio/brass_acoustic_059-044-127.wav,5305
brass_acoustic_006-045-025,valid,brass,brass_acoustic_006,45,lower,25,data/raw/nsynth/extracted/nsynth-valid/audio/brass_acoustic_006-045-025.wav,5305
brass_acoustic_015-045-025,valid,brass,brass_acoustic_015,45,lower,25,data/raw/nsynth/extracted/nsynth-valid/audio/brass_acoustic_015-045-025.wav,5305
brass_acoustic_059-045-025,valid,brass,brass_acoustic_059,45,lower,25,data/raw/nsynth/extracted/nsynth-valid/audio/brass_acoustic_059-045-025.wav,5305
brass_acoustic_015-045-050,valid,brass,brass_acoustic_015,45,lower,50,data/raw/nsynth/extracted/nsynth-valid/audio/brass_acoustic_015-045-050.wav,5305
brass_acoustic_006-045-075,valid,brass,brass_acoustic_006,45,lower,75,data/raw/nsynth/extracted/nsynth-valid/audio/brass_acoustic_006-045-075.wav,5305
brass_acoustic_059-045-075,valid,brass,brass_acoustic_059,45,lower,75,data/raw/nsynth/extracted/nsynth-valid/audio/brass_acoustic_059-045-075.wav,5305
brass_acoustic_006-045-100,valid,brass,brass_acoustic_006,45,lower,100,data/raw/nsynth/extracted/nsynth-valid/audio/brass_acoustic_006-045-100.wav,5305
brass_acoustic_059-045-100,valid,brass,brass_acoustic_059,45,lower,100,data/raw/nsynth/extracted/nsynth-valid/audio/brass_acoustic_059-045-100.wav,5305
brass_acoustic_015-045-127,valid,brass,brass_acoustic_015,45,lower,127,data/raw/nsynth/extracted/nsynth-valid/audio/brass_acoustic_015-045-127.wav,5305
brass_acoustic_059-045-127,valid,brass,brass_acoustic_059,45,lower,127,data/raw/nsynth/extracted/nsynth-valid/audio/brass_acoustic_059-045-127.wav,5305
brass_acoustic_015-046-025,valid,brass,brass_acoustic_015,46,lower,25,data/raw/nsynth/extracted/nsynth-valid/audio/brass_acoustic_015-046-025.wav,5305
brass_acoustic_006-046-050,valid,brass,brass_acoustic_006,46,lower,50,data/raw/nsynth/extracted/nsynth-valid/audio/brass_acoustic_006-046-050.wav,5305
brass_acoustic_015-046-050,valid,brass,brass_acoustic_015,46,lower,50,data/raw/nsynth/extracted/nsynth-valid/audio/brass_acoustic_015-046-050.wav,5305
brass_acoustic_059-046-050,valid,brass,brass_acoustic_059,46,lower,50,data/raw/nsynth/extracted/nsynth-valid/audio/brass_acoustic_059-046-050.wav,5305
brass_acoustic_006-046-075,valid,brass,brass_acoustic_006,46,lower,75,data/raw/nsynth/extracted/nsynth-valid/audio/brass_acoustic_006-046-075.wav,5305
brass_acoustic_015-046-075,valid,brass,brass_acoustic_015,46,lower,75,data/raw/nsynth/extracted/nsynth-valid/audio/brass_acoustic_015-046-075.wav,5305
brass_acoustic_059-046-075,valid,brass,brass_acoustic_059,46,lower,75,data/raw/nsynth/extracted/nsynth-valid/audio/brass_acoustic_059-046-075.wav,5305
brass_acoustic_006-046-100,valid,brass,brass_acoustic_006,46,lower,100,data/raw/nsynth/extracted/nsynth-valid/audio/brass_acoustic_006-046-100.wav,5305
brass_acoustic_015-046-100,valid,brass,brass_acoustic_015,46,lower,100,data/raw/nsynth/extracted/nsynth-valid/audio/brass_acoustic_015-046-100.wav,5305
brass_acoustic_059-046-100,valid,brass,brass_acoustic_059,46,lower,100,data/raw/nsynth/extracted/nsynth-valid/audio/brass_acoustic_059-046-100.wav,5305
brass_acoustic_006-046-127,valid,brass,brass_acoustic_006,46,lower,127,data/raw/nsynth/extracted/nsynth-valid/audio/brass_acoustic_006-046-127.wav,5305
brass_acoustic_015-046-127,valid,brass,brass_acoustic_015,46,lower,127,data/raw/nsynth/extracted/nsynth-valid/audio/brass_acoustic_015-046-127.wav,5305
brass_acoustic_059-046-127,valid,brass,brass_acoustic_059,46,lower,127,data/raw/nsynth/extracted/nsynth-valid/audio/brass_acoustic_059-046-127.wav,5305
brass_acoustic_015-047-025,valid,brass,brass_acoustic_015,47,lower,25,data/raw/nsynth/extracted/nsynth-valid/audio/brass_acoustic_015-047-025.wav,5305
brass_acoustic_006-047-050,valid,brass,brass_acoustic_006,47,lower,50,data/raw/nsynth/extracted/nsynth-valid/audio/brass_acoustic_006-047-050.wav,5305
brass_acoustic_006-047-075,valid,brass,brass_acoustic_006,47,lower,75,data/raw/nsynth/extracted/nsynth-valid/audio/brass_acoustic_006-047-075.wav,5305
brass_acoustic_015-047-075,valid,brass,brass_acoustic_015,47,lower,75,data/raw/nsynth/extracted/nsynth-valid/audio/brass_acoustic_015-047-075.wav,5305
brass_acoustic_059-047-075,valid,brass,brass_acoustic_059,47,lower,75,data/raw/nsynth/extracted/nsynth-valid/audio/brass_acoustic_059-047-075.wav,5305
brass_acoustic_059-047-100,valid,brass,brass_acoustic_059,47,lower,100,data/raw/nsynth/extracted/nsynth-valid/audio/brass_acoustic_059-047-100.wav,5305
brass_acoustic_006-047-127,valid,brass,brass_acoustic_006,47,lower,127,data/raw/nsynth/extracted/nsynth-valid/audio/brass_acoustic_006-047-127.wav,5305
brass_acoustic_015-047-127,valid,brass,brass_acoustic_015,47,lower,127,data/raw/nsynth/extracted/nsynth-valid/audio/brass_acoustic_015-047-127.wav,5305
brass_acoustic_059-047-127,valid,brass,brass_acoustic_059,47,lower,127,data/raw/nsynth/extracted/nsynth-valid/audio/brass_acoustic_059-047-127.wav,5305
brass_acoustic_015-048-025,valid,brass,brass_acoustic_015,48,lower,25,data/raw/nsynth/extracted/nsynth-valid/audio/brass_acoustic_015-048-025.wav,5305
brass_acoustic_059-048-025,valid,brass,brass_acoustic_059,48,lower,25,data/raw/nsynth/extracted/nsynth-valid/audio/brass_acoustic_059-048-025.wav,5305
brass_acoustic_006-048-050,valid,brass,brass_acoustic_006,48,lower,50,data/raw/nsynth/extracted/nsynth-valid/audio/brass_acoustic_006-048-050.wav,5305
brass_acoustic_015-048-050,valid,brass,brass_acoustic_015,48,lower,50,data/raw/nsynth/extracted/nsynth-valid/audio/brass_acoustic_015-048-050.wav,5305
brass_acoustic_059-048-050,valid,brass,brass_acoustic_059,48,lower,50,data/raw/nsynth/extracted/nsynth-valid/audio/brass_acoustic_059-048-050.wav,5305
brass_acoustic_006-048-075,valid,brass,brass_acoustic_006,48,lower,75,data/raw/nsynth/extracted/nsynth-valid/audio/brass_acoustic_006-048-075.wav,5305
brass_acoustic_015-048-075,valid,brass,brass_acoustic_015,48,lower,75,data/raw/nsynth/extracted/nsynth-valid/audio/brass_acoustic_015-048-075.wav,5305
brass_acoustic_059-048-075,valid,brass,brass_acoustic_059,48,lower,75,data/raw/nsynth/extracted/nsynth-valid/audio/brass_acoustic_059-048-075.wav,5305
brass_acoustic_006-048-100,valid,brass,brass_acoustic_006,48,lower,100,data/raw/nsynth/extracted/nsynth-valid/audio/brass_acoustic_006-048-100.wav,5305
brass_acoustic_059-048-100,valid,brass,brass_acoustic_059,48,lower,100,data/raw/nsynth/extracted/nsynth-valid/audio/brass_acoustic_059-048-100.wav,5305
brass_acoustic_015-048-127,valid,brass,brass_acoustic_015,48,lower,127,data/raw/nsynth/extracted/nsynth-valid/audio/brass_acoustic_015-048-127.wav,5305
brass_acoustic_059-048-127,valid,brass,brass_acoustic_059,48,lower,127,data/raw/nsynth/extracted/nsynth-valid/audio/brass_acoustic_059-048-127.wav,5305
brass_acoustic_015-049-025,valid,brass,brass_acoustic_015,49,lower,25,data/raw/nsynth/extracted/nsynth-valid/audio/brass_acoustic_015-049-025.wav,5305
brass_acoustic_059-049-025,valid,brass,brass_acoustic_059,49,lower,25,data/raw/nsynth/extracted/nsynth-valid/audio/brass_acoustic_059-049-025.wav,5305
brass_acoustic_006-049-050,valid,brass,brass_acoustic_006,49,lower,50,data/raw/nsynth/extracted/nsynth-valid/audio/brass_acoustic_006-049-050.wav,5305
brass_acoustic_059-049-050,valid,brass,brass_acoustic_059,49,lower,50,data/raw/nsynth/extracted/nsynth-valid/audio/brass_acoustic_059-049-050.wav,5305
brass_acoustic_059-049-075,valid,brass,brass_acoustic_059,49,lower,75,data/raw/nsynth/extracted/nsynth-valid/audio/brass_acoustic_059-049-075.wav,5305
brass_acoustic_006-049-100,valid,brass,brass_acoustic_006,49,lower,100,data/raw/nsynth/extracted/nsynth-valid/audio/brass_acoustic_006-049-100.wav,5305
brass_acoustic_015-049-100,valid,brass,brass_acoustic_015,49,lower,100,data/raw/nsynth/extracted/nsynth-valid/audio/brass_acoustic_015-049-100.wav,5305
brass_acoustic_006-049-127,valid,brass,brass_acoustic_006,49,lower,127,data/raw/nsynth/extracted/nsynth-valid/audio/brass_acoustic_006-049-127.wav,5305
brass_acoustic_015-049-127,valid,brass,brass_acoustic_015,49,lower,127,data/raw/nsynth/extracted/nsynth-valid/audio/brass_acoustic_015-049-127.wav,5305
brass_acoustic_059-049-127,valid,brass,brass_acoustic_059,49,lower,127,data/raw/nsynth/extracted/nsynth-valid/audio/brass_acoustic_059-049-127.wav,5305
brass_acoustic_006-050-025,valid,brass,brass_acoustic_006,50,lower,25,data/raw/nsynth/extracted/nsynth-valid/audio/brass_acoustic_006-050-025.wav,5305
brass_acoustic_015-050-025,valid,brass,brass_acoustic_015,50,lower,25,data/raw/nsynth/extracted/nsynth-valid/audio/brass_acoustic_015-050-025.wav,5305
brass_acoustic_059-050-025,valid,brass,brass_acoustic_059,50,lower,25,data/raw/nsynth/extracted/nsynth-valid/audio/brass_acoustic_059-050-025.wav,5305
brass_acoustic_006-050-050,valid,brass,brass_acoustic_006,50,lower,50,data/raw/nsynth/extracted/nsynth-valid/audio/brass_acoustic_006-050-050.wav,5305
brass_acoustic_015-050-050,valid,brass,brass_acoustic_015,50,lower,50,data/raw/nsynth/extracted/nsynth-valid/audio/brass_acoustic_015-050-050.wav,5305
brass_acoustic_059-050-050,valid,brass,brass_acoustic_059,50,lower,50,data/raw/nsynth/extracted/nsynth-valid/audio/brass_acoustic_059-050-050.wav,5305
brass_acoustic_006-050-075,valid,brass,brass_acoustic_006,50,lower,75,data/raw/nsynth/extracted/nsynth-valid/audio/brass_acoustic_006-050-075.wav,5305
brass_acoustic_015-050-075,valid,brass,brass_acoustic_015,50,lower,75,data/raw/nsynth/extracted/nsynth-valid/audio/brass_acoustic_015-050-075.wav,5305
brass_acoustic_059-050-075,valid,brass,brass_acoustic_059,50,lower,75,data/raw/nsynth/extracted/nsynth-valid/audio/brass_acoustic_059-050-075.wav,5305
brass_acoustic_059-050-100,valid,brass,brass_acoustic_059,50,lower,100,data/raw/nsynth/extracted/nsynth-valid/audio/brass_acoustic_059-050-100.wav,5305
brass_acoustic_006-050-127,valid,brass,brass_acoustic_006,50,lower,127,data/raw/nsynth/extracted/nsynth-valid/audio/brass_acoustic_006-050-127.wav,5305
brass_acoustic_059-050-127,valid,brass,brass_acoustic_059,50,lower,127,data/raw/nsynth/extracted/nsynth-valid/audio/brass_acoustic_059-050-127.wav,5305
brass_acoustic_006-051-025,valid,brass,brass_acoustic_006,51,lower,25,data/raw/nsynth/extracted/nsynth-valid/audio/brass_acoustic_006-051-025.wav,5305
brass_acoustic_015-051-025,valid,brass,brass_acoustic_015,51,lower,25,data/raw/nsynth/extracted/nsynth-valid/audio/brass_acoustic_015-051-025.wav,5305
brass_acoustic_006-051-050,valid,brass,brass_acoustic_006,51,lower,50,data/raw/nsynth/extracted/nsynth-valid/audio/brass_acoustic_006-051-050.wav,5305
brass_acoustic_015-051-050,valid,brass,brass_acoustic_015,51,lower,50,data/raw/nsynth/extracted/nsynth-valid/audio/brass_acoustic_015-051-050.wav,5305
brass_acoustic_059-051-050,valid,brass,brass_acoustic_059,51,lower,50,data/raw/nsynth/extracted/nsynth-valid/audio/brass_acoustic_059-051-050.wav,5305
brass_acoustic_006-051-075,valid,brass,brass_acoustic_006,51,lower,75,data/raw/nsynth/extracted/nsynth-valid/audio/brass_acoustic_006-051-075.wav,5305
brass_acoustic_059-051-075,valid,brass,brass_acoustic_059,51,lower,75,data/raw/nsynth/extracted/nsynth-valid/audio/brass_acoustic_059-051-075.wav,5305
brass_acoustic_006-051-100,valid,brass,brass_acoustic_006,51,lower,100,data/raw/nsynth/extracted/nsynth-valid/audio/brass_acoustic_006-051-100.wav,5305
brass_acoustic_059-051-100,valid,brass,brass_acoustic_059,51,lower,100,data/raw/nsynth/extracted/nsynth-valid/audio/brass_acoustic_059-051-100.wav,5305
brass_acoustic_015-051-127,valid,brass,brass_acoustic_015,51,lower,127,data/raw/nsynth/extracted/nsynth-valid/audio/brass_acoustic_015-051-127.wav,5305
brass_acoustic_006-052-025,valid,brass,brass_acoustic_006,52,middle,25,data/raw/nsynth/extracted/nsynth-valid/audio/brass_acoustic_006-052-025.wav,5305
brass_acoustic_016-052-025,valid,brass,brass_acoustic_016,52,middle,25,data/raw/nsynth/extracted/nsynth-valid/audio/brass_acoustic_016-052-025.wav,5305
brass_acoustic_059-052-025,valid,brass,brass_acoustic_059,52,middle,25,data/raw/nsynth/extracted/nsynth-valid/audio/brass_acoustic_059-052-025.wav,5305
brass_acoustic_015-052-050,valid,brass,brass_acoustic_015,52,middle,50,data/raw/nsynth/extracted/nsynth-valid/audio/brass_acoustic_015-052-050.wav,5305
brass_acoustic_016-052-050,valid,brass,brass_acoustic_016,52,middle,50,data/raw/nsynth/extracted/nsynth-valid/audio/brass_acoustic_016-052-050.wav,5305
brass_acoustic_046-052-050,valid,brass,brass_acoustic_046,52,middle,50,data/raw/nsynth/extracted/nsynth-valid/audio/brass_acoustic_046-052-050.wav,5305
brass_acoustic_059-052-050,valid,brass,brass_acoustic_059,52,middle,50,data/raw/nsynth/extracted/nsynth-valid/audio/brass_acoustic_059-052-050.wav,5305
brass_acoustic_059-052-075,valid,brass,brass_acoustic_059,52,middle,75,data/raw/nsynth/extracted/nsynth-valid/audio/brass_acoustic_059-052-075.wav,5305
brass_acoustic_006-052-100,valid,brass,brass_acoustic_006,52,middle,100,data/raw/nsynth/extracted/nsynth-valid/audio/brass_acoustic_006-052-100.wav,5305
brass_acoustic_016-052-100,valid,brass,brass_acoustic_016,52,middle,100,data/raw/nsynth/extracted/nsynth-valid/audio/brass_acoustic_016-052-100.wav,5305
brass_acoustic_059-052-100,valid,brass,brass_acoustic_059,52,middle,100,data/raw/nsynth/extracted/nsynth-valid/audio/brass_acoustic_059-052-100.wav,5305
brass_acoustic_016-052-127,valid,brass,brass_acoustic_016,52,middle,127,data/raw/nsynth/extracted/nsynth-valid/audio/brass_acoustic_016-052-127.wav,5305
brass_acoustic_046-052-127,valid,brass,brass_acoustic_046,52,middle,127,data/raw/nsynth/extracted/nsynth-valid/audio/brass_acoustic_046-052-127.wav,5305
brass_acoustic_059-052-127,valid,brass,brass_acoustic_059,52,middle,127,data/raw/nsynth/extracted/nsynth-valid/audio/brass_acoustic_059-052-127.wav,5305
brass_acoustic_006-053-025,valid,brass,brass_acoustic_006,53,middle,25,data/raw/nsynth/extracted/nsynth-valid/audio/brass_acoustic_006-053-025.wav,5305
brass_acoustic_015-053-025,valid,brass,brass_acoustic_015,53,middle,25,data/raw/nsynth/extracted/nsynth-valid/audio/brass_acoustic_015-053-025.wav,5305
brass_acoustic_059-053-025,valid,brass,brass_acoustic_059,53,middle,25,data/raw/nsynth/extracted/nsynth-valid/audio/brass_acoustic_059-053-025.wav,5305
brass_acoustic_006-053-050,valid,brass,brass_acoustic_006,53,middle,50,data/raw/nsynth/extracted/nsynth-valid/audio/brass_acoustic_006-053-050.wav,5305
brass_acoustic_015-053-050,valid,brass,brass_acoustic_015,53,middle,50,data/raw/nsynth/extracted/nsynth-valid/audio/brass_acoustic_015-053-050.wav,5305
brass_acoustic_016-053-050,valid,brass,brass_acoustic_016,53,middle,50,data/raw/nsynth/extracted/nsynth-valid/audio/brass_acoustic_016-053-050.wav,5305
brass_acoustic_059-053-050,valid,brass,brass_acoustic_059,53,middle,50,data/raw/nsynth/extracted/nsynth-valid/audio/brass_acoustic_059-053-050.wav,5305
brass_acoustic_006-053-075,valid,brass,brass_acoustic_006,53,middle,75,data/raw/nsynth/extracted/nsynth-valid/audio/brass_acoustic_006-053-075.wav,5305
brass_acoustic_015-053-075,valid,brass,brass_acoustic_015,53,middle,75,data/raw/nsynth/extracted/nsynth-valid/audio/brass_acoustic_015-053-075.wav,5305
brass_acoustic_016-053-075,valid,brass,brass_acoustic_016,53,middle,75,data/raw/nsynth/extracted/nsynth-valid/audio/brass_acoustic_016-053-075.wav,5305
brass_acoustic_059-053-075,valid,brass,brass_acoustic_059,53,middle,75,data/raw/nsynth/extracted/nsynth-valid/audio/brass_acoustic_059-053-075.wav,5305
brass_acoustic_006-053-100,valid,brass,brass_acoustic_006,53,middle,100,data/raw/nsynth/extracted/nsynth-valid/audio/brass_acoustic_006-053-100.wav,5305
brass_acoustic_015-053-100,valid,brass,brass_acoustic_015,53,middle,100,data/raw/nsynth/extracted/nsynth-valid/audio/brass_acoustic_015-053-100.wav,5305
brass_acoustic_016-053-100,valid,brass,brass_acoustic_016,53,middle,100,data/raw/nsynth/extracted/nsynth-valid/audio/brass_acoustic_016-053-100.wav,5305
brass_acoustic_059-053-100,valid,brass,brass_acoustic_059,53,middle,100,data/raw/nsynth/extracted/nsynth-valid/audio/brass_acoustic_059-053-100.wav,5305
brass_acoustic_006-053-127,valid,brass,brass_acoustic_006,53,middle,127,data/raw/nsynth/extracted/nsynth-valid/audio/brass_acoustic_006-053-127.wav,5305
brass_acoustic_016-053-127,valid,brass,brass_acoustic_016,53,middle,127,data/raw/nsynth/extracted/nsynth-valid/audio/brass_acoustic_016-053-127.wav,5305
brass_acoustic_006-054-025,valid,brass,brass_acoustic_006,54,middle,25,data/raw/nsynth/extracted/nsynth-valid/audio/brass_acoustic_006-054-025.wav,5305
brass_acoustic_015-054-025,valid,brass,brass_acoustic_015,54,middle,25,data/raw/nsynth/extracted/nsynth-valid/audio/brass_acoustic_015-054-025.wav,5305
brass_acoustic_016-054-025,valid,brass,brass_acoustic_016,54,middle,25,data/raw/nsynth/extracted/nsynth-valid/audio/brass_acoustic_016-054-025.wav,5305
brass_acoustic_046-054-025,valid,brass,brass_acoustic_046,54,middle,25,data/raw/nsynth/extracted/nsynth-valid/audio/brass_acoustic_046-054-025.wav,5305
brass_acoustic_059-054-025,valid,brass,brass_acoustic_059,54,middle,25,data/raw/nsynth/extracted/nsynth-valid/audio/brass_acoustic_059-054-025.wav,5305
brass_acoustic_006-054-050,valid,brass,brass_acoustic_006,54,middle,50,data/raw/nsynth/extracted/nsynth-valid/audio/brass_acoustic_006-054-050.wav,5305
brass_acoustic_016-054-050,valid,brass,brass_acoustic_016,54,middle,50,data/raw/nsynth/extracted/nsynth-valid/audio/brass_acoustic_016-054-050.wav,5305
brass_acoustic_046-054-050,valid,brass,brass_acoustic_046,54,middle,50,data/raw/nsynth/extracted/nsynth-valid/audio/brass_acoustic_046-054-050.wav,5305
brass_acoustic_059-054-050,valid,brass,brass_acoustic_059,54,middle,50,data/raw/nsynth/extracted/nsynth-valid/audio/brass_acoustic_059-054-050.wav,5305
brass_acoustic_006-054-075,valid,brass,brass_acoustic_006,54,middle,75,data/raw/nsynth/extracted/nsynth-valid/audio/brass_acoustic_006-054-075.wav,5305
brass_acoustic_015-054-075,valid,brass,brass_acoustic_015,54,middle,75,data/raw/nsynth/extracted/nsynth-valid/audio/brass_acoustic_015-054-075.wav,5305
brass_acoustic_016-054-075,valid,brass,brass_acoustic_016,54,middle,75,data/raw/nsynth/extracted/nsynth-valid/audio/brass_acoustic_016-054-075.wav,5305
brass_acoustic_046-054-075,valid,brass,brass_acoustic_046,54,middle,75,data/raw/nsynth/extracted/nsynth-valid/audio/brass_acoustic_046-054-075.wav,5305
brass_acoustic_006-054-100,valid,brass,brass_acoustic_006,54,middle,100,data/raw/nsynth/extracted/nsynth-valid/audio/brass_acoustic_006-054-100.wav,5305
brass_acoustic_015-054-100,valid,brass,brass_acoustic_015,54,middle,100,data/raw/nsynth/extracted/nsynth-valid/audio/brass_acoustic_015-054-100.wav,5305
brass_acoustic_016-054-100,valid,brass,brass_acoustic_016,54,middle,100,data/raw/nsynth/extracted/nsynth-valid/audio/brass_acoustic_016-054-100.wav,5305
brass_acoustic_046-054-100,valid,brass,brass_acoustic_046,54,middle,100,data/raw/nsynth/extracted/nsynth-valid/audio/brass_acoustic_046-054-100.wav,5305
brass_acoustic_006-054-127,valid,brass,brass_acoustic_006,54,middle,127,data/raw/nsynth/extracted/nsynth-valid/audio/brass_acoustic_006-054-127.wav,5305
brass_acoustic_016-054-127,valid,brass,brass_acoustic_016,54,middle,127,data/raw/nsynth/extracted/nsynth-valid/audio/brass_acoustic_016-054-127.wav,5305
brass_acoustic_046-054-127,valid,brass,brass_acoustic_046,54,middle,127,data/raw/nsynth/extracted/nsynth-valid/audio/brass_acoustic_046-054-127.wav,5305
brass_acoustic_059-054-127,valid,brass,brass_acoustic_059,54,middle,127,data/raw/nsynth/extracted/nsynth-valid/audio/brass_acoustic_059-054-127.wav,5305
brass_acoustic_006-055-025,valid,brass,brass_acoustic_006,55,middle,25,data/raw/nsynth/extracted/nsynth-valid/audio/brass_acoustic_006-055-025.wav,5305
brass_acoustic_015-055-025,valid,brass,brass_acoustic_015,55,middle,25,data/raw/nsynth/extracted/nsynth-valid/audio/brass_acoustic_015-055-025.wav,5305
brass_acoustic_016-055-025,valid,brass,brass_acoustic_016,55,middle,25,data/raw/nsynth/extracted/nsynth-valid/audio/brass_acoustic_016-055-025.wav,5305
brass_acoustic_059-055-025,valid,brass,brass_acoustic_059,55,middle,25,data/raw/nsynth/extracted/nsynth-valid/audio/brass_acoustic_059-055-025.wav,5305
brass_acoustic_046-055-050,valid,brass,brass_acoustic_046,55,middle,50,data/raw/nsynth/extracted/nsynth-valid/audio/brass_acoustic_046-055-050.wav,5305
brass_acoustic_006-055-075,valid,brass,brass_acoustic_006,55,middle,75,data/raw/nsynth/extracted/nsynth-valid/audio/brass_acoustic_006-055-075.wav,5305
brass_acoustic_015-055-075,valid,brass,brass_acoustic_015,55,middle,75,data/raw/nsynth/extracted/nsynth-valid/audio/brass_acoustic_015-055-075.wav,5305
brass_acoustic_016-055-075,valid,brass,brass_acoustic_016,55,middle,75,data/raw/nsynth/extracted/nsynth-valid/audio/brass_acoustic_016-055-075.wav,5305
brass_acoustic_046-055-075,valid,brass,brass_acoustic_046,55,middle,75,data/raw/nsynth/extracted/nsynth-valid/audio/brass_acoustic_046-055-075.wav,5305
brass_acoustic_059-055-075,valid,brass,brass_acoustic_059,55,middle,75,data/raw/nsynth/extracted/nsynth-valid/audio/brass_acoustic_059-055-075.wav,5305
brass_acoustic_006-055-100,valid,brass,brass_acoustic_006,55,middle,100,data/raw/nsynth/extracted/nsynth-valid/audio/brass_acoustic_006-055-100.wav,5305
brass_acoustic_015-055-100,valid,brass,brass_acoustic_015,55,middle,100,data/raw/nsynth/extracted/nsynth-valid/audio/brass_acoustic_015-055-100.wav,5305
brass_acoustic_059-055-100,valid,brass,brass_acoustic_059,55,middle,100,data/raw/nsynth/extracted/nsynth-valid/audio/brass_acoustic_059-055-100.wav,5305
brass_acoustic_016-055-127,valid,brass,brass_acoustic_016,55,middle,127,data/raw/nsynth/extracted/nsynth-valid/audio/brass_acoustic_016-055-127.wav,5305
brass_acoustic_046-055-127,valid,brass,brass_acoustic_046,55,middle,127,data/raw/nsynth/extracted/nsynth-valid/audio/brass_acoustic_046-055-127.wav,5305
brass_acoustic_046-056-025,valid,brass,brass_acoustic_046,56,middle,25,data/raw/nsynth/extracted/nsynth-valid/audio/brass_acoustic_046-056-025.wav,5305
brass_acoustic_006-056-050,valid,brass,brass_acoustic_006,56,middle,50,data/raw/nsynth/extracted/nsynth-valid/audio/brass_acoustic_006-056-050.wav,5305
brass_acoustic_015-056-050,valid,brass,brass_acoustic_015,56,middle,50,data/raw/nsynth/extracted/nsynth-valid/audio/brass_acoustic_015-056-050.wav,5305
brass_acoustic_016-056-050,valid,brass,brass_acoustic_016,56,middle,50,data/raw/nsynth/extracted/nsynth-valid/audio/brass_acoustic_016-056-050.wav,5305
brass_acoustic_046-056-050,valid,brass,brass_acoustic_046,56,middle,50,data/raw/nsynth/extracted/nsynth-valid/audio/brass_acoustic_046-056-050.wav,5305
brass_acoustic_059-056-050,valid,brass,brass_acoustic_059,56,middle,50,data/raw/nsynth/extracted/nsynth-valid/audio/brass_acoustic_059-056-050.wav,5305
brass_acoustic_006-056-075,valid,brass,brass_acoustic_006,56,middle,75,data/raw/nsynth/extracted/nsynth-valid/audio/brass_acoustic_006-056-075.wav,5305
brass_acoustic_016-056-075,valid,brass,brass_acoustic_016,56,middle,75,data/raw/nsynth/extracted/nsynth-valid/audio/brass_acoustic_016-056-075.wav,5305
brass_acoustic_046-056-075,valid,brass,brass_acoustic_046,56,middle,75,data/raw/nsynth/extracted/nsynth-valid/audio/brass_acoustic_046-056-075.wav,5305
brass_acoustic_006-056-100,valid,brass,brass_acoustic_006,56,middle,100,data/raw/nsynth/extracted/nsynth-valid/audio/brass_acoustic_006-056-100.wav,5305
brass_acoustic_015-056-100,valid,brass,brass_acoustic_015,56,middle,100,data/raw/nsynth/extracted/nsynth-valid/audio/brass_acoustic_015-056-100.wav,5305
brass_acoustic_016-056-100,valid,brass,brass_acoustic_016,56,middle,100,data/raw/nsynth/extracted/nsynth-valid/audio/brass_acoustic_016-056-100.wav,5305
brass_acoustic_046-056-100,valid,brass,brass_acoustic_046,56,middle,100,data/raw/nsynth/extracted/nsynth-valid/audio/brass_acoustic_046-056-100.wav,5305
brass_acoustic_015-056-127,valid,brass,brass_acoustic_015,56,middle,127,data/raw/nsynth/extracted/nsynth-valid/audio/brass_acoustic_015-056-127.wav,5305
brass_acoustic_016-056-127,valid,brass,brass_acoustic_016,56,middle,127,data/raw/nsynth/extracted/nsynth-valid/audio/brass_acoustic_016-056-127.wav,5305
brass_acoustic_059-056-127,valid,brass,brass_acoustic_059,56,middle,127,data/raw/nsynth/extracted/nsynth-valid/audio/brass_acoustic_059-056-127.wav,5305
brass_acoustic_016-057-025,valid,brass,brass_acoustic_016,57,middle,25,data/raw/nsynth/extracted/nsynth-valid/audio/brass_acoustic_016-057-025.wav,5305
brass_acoustic_046-057-025,valid,brass,brass_acoustic_046,57,middle,25,data/raw/nsynth/extracted/nsynth-valid/audio/brass_acoustic_046-057-025.wav,5305
brass_acoustic_059-057-025,valid,brass,brass_acoustic_059,57,middle,25,data/raw/nsynth/extracted/nsynth-valid/audio/brass_acoustic_059-057-025.wav,5305
brass_acoustic_006-057-050,valid,brass,brass_acoustic_006,57,middle,50,data/raw/nsynth/extracted/nsynth-valid/audio/brass_acoustic_006-057-050.wav,5305
brass_acoustic_046-057-050,valid,brass,brass_acoustic_046,57,middle,50,data/raw/nsynth/extracted/nsynth-valid/audio/brass_acoustic_046-057-050.wav,5305
brass_acoustic_015-057-075,valid,brass,brass_acoustic_015,57,middle,75,data/raw/nsynth/extracted/nsynth-valid/audio/brass_acoustic_015-057-075.wav,5305
brass_acoustic_016-057-075,valid,brass,brass_acoustic_016,57,middle,75,data/raw/nsynth/extracted/nsynth-valid/audio/brass_acoustic_016-057-075.wav,5305
brass_acoustic_046-057-075,valid,brass,brass_acoustic_046,57,middle,75,data/raw/nsynth/extracted/nsynth-valid/audio/brass_acoustic_046-057-075.wav,5305
brass_acoustic_059-057-075,valid,brass,brass_acoustic_059,57,middle,75,data/raw/nsynth/extracted/nsynth-valid/audio/brass_acoustic_059-057-075.wav,5305
brass_acoustic_006-057-100,valid,brass,brass_acoustic_006,57,middle,100,data/raw/nsynth/extracted/nsynth-valid/audio/brass_acoustic_006-057-100.wav,5305
brass_acoustic_015-057-100,valid,brass,brass_acoustic_015,57,middle,100,data/raw/nsynth/extracted/nsynth-valid/audio/brass_acoustic_015-057-100.wav,5305
brass_acoustic_059-057-100,valid,brass,brass_acoustic_059,57,middle,100,data/raw/nsynth/extracted/nsynth-valid/audio/brass_acoustic_059-057-100.wav,5305
brass_acoustic_006-057-127,valid,brass,brass_acoustic_006,57,middle,127,data/raw/nsynth/extracted/nsynth-valid/audio/brass_acoustic_006-057-127.wav,5305
brass_acoustic_015-057-127,valid,brass,brass_acoustic_015,57,middle,127,data/raw/nsynth/extracted/nsynth-valid/audio/brass_acoustic_015-057-127.wav,5305
brass_acoustic_046-057-127,valid,brass,brass_acoustic_046,57,middle,127,data/raw/nsynth/extracted/nsynth-valid/audio/brass_acoustic_046-057-127.wav,5305
brass_acoustic_059-057-127,valid,brass,brass_acoustic_059,57,middle,127,data/raw/nsynth/extracted/nsynth-valid/audio/brass_acoustic_059-057-127.wav,5305
brass_acoustic_015-058-025,valid,brass,brass_acoustic_015,58,middle,25,data/raw/nsynth/extracted/nsynth-valid/audio/brass_acoustic_015-058-025.wav,5305
brass_acoustic_006-058-050,valid,brass,brass_acoustic_006,58,middle,50,data/raw/nsynth/extracted/nsynth-valid/audio/brass_acoustic_006-058-050.wav,5305
brass_acoustic_046-058-050,valid,brass,brass_acoustic_046,58,middle,50,data/raw/nsynth/extracted/nsynth-valid/audio/brass_acoustic_046-058-050.wav,5305
brass_acoustic_059-058-050,valid,brass,brass_acoustic_059,58,middle,50,data/raw/nsynth/extracted/nsynth-valid/audio/brass_acoustic_059-058-050.wav,5305
brass_acoustic_006-058-075,valid,brass,brass_acoustic_006,58,middle,75,data/raw/nsynth/extracted/nsynth-valid/audio/brass_acoustic_006-058-075.wav,5305
brass_acoustic_016-058-075,valid,brass,brass_acoustic_016,58,middle,75,data/raw/nsynth/extracted/nsynth-valid/audio/brass_acoustic_016-058-075.wav,5305
brass_acoustic_059-058-075,valid,brass,brass_acoustic_059,58,middle,75,data/raw/nsynth/extracted/nsynth-valid/audio/brass_acoustic_059-058-075.wav,5305
brass_acoustic_006-058-100,valid,brass,brass_acoustic_006,58,middle,100,data/raw/nsynth/extracted/nsynth-valid/audio/brass_acoustic_006-058-100.wav,5305
brass_acoustic_016-058-100,valid,brass,brass_acoustic_016,58,middle,100,data/raw/nsynth/extracted/nsynth-valid/audio/brass_acoustic_016-058-100.wav,5305
brass_acoustic_015-058-127,valid,brass,brass_acoustic_015,58,middle,127,data/raw/nsynth/extracted/nsynth-valid/audio/brass_acoustic_015-058-127.wav,5305
brass_acoustic_016-058-127,valid,brass,brass_acoustic_016,58,middle,127,data/raw/nsynth/extracted/nsynth-valid/audio/brass_acoustic_016-058-127.wav,5305
brass_acoustic_006-059-025,valid,brass,brass_acoustic_006,59,middle,25,data/raw/nsynth/extracted/nsynth-valid/audio/brass_acoustic_006-059-025.wav,5305
brass_acoustic_016-059-025,valid,brass,brass_acoustic_016,59,middle,25,data/raw/nsynth/extracted/nsynth-valid/audio/brass_acoustic_016-059-025.wav,5305
brass_acoustic_059-059-025,valid,brass,brass_acoustic_059,59,middle,25,data/raw/nsynth/extracted/nsynth-valid/audio/brass_acoustic_059-059-025.wav,5305
brass_acoustic_006-059-050,valid,brass,brass_acoustic_006,59,middle,50,data/raw/nsynth/extracted/nsynth-valid/audio/brass_acoustic_006-059-050.wav,5305
brass_acoustic_016-059-050,valid,brass,brass_acoustic_016,59,middle,50,data/raw/nsynth/extracted/nsynth-valid/audio/brass_acoustic_016-059-050.wav,5305
brass_acoustic_046-059-050,valid,brass,brass_acoustic_046,59,middle,50,data/raw/nsynth/extracted/nsynth-valid/audio/brass_acoustic_046-059-050.wav,5305
brass_acoustic_059-059-050,valid,brass,brass_acoustic_059,59,middle,50,data/raw/nsynth/extracted/nsynth-valid/audio/brass_acoustic_059-059-050.wav,5305
brass_acoustic_006-059-075,valid,brass,brass_acoustic_006,59,middle,75,data/raw/nsynth/extracted/nsynth-valid/audio/brass_acoustic_006-059-075.wav,5305
brass_acoustic_015-059-075,valid,brass,brass_acoustic_015,59,middle,75,data/raw/nsynth/extracted/nsynth-valid/audio/brass_acoustic_015-059-075.wav,5305
brass_acoustic_015-059-100,valid,brass,brass_acoustic_015,59,middle,100,data/raw/nsynth/extracted/nsynth-valid/audio/brass_acoustic_015-059-100.wav,5305
brass_acoustic_016-059-100,valid,brass,brass_acoustic_016,59,middle,100,data/raw/nsynth/extracted/nsynth-valid/audio/brass_acoustic_016-059-100.wav,5305
brass_acoustic_046-059-100,valid,brass,brass_acoustic_046,59,middle,100,data/raw/nsynth/extracted/nsynth-valid/audio/brass_acoustic_046-059-100.wav,5305
brass_acoustic_059-059-100,valid,brass,brass_acoustic_059,59,middle,100,data/raw/nsynth/extracted/nsynth-valid/audio/brass_acoustic_059-059-100.wav,5305
brass_acoustic_006-059-127,valid,brass,brass_acoustic_006,59,middle,127,data/raw/nsynth/extracted/nsynth-valid/audio/brass_acoustic_006-059-127.wav,5305
brass_acoustic_016-059-127,valid,brass,brass_acoustic_016,59,middle,127,data/raw/nsynth/extracted/nsynth-valid/audio/brass_acoustic_016-059-127.wav,5305
brass_acoustic_059-059-127,valid,brass,brass_acoustic_059,59,middle,127,data/raw/nsynth/extracted/nsynth-valid/audio/brass_acoustic_059-059-127.wav,5305
brass_acoustic_046-060-025,valid,brass,brass_acoustic_046,60,middle,25,data/raw/nsynth/extracted/nsynth-valid/audio/brass_acoustic_046-060-025.wav,5305
brass_acoustic_059-060-025,valid,brass,brass_acoustic_059,60,middle,25,data/raw/nsynth/extracted/nsynth-valid/audio/brass_acoustic_059-060-025.wav,5305
brass_acoustic_015-060-075,valid,brass,brass_acoustic_015,60,middle,75,data/raw/nsynth/extracted/nsynth-valid/audio/brass_acoustic_015-060-075.wav,5305
brass_acoustic_046-060-075,valid,brass,brass_acoustic_046,60,middle,75,data/raw/nsynth/extracted/nsynth-valid/audio/brass_acoustic_046-060-075.wav,5305
brass_acoustic_015-060-100,valid,brass,brass_acoustic_015,60,middle,100,data/raw/nsynth/extracted/nsynth-valid/audio/brass_acoustic_015-060-100.wav,5305
brass_acoustic_016-060-100,valid,brass,brass_acoustic_016,60,middle,100,data/raw/nsynth/extracted/nsynth-valid/audio/brass_acoustic_016-060-100.wav,5305
brass_acoustic_006-060-127,valid,brass,brass_acoustic_006,60,middle,127,data/raw/nsynth/extracted/nsynth-valid/audio/brass_acoustic_006-060-127.wav,5305
brass_acoustic_046-060-127,valid,brass,brass_acoustic_046,60,middle,127,data/raw/nsynth/extracted/nsynth-valid/audio/brass_acoustic_046-060-127.wav,5305
brass_acoustic_059-060-127,valid,brass,brass_acoustic_059,60,middle,127,data/raw/nsynth/extracted/nsynth-valid/audio/brass_acoustic_059-060-127.wav,5305
brass_acoustic_016-061-025,valid,brass,brass_acoustic_016,61,upper,25,data/raw/nsynth/extracted/nsynth-valid/audio/brass_acoustic_016-061-025.wav,5305
brass_acoustic_006-061-050,valid,brass,brass_acoustic_006,61,upper,50,data/raw/nsynth/extracted/nsynth-valid/audio/brass_acoustic_006-061-050.wav,5305
brass_acoustic_016-061-050,valid,brass,brass_acoustic_016,61,upper,50,data/raw/nsynth/extracted/nsynth-valid/audio/brass_acoustic_016-061-050.wav,5305
brass_acoustic_046-061-050,valid,brass,brass_acoustic_046,61,upper,50,data/raw/nsynth/extracted/nsynth-valid/audio/brass_acoustic_046-061-050.wav,5305
brass_acoustic_016-061-075,valid,brass,brass_acoustic_016,61,upper,75,data/raw/nsynth/extracted/nsynth-valid/audio/brass_acoustic_016-061-075.wav,5305
brass_acoustic_059-061-075,valid,brass,brass_acoustic_059,61,upper,75,data/raw/nsynth/extracted/nsynth-valid/audio/brass_acoustic_059-061-075.wav,5305
brass_acoustic_016-061-100,valid,brass,brass_acoustic_016,61,upper,100,data/raw/nsynth/extracted/nsynth-valid/audio/brass_acoustic_016-061-100.wav,5305
brass_acoustic_015-061-127,valid,brass,brass_acoustic_015,61,upper,127,data/raw/nsynth/extracted/nsynth-valid/audio/brass_acoustic_015-061-127.wav,5305
brass_acoustic_006-062-025,valid,brass,brass_acoustic_006,62,upper,25,data/raw/nsynth/extracted/nsynth-valid/audio/brass_acoustic_006-062-025.wav,5305
brass_acoustic_015-062-025,valid,brass,brass_acoustic_015,62,upper,25,data/raw/nsynth/extracted/nsynth-valid/audio/brass_acoustic_015-062-025.wav,5305
brass_acoustic_016-062-025,valid,brass,brass_acoustic_016,62,upper,25,data/raw/nsynth/extracted/nsynth-valid/audio/brass_acoustic_016-062-025.wav,5305
brass_acoustic_046-062-025,valid,brass,brass_acoustic_046,62,upper,25,data/raw/nsynth/extracted/nsynth-valid/audio/brass_acoustic_046-062-025.wav,5305
brass_acoustic_015-062-050,valid,brass,brass_acoustic_015,62,upper,50,data/raw/nsynth/extracted/nsynth-valid/audio/brass_acoustic_015-062-050.wav,5305
brass_acoustic_016-062-050,valid,brass,brass_acoustic_016,62,upper,50,data/raw/nsynth/extracted/nsynth-valid/audio/brass_acoustic_016-062-050.wav,5305
brass_acoustic_046-062-050,valid,brass,brass_acoustic_046,62,upper,50,data/raw/nsynth/extracted/nsynth-valid/audio/brass_acoustic_046-062-050.wav,5305
brass_acoustic_006-062-075,valid,brass,brass_acoustic_006,62,upper,75,data/raw/nsynth/extracted/nsynth-valid/audio/brass_acoustic_006-062-075.wav,5305
brass_acoustic_016-062-075,valid,brass,brass_acoustic_016,62,upper,75,data/raw/nsynth/extracted/nsynth-valid/audio/brass_acoustic_016-062-075.wav,5305
brass_acoustic_046-062-075,valid,brass,brass_acoustic_046,62,upper,75,data/raw/nsynth/extracted/nsynth-valid/audio/brass_acoustic_046-062-075.wav,5305
brass_acoustic_006-062-100,valid,brass,brass_acoustic_006,62,upper,100,data/raw/nsynth/extracted/nsynth-valid/audio/brass_acoustic_006-062-100.wav,5305
brass_acoustic_016-062-100,valid,brass,brass_acoustic_016,62,upper,100,data/raw/nsynth/extracted/nsynth-valid/audio/brass_acoustic_016-062-100.wav,5305
brass_acoustic_046-062-127,valid,brass,brass_acoustic_046,62,upper,127,data/raw/nsynth/extracted/nsynth-valid/audio/brass_acoustic_046-062-127.wav,5305
brass_acoustic_059-062-127,valid,brass,brass_acoustic_059,62,upper,127,data/raw/nsynth/extracted/nsynth-valid/audio/brass_acoustic_059-062-127.wav,5305
brass_acoustic_015-063-025,valid,brass,brass_acoustic_015,63,upper,25,data/raw/nsynth/extracted/nsynth-valid/audio/brass_acoustic_015-063-025.wav,5305
brass_acoustic_059-063-025,valid,brass,brass_acoustic_059,63,upper,25,data/raw/nsynth/extracted/nsynth-valid/audio/brass_acoustic_059-063-025.wav,5305
brass_acoustic_016-063-050,valid,brass,brass_acoustic_016,63,upper,50,data/raw/nsynth/extracted/nsynth-valid/audio/brass_acoustic_016-063-050.wav,5305
brass_acoustic_059-063-050,valid,brass,brass_acoustic_059,63,upper,50,data/raw/nsynth/extracted/nsynth-valid/audio/brass_acoustic_059-063-050.wav,5305
brass_acoustic_046-063-075,valid,brass,brass_acoustic_046,63,upper,75,data/raw/nsynth/extracted/nsynth-valid/audio/brass_acoustic_046-063-075.wav,5305
brass_acoustic_006-063-100,valid,brass,brass_acoustic_006,63,upper,100,data/raw/nsynth/extracted/nsynth-valid/audio/brass_acoustic_006-063-100.wav,5305
brass_acoustic_015-063-100,valid,brass,brass_acoustic_015,63,upper,100,data/raw/nsynth/extracted/nsynth-valid/audio/brass_acoustic_015-063-100.wav,5305
brass_acoustic_016-063-100,valid,brass,brass_acoustic_016,63,upper,100,data/raw/nsynth/extracted/nsynth-valid/audio/brass_acoustic_016-063-100.wav,5305
brass_acoustic_059-063-100,valid,brass,brass_acoustic_059,63,upper,100,data/raw/nsynth/extracted/nsynth-valid/audio/brass_acoustic_059-063-100.wav,5305
brass_acoustic_015-063-127,valid,brass,brass_acoustic_015,63,upper,127,data/raw/nsynth/extracted/nsynth-valid/audio/brass_acoustic_015-063-127.wav,5305
brass_acoustic_016-063-127,valid,brass,brass_acoustic_016,63,upper,127,data/raw/nsynth/extracted/nsynth-valid/audio/brass_acoustic_016-063-127.wav,5305
brass_acoustic_046-063-127,valid,brass,brass_acoustic_046,63,upper,127,data/raw/nsynth/extracted/nsynth-valid/audio/brass_acoustic_046-063-127.wav,5305
brass_acoustic_059-063-127,valid,brass,brass_acoustic_059,63,upper,127,data/raw/nsynth/extracted/nsynth-valid/audio/brass_acoustic_059-063-127.wav,5305
brass_acoustic_006-064-025,valid,brass,brass_acoustic_006,64,upper,25,data/raw/nsynth/extracted/nsynth-valid/audio/brass_acoustic_006-064-025.wav,5305
brass_acoustic_016-064-025,valid,brass,brass_acoustic_016,64,upper,25,data/raw/nsynth/extracted/nsynth-valid/audio/brass_acoustic_016-064-025.wav,5305
brass_acoustic_046-064-025,valid,brass,brass_acoustic_046,64,upper,25,data/raw/nsynth/extracted/nsynth-valid/audio/brass_acoustic_046-064-025.wav,5305
brass_acoustic_006-064-050,valid,brass,brass_acoustic_006,64,upper,50,data/raw/nsynth/extracted/nsynth-valid/audio/brass_acoustic_006-064-050.wav,5305
brass_acoustic_046-064-050,valid,brass,brass_acoustic_046,64,upper,50,data/raw/nsynth/extracted/nsynth-valid/audio/brass_acoustic_046-064-050.wav,5305
brass_acoustic_015-064-075,valid,brass,brass_acoustic_015,64,upper,75,data/raw/nsynth/extracted/nsynth-valid/audio/brass_acoustic_015-064-075.wav,5305
brass_acoustic_006-064-127,valid,brass,brass_acoustic_006,64,upper,127,data/raw/nsynth/extracted/nsynth-valid/audio/brass_acoustic_006-064-127.wav,5305
brass_acoustic_015-064-127,valid,brass,brass_acoustic_015,64,upper,127,data/raw/nsynth/extracted/nsynth-valid/audio/brass_acoustic_015-064-127.wav,5305
brass_acoustic_059-064-127,valid,brass,brass_acoustic_059,64,upper,127,data/raw/nsynth/extracted/nsynth-valid/audio/brass_acoustic_059-064-127.wav,5305
brass_acoustic_015-065-025,valid,brass,brass_acoustic_015,65,upper,25,data/raw/nsynth/extracted/nsynth-valid/audio/brass_acoustic_015-065-025.wav,5305
brass_acoustic_016-065-025,valid,brass,brass_acoustic_016,65,upper,25,data/raw/nsynth/extracted/nsynth-valid/audio/brass_acoustic_016-065-025.wav,5305
brass_acoustic_046-065-025,valid,brass,brass_acoustic_046,65,upper,25,data/raw/nsynth/extracted/nsynth-valid/audio/brass_acoustic_046-065-025.wav,5305
brass_acoustic_046-065-050,valid,brass,brass_acoustic_046,65,upper,50,data/raw/nsynth/extracted/nsynth-valid/audio/brass_acoustic_046-065-050.wav,5305
brass_acoustic_006-065-075,valid,brass,brass_acoustic_006,65,upper,75,data/raw/nsynth/extracted/nsynth-valid/audio/brass_acoustic_006-065-075.wav,5305
brass_acoustic_006-065-100,valid,brass,brass_acoustic_006,65,upper,100,data/raw/nsynth/extracted/nsynth-valid/audio/brass_acoustic_006-065-100.wav,5305
brass_acoustic_046-066-025,valid,brass,brass_acoustic_046,66,upper,25,data/raw/nsynth/extracted/nsynth-valid/audio/brass_acoustic_046-066-025.wav,5305
brass_acoustic_006-066-050,valid,brass,brass_acoustic_006,66,upper,50,data/raw/nsynth/extracted/nsynth-valid/audio/brass_acoustic_006-066-050.wav,5305
brass_acoustic_006-066-075,valid,brass,brass_acoustic_006,66,upper,75,data/raw/nsynth/extracted/nsynth-valid/audio/brass_acoustic_006-066-075.wav,5305
brass_acoustic_016-066-075,valid,brass,brass_acoustic_016,66,upper,75,data/raw/nsynth/extracted/nsynth-valid/audio/brass_acoustic_016-066-075.wav,5305
brass_acoustic_015-066-100,valid,brass,brass_acoustic_015,66,upper,100,data/raw/nsynth/extracted/nsynth-valid/audio/brass_acoustic_015-066-100.wav,5305
brass_acoustic_046-066-100,valid,brass,brass_acoustic_046,66,upper,100,data/raw/nsynth/extracted/nsynth-valid/audio/brass_acoustic_046-066-100.wav,5305
brass_acoustic_015-066-127,valid,brass,brass_acoustic_015,66,upper,127,data/raw/nsynth/extracted/nsynth-valid/audio/brass_acoustic_015-066-127.wav,5305
brass_acoustic_046-066-127,valid,brass,brass_acoustic_046,66,upper,127,data/raw/nsynth/extracted/nsynth-valid/audio/brass_acoustic_046-066-127.wav,5305
brass_acoustic_006-067-025,valid,brass,brass_acoustic_006,67,upper,25,data/raw/nsynth/extracted/nsynth-valid/audio/brass_acoustic_006-067-025.wav,5305
brass_acoustic_015-067-025,valid,brass,brass_acoustic_015,67,upper,25,data/raw/nsynth/extracted/nsynth-valid/audio/brass_acoustic_015-067-025.wav,5305
brass_acoustic_016-067-025,valid,brass,brass_acoustic_016,67,upper,25,data/raw/nsynth/extracted/nsynth-valid/audio/brass_acoustic_016-067-025.wav,5305
brass_acoustic_046-067-025,valid,brass,brass_acoustic_046,67,upper,25,data/raw/nsynth/extracted/nsynth-valid/audio/brass_acoustic_046-067-025.wav,5305
brass_acoustic_006-067-050,valid,brass,brass_acoustic_006,67,upper,50,data/raw/nsynth/extracted/nsynth-valid/audio/brass_acoustic_006-067-050.wav,5305
brass_acoustic_046-067-050,valid,brass,brass_acoustic_046,67,upper,50,data/raw/nsynth/extracted/nsynth-valid/audio/brass_acoustic_046-067-050.wav,5305
brass_acoustic_006-067-075,valid,brass,brass_acoustic_006,67,upper,75,data/raw/nsynth/extracted/nsynth-valid/audio/brass_acoustic_006-067-075.wav,5305
brass_acoustic_015-067-075,valid,brass,brass_acoustic_015,67,upper,75,data/raw/nsynth/extracted/nsynth-valid/audio/brass_acoustic_015-067-075.wav,5305
brass_acoustic_016-067-075,valid,brass,brass_acoustic_016,67,upper,75,data/raw/nsynth/extracted/nsynth-valid/audio/brass_acoustic_016-067-075.wav,5305
brass_acoustic_015-067-100,valid,brass,brass_acoustic_015,67,upper,100,data/raw/nsynth/extracted/nsynth-valid/audio/brass_acoustic_015-067-100.wav,5305
brass_acoustic_006-067-127,valid,brass,brass_acoustic_006,67,upper,127,data/raw/nsynth/extracted/nsynth-valid/audio/brass_acoustic_006-067-127.wav,5305
brass_acoustic_006-068-025,valid,brass,brass_acoustic_006,68,upper,25,data/raw/nsynth/extracted/nsynth-valid/audio/brass_acoustic_006-068-025.wav,5305
brass_acoustic_015-068-050,valid,brass,brass_acoustic_015,68,upper,50,data/raw/nsynth/extracted/nsynth-valid/audio/brass_acoustic_015-068-050.wav,5305
brass_acoustic_006-068-100,valid,brass,brass_acoustic_006,68,upper,100,data/raw/nsynth/extracted/nsynth-valid/audio/brass_acoustic_006-068-100.wav,5305
brass_acoustic_016-068-100,valid,brass,brass_acoustic_016,68,upper,100,data/raw/nsynth/extracted/nsynth-valid/audio/brass_acoustic_016-068-100.wav,5305
brass_acoustic_006-069-050,valid,brass,brass_acoustic_006,69,upper,50,data/raw/nsynth/extracted/nsynth-valid/audio/brass_acoustic_006-069-050.wav,5305
brass_acoustic_015-069-050,valid,brass,brass_acoustic_015,69,upper,50,data/raw/nsynth/extracted/nsynth-valid/audio/brass_acoustic_015-069-050.wav,5305
brass_acoustic_016-069-050,valid,brass,brass_acoustic_016,69,upper,50,data/raw/nsynth/extracted/nsynth-valid/audio/brass_acoustic_016-069-050.wav,5305
brass_acoustic_016-069-075,valid,brass,brass_acoustic_016,69,upper,75,data/raw/nsynth/extracted/nsynth-valid/audio/brass_acoustic_016-069-075.wav,5305
brass_acoustic_046-069-075,valid,brass,brass_acoustic_046,69,upper,75,data/raw/nsynth/extracted/nsynth-valid/audio/brass_acoustic_046-069-075.wav,5305
brass_acoustic_006-069-100,valid,brass,brass_acoustic_006,69,upper,100,data/raw/nsynth/extracted/nsynth-valid/audio/brass_acoustic_006-069-100.wav,5305
brass_acoustic_016-069-127,valid,brass,brass_acoustic_016,69,upper,127,data/raw/nsynth/extracted/nsynth-valid/audio/brass_acoustic_016-069-127.wav,5305
guitar_acoustic_015-043-025,valid,guitar,guitar_acoustic_015,43,lower,25,data/raw/nsynth/extracted/nsynth-valid/audio/guitar_acoustic_015-043-025.wav,5305
guitar_electronic_022-043-025,valid,guitar,guitar_electronic_022,43,lower,25,data/raw/nsynth/extracted/nsynth-valid/audio/guitar_electronic_022-043-025.wav,5305
guitar_acoustic_010-043-050,valid,guitar,guitar_acoustic_010,43,lower,50,data/raw/nsynth/extracted/nsynth-valid/audio/guitar_acoustic_010-043-050.wav,5305
guitar_acoustic_021-043-050,valid,guitar,guitar_acoustic_021,43,lower,50,data/raw/nsynth/extracted/nsynth-valid/audio/guitar_acoustic_021-043-050.wav,5305
guitar_acoustic_030-043-050,valid,guitar,guitar_acoustic_030,43,lower,50,data/raw/nsynth/extracted/nsynth-valid/audio/guitar_acoustic_030-043-050.wav,5305
guitar_electronic_028-043-050,valid,guitar,guitar_electronic_028,43,lower,50,data/raw/nsynth/extracted/nsynth-valid/audio/guitar_electronic_028-043-050.wav,5305
guitar_acoustic_021-043-075,valid,guitar,guitar_acoustic_021,43,lower,75,data/raw/nsynth/extracted/nsynth-valid/audio/guitar_acoustic_021-043-075.wav,5305
guitar_acoustic_015-043-100,valid,guitar,guitar_acoustic_015,43,lower,100,data/raw/nsynth/extracted/nsynth-valid/audio/guitar_acoustic_015-043-100.wav,5305
guitar_electronic_022-043-100,valid,guitar,guitar_electronic_022,43,lower,100,data/raw/nsynth/extracted/nsynth-valid/audio/guitar_electronic_022-043-100.wav,5305
guitar_acoustic_010-043-127,valid,guitar,guitar_acoustic_010,43,lower,127,data/raw/nsynth/extracted/nsynth-valid/audio/guitar_acoustic_010-043-127.wav,5305
guitar_acoustic_021-043-127,valid,guitar,guitar_acoustic_021,43,lower,127,data/raw/nsynth/extracted/nsynth-valid/audio/guitar_acoustic_021-043-127.wav,5305
guitar_acoustic_010-044-025,valid,guitar,guitar_acoustic_010,44,lower,25,data/raw/nsynth/extracted/nsynth-valid/audio/guitar_acoustic_010-044-025.wav,5305
guitar_acoustic_015-044-025,valid,guitar,guitar_acoustic_015,44,lower,25,data/raw/nsynth/extracted/nsynth-valid/audio/guitar_acoustic_015-044-025.wav,5305
guitar_electronic_028-044-025,valid,guitar,guitar_electronic_028,44,lower,25,data/raw/nsynth/extracted/nsynth-valid/audio/guitar_electronic_028-044-025.wav,5305
guitar_acoustic_014-044-050,valid,guitar,guitar_acoustic_014,44,lower,50,data/raw/nsynth/extracted/nsynth-valid/audio/guitar_acoustic_014-044-050.wav,5305
guitar_acoustic_015-044-050,valid,guitar,guitar_acoustic_015,44,lower,50,data/raw/nsynth/extracted/nsynth-valid/audio/guitar_acoustic_015-044-050.wav,5305
guitar_acoustic_021-044-050,valid,guitar,guitar_acoustic_021,44,lower,50,data/raw/nsynth/extracted/nsynth-valid/audio/guitar_acoustic_021-044-050.wav,5305
guitar_acoustic_030-044-050,valid,guitar,guitar_acoustic_030,44,lower,50,data/raw/nsynth/extracted/nsynth-valid/audio/guitar_acoustic_030-044-050.wav,5305
guitar_electronic_022-044-050,valid,guitar,guitar_electronic_022,44,lower,50,data/raw/nsynth/extracted/nsynth-valid/audio/guitar_electronic_022-044-050.wav,5305
guitar_acoustic_014-044-075,valid,guitar,guitar_acoustic_014,44,lower,75,data/raw/nsynth/extracted/nsynth-valid/audio/guitar_acoustic_014-044-075.wav,5305
guitar_acoustic_015-044-075,valid,guitar,guitar_acoustic_015,44,lower,75,data/raw/nsynth/extracted/nsynth-valid/audio/guitar_acoustic_015-044-075.wav,5305
guitar_acoustic_021-044-075,valid,guitar,guitar_acoustic_021,44,lower,75,data/raw/nsynth/extracted/nsynth-valid/audio/guitar_acoustic_021-044-075.wav,5305
guitar_electronic_022-044-075,valid,guitar,guitar_electronic_022,44,lower,75,data/raw/nsynth/extracted/nsynth-valid/audio/guitar_electronic_022-044-075.wav,5305
guitar_electronic_028-044-075,valid,guitar,guitar_electronic_028,44,lower,75,data/raw/nsynth/extracted/nsynth-valid/audio/guitar_electronic_028-044-075.wav,5305
guitar_acoustic_021-044-100,valid,guitar,guitar_acoustic_021,44,lower,100,data/raw/nsynth/extracted/nsynth-valid/audio/guitar_acoustic_021-044-100.wav,5305
guitar_electronic_028-044-100,valid,guitar,guitar_electronic_028,44,lower,100,data/raw/nsynth/extracted/nsynth-valid/audio/guitar_electronic_028-044-100.wav,5305
guitar_acoustic_010-044-127,valid,guitar,guitar_acoustic_010,44,lower,127,data/raw/nsynth/extracted/nsynth-valid/audio/guitar_acoustic_010-044-127.wav,5305
guitar_electronic_022-044-127,valid,guitar,guitar_electronic_022,44,lower,127,data/raw/nsynth/extracted/nsynth-valid/audio/guitar_electronic_022-044-127.wav,5305
guitar_acoustic_015-045-025,valid,guitar,guitar_acoustic_015,45,lower,25,data/raw/nsynth/extracted/nsynth-valid/audio/guitar_acoustic_015-045-025.wav,5305
guitar_acoustic_015-045-050,valid,guitar,guitar_acoustic_015,45,lower,50,data/raw/nsynth/extracted/nsynth-valid/audio/guitar_acoustic_015-045-050.wav,5305
guitar_acoustic_021-045-050,valid,guitar,guitar_acoustic_021,45,lower,50,data/raw/nsynth/extracted/nsynth-valid/audio/guitar_acoustic_021-045-050.wav,5305
guitar_electronic_022-045-050,valid,guitar,guitar_electronic_022,45,lower,50,data/raw/nsynth/extracted/nsynth-valid/audio/guitar_electronic_022-045-050.wav,5305
guitar_electronic_028-045-050,valid,guitar,guitar_electronic_028,45,lower,50,data/raw/nsynth/extracted/nsynth-valid/audio/guitar_electronic_028-045-050.wav,5305
guitar_acoustic_010-045-075,valid,guitar,guitar_acoustic_010,45,lower,75,data/raw/nsynth/extracted/nsynth-valid/audio/guitar_acoustic_010-045-075.wav,5305
guitar_acoustic_030-045-075,valid,guitar,guitar_acoustic_030,45,lower,75,data/raw/nsynth/extracted/nsynth-valid/audio/guitar_acoustic_030-045-075.wav,5305
guitar_acoustic_021-045-100,valid,guitar,guitar_acoustic_021,45,lower,100,data/raw/nsynth/extracted/nsynth-valid/audio/guitar_acoustic_021-045-100.wav,5305
guitar_electronic_022-045-100,valid,guitar,guitar_electronic_022,45,lower,100,data/raw/nsynth/extracted/nsynth-valid/audio/guitar_electronic_022-045-100.wav,5305
guitar_electronic_028-045-100,valid,guitar,guitar_electronic_028,45,lower,100,data/raw/nsynth/extracted/nsynth-valid/audio/guitar_electronic_028-045-100.wav,5305
guitar_acoustic_014-045-127,valid,guitar,guitar_acoustic_014,45,lower,127,data/raw/nsynth/extracted/nsynth-valid/audio/guitar_acoustic_014-045-127.wav,5305
guitar_acoustic_015-045-127,valid,guitar,guitar_acoustic_015,45,lower,127,data/raw/nsynth/extracted/nsynth-valid/audio/guitar_acoustic_015-045-127.wav,5305
guitar_acoustic_030-045-127,valid,guitar,guitar_acoustic_030,45,lower,127,data/raw/nsynth/extracted/nsynth-valid/audio/guitar_acoustic_030-045-127.wav,5305
guitar_acoustic_014-046-025,valid,guitar,guitar_acoustic_014,46,lower,25,data/raw/nsynth/extracted/nsynth-valid/audio/guitar_acoustic_014-046-025.wav,5305
guitar_acoustic_015-046-050,valid,guitar,guitar_acoustic_015,46,lower,50,data/raw/nsynth/extracted/nsynth-valid/audio/guitar_acoustic_015-046-050.wav,5305
guitar_electronic_028-046-050,valid,guitar,guitar_electronic_028,46,lower,50,data/raw/nsynth/extracted/nsynth-valid/audio/guitar_electronic_028-046-050.wav,5305
guitar_acoustic_010-046-075,valid,guitar,guitar_acoustic_010,46,lower,75,data/raw/nsynth/extracted/nsynth-valid/audio/guitar_acoustic_010-046-075.wav,5305
guitar_acoustic_015-046-075,valid,guitar,guitar_acoustic_015,46,lower,75,data/raw/nsynth/extracted/nsynth-valid/audio/guitar_acoustic_015-046-075.wav,5305
guitar_electronic_022-046-075,valid,guitar,guitar_electronic_022,46,lower,75,data/raw/nsynth/extracted/nsynth-valid/audio/guitar_electronic_022-046-075.wav,5305
guitar_acoustic_015-046-100,valid,guitar,guitar_acoustic_015,46,lower,100,data/raw/nsynth/extracted/nsynth-valid/audio/guitar_acoustic_015-046-100.wav,5305
guitar_electronic_022-046-100,valid,guitar,guitar_electronic_022,46,lower,100,data/raw/nsynth/extracted/nsynth-valid/audio/guitar_electronic_022-046-100.wav,5305
guitar_acoustic_014-046-127,valid,guitar,guitar_acoustic_014,46,lower,127,data/raw/nsynth/extracted/nsynth-valid/audio/guitar_acoustic_014-046-127.wav,5305
guitar_acoustic_015-046-127,valid,guitar,guitar_acoustic_015,46,lower,127,data/raw/nsynth/extracted/nsynth-valid/audio/guitar_acoustic_015-046-127.wav,5305
guitar_acoustic_021-046-127,valid,guitar,guitar_acoustic_021,46,lower,127,data/raw/nsynth/extracted/nsynth-valid/audio/guitar_acoustic_021-046-127.wav,5305
guitar_electronic_022-046-127,valid,guitar,guitar_electronic_022,46,lower,127,data/raw/nsynth/extracted/nsynth-valid/audio/guitar_electronic_022-046-127.wav,5305
guitar_electronic_028-046-127,valid,guitar,guitar_electronic_028,46,lower,127,data/raw/nsynth/extracted/nsynth-valid/audio/guitar_electronic_028-046-127.wav,5305
guitar_acoustic_010-047-025,valid,guitar,guitar_acoustic_010,47,lower,25,data/raw/nsynth/extracted/nsynth-valid/audio/guitar_acoustic_010-047-025.wav,5305
guitar_acoustic_014-047-025,valid,guitar,guitar_acoustic_014,47,lower,25,data/raw/nsynth/extracted/nsynth-valid/audio/guitar_acoustic_014-047-025.wav,5305
guitar_electronic_022-047-050,valid,guitar,guitar_electronic_022,47,lower,50,data/raw/nsynth/extracted/nsynth-valid/audio/guitar_electronic_022-047-050.wav,5305
guitar_acoustic_014-047-075,valid,guitar,guitar_acoustic_014,47,lower,75,data/raw/nsynth/extracted/nsynth-valid/audio/guitar_acoustic_014-047-075.wav,5305
guitar_acoustic_015-047-075,valid,guitar,guitar_acoustic_015,47,lower,75,data/raw/nsynth/extracted/nsynth-valid/audio/guitar_acoustic_015-047-075.wav,5305
guitar_acoustic_030-047-075,valid,guitar,guitar_acoustic_030,47,lower,75,data/raw/nsynth/extracted/nsynth-valid/audio/guitar_acoustic_030-047-075.wav,5305
guitar_acoustic_021-047-100,valid,guitar,guitar_acoustic_021,47,lower,100,data/raw/nsynth/extracted/nsynth-valid/audio/guitar_acoustic_021-047-100.wav,5305
guitar_acoustic_014-047-127,valid,guitar,guitar_acoustic_014,47,lower,127,data/raw/nsynth/extracted/nsynth-valid/audio/guitar_acoustic_014-047-127.wav,5305
guitar_acoustic_014-048-025,valid,guitar,guitar_acoustic_014,48,lower,25,data/raw/nsynth/extracted/nsynth-valid/audio/guitar_acoustic_014-048-025.wav,5305
guitar_acoustic_021-048-025,valid,guitar,guitar_acoustic_021,48,lower,25,data/raw/nsynth/extracted/nsynth-valid/audio/guitar_acoustic_021-048-025.wav,5305
guitar_electronic_022-048-025,valid,guitar,guitar_electronic_022,48,lower,25,data/raw/nsynth/extracted/nsynth-valid/audio/guitar_electronic_022-048-025.wav,5305
guitar_acoustic_010-048-050,valid,guitar,guitar_acoustic_010,48,lower,50,data/raw/nsynth/extracted/nsynth-valid/audio/guitar_acoustic_010-048-050.wav,5305
guitar_acoustic_014-048-050,valid,guitar,guitar_acoustic_014,48,lower,50,data/raw/nsynth/extracted/nsynth-valid/audio/guitar_acoustic_014-048-050.wav,5305
guitar_acoustic_010-048-075,valid,guitar,guitar_acoustic_010,48,lower,75,data/raw/nsynth/extracted/nsynth-valid/audio/guitar_acoustic_010-048-075.wav,5305
guitar_electronic_022-048-075,valid,guitar,guitar_electronic_022,48,lower,75,data/raw/nsynth/extracted/nsynth-valid/audio/guitar_electronic_022-048-075.wav,5305
guitar_acoustic_015-048-100,valid,guitar,guitar_acoustic_015,48,lower,100,data/raw/nsynth/extracted/nsynth-valid/audio/guitar_acoustic_015-048-100.wav,5305
guitar_acoustic_021-048-100,valid,guitar,guitar_acoustic_021,48,lower,100,data/raw/nsynth/extracted/nsynth-valid/audio/guitar_acoustic_021-048-100.wav,5305
guitar_electronic_022-048-127,valid,guitar,guitar_electronic_022,48,lower,127,data/raw/nsynth/extracted/nsynth-valid/audio/guitar_electronic_022-048-127.wav,5305
guitar_acoustic_010-049-025,valid,guitar,guitar_acoustic_010,49,lower,25,data/raw/nsynth/extracted/nsynth-valid/audio/guitar_acoustic_010-049-025.wav,5305
guitar_acoustic_021-049-025,valid,guitar,guitar_acoustic_021,49,lower,25,data/raw/nsynth/extracted/nsynth-valid/audio/guitar_acoustic_021-049-025.wav,5305
guitar_acoustic_010-049-075,valid,guitar,guitar_acoustic_010,49,lower,75,data/raw/nsynth/extracted/nsynth-valid/audio/guitar_acoustic_010-049-075.wav,5305
guitar_acoustic_021-049-100,valid,guitar,guitar_acoustic_021,49,lower,100,data/raw/nsynth/extracted/nsynth-valid/audio/guitar_acoustic_021-049-100.wav,5305
guitar_electronic_028-049-100,valid,guitar,guitar_electronic_028,49,lower,100,data/raw/nsynth/extracted/nsynth-valid/audio/guitar_electronic_028-049-100.wav,5305
guitar_acoustic_014-049-127,valid,guitar,guitar_acoustic_014,49,lower,127,data/raw/nsynth/extracted/nsynth-valid/audio/guitar_acoustic_014-049-127.wav,5305
guitar_acoustic_015-049-127,valid,guitar,guitar_acoustic_015,49,lower,127,data/raw/nsynth/extracted/nsynth-valid/audio/guitar_acoustic_015-049-127.wav,5305
guitar_acoustic_021-049-127,valid,guitar,guitar_acoustic_021,49,lower,127,data/raw/nsynth/extracted/nsynth-valid/audio/guitar_acoustic_021-049-127.wav,5305
guitar_electronic_022-049-127,valid,guitar,guitar_electronic_022,49,lower,127,data/raw/nsynth/extracted/nsynth-valid/audio/guitar_electronic_022-049-127.wav,5305
guitar_acoustic_015-050-025,valid,guitar,guitar_acoustic_015,50,lower,25,data/raw/nsynth/extracted/nsynth-valid/audio/guitar_acoustic_015-050-025.wav,5305
guitar_acoustic_030-050-025,valid,guitar,guitar_acoustic_030,50,lower,25,data/raw/nsynth/extracted/nsynth-valid/audio/guitar_acoustic_030-050-025.wav,5305
guitar_electronic_022-050-025,valid,guitar,guitar_electronic_022,50,lower,25,data/raw/nsynth/extracted/nsynth-valid/audio/guitar_electronic_022-050-025.wav,5305
guitar_acoustic_021-050-050,valid,guitar,guitar_acoustic_021,50,lower,50,data/raw/nsynth/extracted/nsynth-valid/audio/guitar_acoustic_021-050-050.wav,5305
guitar_electronic_028-050-050,valid,guitar,guitar_electronic_028,50,lower,50,data/raw/nsynth/extracted/nsynth-valid/audio/guitar_electronic_028-050-050.wav,5305
guitar_acoustic_010-050-075,valid,guitar,guitar_acoustic_010,50,lower,75,data/raw/nsynth/extracted/nsynth-valid/audio/guitar_acoustic_010-050-075.wav,5305
guitar_acoustic_014-050-075,valid,guitar,guitar_acoustic_014,50,lower,75,data/raw/nsynth/extracted/nsynth-valid/audio/guitar_acoustic_014-050-075.wav,5305
guitar_acoustic_021-050-075,valid,guitar,guitar_acoustic_021,50,lower,75,data/raw/nsynth/extracted/nsynth-valid/audio/guitar_acoustic_021-050-075.wav,5305
guitar_acoustic_015-050-100,valid,guitar,guitar_acoustic_015,50,lower,100,data/raw/nsynth/extracted/nsynth-valid/audio/guitar_acoustic_015-050-100.wav,5305
guitar_acoustic_030-050-127,valid,guitar,guitar_acoustic_030,50,lower,127,data/raw/nsynth/extracted/nsynth-valid/audio/guitar_acoustic_030-050-127.wav,5305
guitar_electronic_028-050-127,valid,guitar,guitar_electronic_028,50,lower,127,data/raw/nsynth/extracted/nsynth-valid/audio/guitar_electronic_028-050-127.wav,5305
guitar_electronic_022-051-025,valid,guitar,guitar_electronic_022,51,lower,25,data/raw/nsynth/extracted/nsynth-valid/audio/guitar_electronic_022-051-025.wav,5305
guitar_acoustic_015-051-050,valid,guitar,guitar_acoustic_015,51,lower,50,data/raw/nsynth/extracted/nsynth-valid/audio/guitar_acoustic_015-051-050.wav,5305
guitar_acoustic_021-051-075,valid,guitar,guitar_acoustic_021,51,lower,75,data/raw/nsynth/extracted/nsynth-valid/audio/guitar_acoustic_021-051-075.wav,5305
guitar_acoustic_014-051-100,valid,guitar,guitar_acoustic_014,51,lower,100,data/raw/nsynth/extracted/nsynth-valid/audio/guitar_acoustic_014-051-100.wav,5305
guitar_acoustic_015-051-100,valid,guitar,guitar_acoustic_015,51,lower,100,data/raw/nsynth/extracted/nsynth-valid/audio/guitar_acoustic_015-051-100.wav,5305
guitar_electronic_028-051-100,valid,guitar,guitar_electronic_028,51,lower,100,data/raw/nsynth/extracted/nsynth-valid/audio/guitar_electronic_028-051-100.wav,5305
guitar_electronic_022-051-127,valid,guitar,guitar_electronic_022,51,lower,127,data/raw/nsynth/extracted/nsynth-valid/audio/guitar_electronic_022-051-127.wav,5305
guitar_acoustic_015-052-025,valid,guitar,guitar_acoustic_015,52,middle,25,data/raw/nsynth/extracted/nsynth-valid/audio/guitar_acoustic_015-052-025.wav,5305
guitar_electronic_022-052-025,valid,guitar,guitar_electronic_022,52,middle,25,data/raw/nsynth/extracted/nsynth-valid/audio/guitar_electronic_022-052-025.wav,5305
guitar_electronic_028-052-025,valid,guitar,guitar_electronic_028,52,middle,25,data/raw/nsynth/extracted/nsynth-valid/audio/guitar_electronic_028-052-025.wav,5305
guitar_acoustic_010-052-050,valid,guitar,guitar_acoustic_010,52,middle,50,data/raw/nsynth/extracted/nsynth-valid/audio/guitar_acoustic_010-052-050.wav,5305
guitar_acoustic_015-052-050,valid,guitar,guitar_acoustic_015,52,middle,50,data/raw/nsynth/extracted/nsynth-valid/audio/guitar_acoustic_015-052-050.wav,5305
guitar_acoustic_021-052-050,valid,guitar,guitar_acoustic_021,52,middle,50,data/raw/nsynth/extracted/nsynth-valid/audio/guitar_acoustic_021-052-050.wav,5305
guitar_acoustic_014-052-075,valid,guitar,guitar_acoustic_014,52,middle,75,data/raw/nsynth/extracted/nsynth-valid/audio/guitar_acoustic_014-052-075.wav,5305
guitar_acoustic_021-052-100,valid,guitar,guitar_acoustic_021,52,middle,100,data/raw/nsynth/extracted/nsynth-valid/audio/guitar_acoustic_021-052-100.wav,5305
guitar_acoustic_030-052-100,valid,guitar,guitar_acoustic_030,52,middle,100,data/raw/nsynth/extracted/nsynth-valid/audio/guitar_acoustic_030-052-100.wav,5305
guitar_electronic_028-052-100,valid,guitar,guitar_electronic_028,52,middle,100,data/raw/nsynth/extracted/nsynth-valid/audio/guitar_electronic_028-052-100.wav,5305
guitar_acoustic_010-052-127,valid,guitar,guitar_acoustic_010,52,middle,127,data/raw/nsynth/extracted/nsynth-valid/audio/guitar_acoustic_010-052-127.wav,5305
guitar_acoustic_015-052-127,valid,guitar,guitar_acoustic_015,52,middle,127,data/raw/nsynth/extracted/nsynth-valid/audio/guitar_acoustic_015-052-127.wav,5305
guitar_electronic_022-052-127,valid,guitar,guitar_electronic_022,52,middle,127,data/raw/nsynth/extracted/nsynth-valid/audio/guitar_electronic_022-052-127.wav,5305
guitar_acoustic_030-053-025,valid,guitar,guitar_acoustic_030,53,middle,25,data/raw/nsynth/extracted/nsynth-valid/audio/guitar_acoustic_030-053-025.wav,5305
guitar_acoustic_010-053-050,valid,guitar,guitar_acoustic_010,53,middle,50,data/raw/nsynth/extracted/nsynth-valid/audio/guitar_acoustic_010-053-050.wav,5305
guitar_acoustic_014-053-050,valid,guitar,guitar_acoustic_014,53,middle,50,data/raw/nsynth/extracted/nsynth-valid/audio/guitar_acoustic_014-053-050.wav,5305
guitar_acoustic_015-053-050,valid,guitar,guitar_acoustic_015,53,middle,50,data/raw/nsynth/extracted/nsynth-valid/audio/guitar_acoustic_015-053-050.wav,5305
guitar_electronic_022-053-050,valid,guitar,guitar_electronic_022,53,middle,50,data/raw/nsynth/extracted/nsynth-valid/audio/guitar_electronic_022-053-050.wav,5305
guitar_acoustic_010-053-075,valid,guitar,guitar_acoustic_010,53,middle,75,data/raw/nsynth/extracted/nsynth-valid/audio/guitar_acoustic_010-053-075.wav,5305
guitar_acoustic_014-053-075,valid,guitar,guitar_acoustic_014,53,middle,75,data/raw/nsynth/extracted/nsynth-valid/audio/guitar_acoustic_014-053-075.wav,5305
guitar_electronic_028-053-075,valid,guitar,guitar_electronic_028,53,middle,75,data/raw/nsynth/extracted/nsynth-valid/audio/guitar_electronic_028-053-075.wav,5305
guitar_acoustic_015-053-100,valid,guitar,guitar_acoustic_015,53,middle,100,data/raw/nsynth/extracted/nsynth-valid/audio/guitar_acoustic_015-053-100.wav,5305
guitar_electronic_028-053-100,valid,guitar,guitar_electronic_028,53,middle,100,data/raw/nsynth/extracted/nsynth-valid/audio/guitar_electronic_028-053-100.wav,5305
guitar_acoustic_015-053-127,valid,guitar,guitar_acoustic_015,53,middle,127,data/raw/nsynth/extracted/nsynth-valid/audio/guitar_acoustic_015-053-127.wav,5305
guitar_acoustic_021-053-127,valid,guitar,guitar_acoustic_021,53,middle,127,data/raw/nsynth/extracted/nsynth-valid/audio/guitar_acoustic_021-053-127.wav,5305
guitar_electronic_022-053-127,valid,guitar,guitar_electronic_022,53,middle,127,data/raw/nsynth/extracted/nsynth-valid/audio/guitar_electronic_022-053-127.wav,5305
guitar_electronic_028-053-127,valid,guitar,guitar_electronic_028,53,middle,127,data/raw/nsynth/extracted/nsynth-valid/audio/guitar_electronic_028-053-127.wav,5305
guitar_acoustic_014-054-025,valid,guitar,guitar_acoustic_014,54,middle,25,data/raw/nsynth/extracted/nsynth-valid/audio/guitar_acoustic_014-054-025.wav,5305
guitar_acoustic_021-054-025,valid,guitar,guitar_acoustic_021,54,middle,25,data/raw/nsynth/extracted/nsynth-valid/audio/guitar_acoustic_021-054-025.wav,5305
guitar_acoustic_010-054-050,valid,guitar,guitar_acoustic_010,54,middle,50,data/raw/nsynth/extracted/nsynth-valid/audio/guitar_acoustic_010-054-050.wav,5305
guitar_acoustic_014-054-050,valid,guitar,guitar_acoustic_014,54,middle,50,data/raw/nsynth/extracted/nsynth-valid/audio/guitar_acoustic_014-054-050.wav,5305
guitar_acoustic_014-054-075,valid,guitar,guitar_acoustic_014,54,middle,75,data/raw/nsynth/extracted/nsynth-valid/audio/guitar_acoustic_014-054-075.wav,5305
guitar_acoustic_015-054-075,valid,guitar,guitar_acoustic_015,54,middle,75,data/raw/nsynth/extracted/nsynth-valid/audio/guitar_acoustic_015-054-075.wav,5305
guitar_acoustic_021-054-075,valid,guitar,guitar_acoustic_021,54,middle,75,data/raw/nsynth/extracted/nsynth-valid/audio/guitar_acoustic_021-054-075.wav,5305
guitar_electronic_028-054-075,valid,guitar,guitar_electronic_028,54,middle,75,data/raw/nsynth/extracted/nsynth-valid/audio/guitar_electronic_028-054-075.wav,5305
guitar_acoustic_010-054-100,valid,guitar,guitar_acoustic_010,54,middle,100,data/raw/nsynth/extracted/nsynth-valid/audio/guitar_acoustic_010-054-100.wav,5305
guitar_acoustic_010-054-127,valid,guitar,guitar_acoustic_010,54,middle,127,data/raw/nsynth/extracted/nsynth-valid/audio/guitar_acoustic_010-054-127.wav,5305
guitar_electronic_028-054-127,valid,guitar,guitar_electronic_028,54,middle,127,data/raw/nsynth/extracted/nsynth-valid/audio/guitar_electronic_028-054-127.wav,5305
guitar_acoustic_014-055-025,valid,guitar,guitar_acoustic_014,55,middle,25,data/raw/nsynth/extracted/nsynth-valid/audio/guitar_acoustic_014-055-025.wav,5305
guitar_acoustic_015-055-025,valid,guitar,guitar_acoustic_015,55,middle,25,data/raw/nsynth/extracted/nsynth-valid/audio/guitar_acoustic_015-055-025.wav,5305
guitar_acoustic_021-055-025,valid,guitar,guitar_acoustic_021,55,middle,25,data/raw/nsynth/extracted/nsynth-valid/audio/guitar_acoustic_021-055-025.wav,5305
guitar_electronic_022-055-025,valid,guitar,guitar_electronic_022,55,middle,25,data/raw/nsynth/extracted/nsynth-valid/audio/guitar_electronic_022-055-025.wav,5305
guitar_electronic_028-055-025,valid,guitar,guitar_electronic_028,55,middle,25,data/raw/nsynth/extracted/nsynth-valid/audio/guitar_electronic_028-055-025.wav,5305
guitar_acoustic_014-055-050,valid,guitar,guitar_acoustic_014,55,middle,50,data/raw/nsynth/extracted/nsynth-valid/audio/guitar_acoustic_014-055-050.wav,5305
guitar_acoustic_021-055-050,valid,guitar,guitar_acoustic_021,55,middle,50,data/raw/nsynth/extracted/nsynth-valid/audio/guitar_acoustic_021-055-050.wav,5305
guitar_acoustic_030-055-050,valid,guitar,guitar_acoustic_030,55,middle,50,data/raw/nsynth/extracted/nsynth-valid/audio/guitar_acoustic_030-055-050.wav,5305
guitar_acoustic_014-055-075,valid,guitar,guitar_acoustic_014,55,middle,75,data/raw/nsynth/extracted/nsynth-valid/audio/guitar_acoustic_014-055-075.wav,5305
guitar_acoustic_021-055-075,valid,guitar,guitar_acoustic_021,55,middle,75,data/raw/nsynth/extracted/nsynth-valid/audio/guitar_acoustic_021-055-075.wav,5305
guitar_acoustic_030-055-075,valid,guitar,guitar_acoustic_030,55,middle,75,data/raw/nsynth/extracted/nsynth-valid/audio/guitar_acoustic_030-055-075.wav,5305
guitar_electronic_022-055-075,valid,guitar,guitar_electronic_022,55,middle,75,data/raw/nsynth/extracted/nsynth-valid/audio/guitar_electronic_022-055-075.wav,5305
guitar_electronic_028-055-075,valid,guitar,guitar_electronic_028,55,middle,75,data/raw/nsynth/extracted/nsynth-valid/audio/guitar_electronic_028-055-075.wav,5305
guitar_acoustic_014-055-100,valid,guitar,guitar_acoustic_014,55,middle,100,data/raw/nsynth/extracted/nsynth-valid/audio/guitar_acoustic_014-055-100.wav,5305
guitar_acoustic_010-055-127,valid,guitar,guitar_acoustic_010,55,middle,127,data/raw/nsynth/extracted/nsynth-valid/audio/guitar_acoustic_010-055-127.wav,5305
guitar_acoustic_015-055-127,valid,guitar,guitar_acoustic_015,55,middle,127,data/raw/nsynth/extracted/nsynth-valid/audio/guitar_acoustic_015-055-127.wav,5305
guitar_electronic_028-056-025,valid,guitar,guitar_electronic_028,56,middle,25,data/raw/nsynth/extracted/nsynth-valid/audio/guitar_electronic_028-056-025.wav,5305
guitar_acoustic_014-056-050,valid,guitar,guitar_acoustic_014,56,middle,50,data/raw/nsynth/extracted/nsynth-valid/audio/guitar_acoustic_014-056-050.wav,5305
guitar_acoustic_021-056-050,valid,guitar,guitar_acoustic_021,56,middle,50,data/raw/nsynth/extracted/nsynth-valid/audio/guitar_acoustic_021-056-050.wav,5305
guitar_electronic_028-056-050,valid,guitar,guitar_electronic_028,56,middle,50,data/raw/nsynth/extracted/nsynth-valid/audio/guitar_electronic_028-056-050.wav,5305
guitar_acoustic_015-056-075,valid,guitar,guitar_acoustic_015,56,middle,75,data/raw/nsynth/extracted/nsynth-valid/audio/guitar_acoustic_015-056-075.wav,5305
guitar_electronic_022-056-075,valid,guitar,guitar_electronic_022,56,middle,75,data/raw/nsynth/extracted/nsynth-valid/audio/guitar_electronic_022-056-075.wav,5305
guitar_acoustic_021-056-100,valid,guitar,guitar_acoustic_021,56,middle,100,data/raw/nsynth/extracted/nsynth-valid/audio/guitar_acoustic_021-056-100.wav,5305
guitar_acoustic_030-056-100,valid,guitar,guitar_acoustic_030,56,middle,100,data/raw/nsynth/extracted/nsynth-valid/audio/guitar_acoustic_030-056-100.wav,5305
guitar_electronic_022-056-100,valid,guitar,guitar_electronic_022,56,middle,100,data/raw/nsynth/extracted/nsynth-valid/audio/guitar_electronic_022-056-100.wav,5305
guitar_electronic_028-056-100,valid,guitar,guitar_electronic_028,56,middle,100,data/raw/nsynth/extracted/nsynth-valid/audio/guitar_electronic_028-056-100.wav,5305
guitar_acoustic_010-056-127,valid,guitar,guitar_acoustic_010,56,middle,127,data/raw/nsynth/extracted/nsynth-valid/audio/guitar_acoustic_010-056-127.wav,5305
guitar_acoustic_014-056-127,valid,guitar,guitar_acoustic_014,56,middle,127,data/raw/nsynth/extracted/nsynth-valid/audio/guitar_acoustic_014-056-127.wav,5305
guitar_acoustic_030-056-127,valid,guitar,guitar_acoustic_030,56,middle,127,data/raw/nsynth/extracted/nsynth-valid/audio/guitar_acoustic_030-056-127.wav,5305
guitar_acoustic_015-057-025,valid,guitar,guitar_acoustic_015,57,middle,25,data/raw/nsynth/extracted/nsynth-valid/audio/guitar_acoustic_015-057-025.wav,5305
guitar_acoustic_021-057-025,valid,guitar,guitar_acoustic_021,57,middle,25,data/raw/nsynth/extracted/nsynth-valid/audio/guitar_acoustic_021-057-025.wav,5305
guitar_acoustic_010-057-050,valid,guitar,guitar_acoustic_010,57,middle,50,data/raw/nsynth/extracted/nsynth-valid/audio/guitar_acoustic_010-057-050.wav,5305
guitar_acoustic_014-057-050,valid,guitar,guitar_acoustic_014,57,middle,50,data/raw/nsynth/extracted/nsynth-valid/audio/guitar_acoustic_014-057-050.wav,5305
guitar_acoustic_015-057-050,valid,guitar,guitar_acoustic_015,57,middle,50,data/raw/nsynth/extracted/nsynth-valid/audio/guitar_acoustic_015-057-050.wav,5305
guitar_acoustic_021-057-050,valid,guitar,guitar_acoustic_021,57,middle,50,data/raw/nsynth/extracted/nsynth-valid/audio/guitar_acoustic_021-057-050.wav,5305
guitar_acoustic_010-057-075,valid,guitar,guitar_acoustic_010,57,middle,75,data/raw/nsynth/extracted/nsynth-valid/audio/guitar_acoustic_010-057-075.wav,5305
guitar_acoustic_015-057-075,valid,guitar,guitar_acoustic_015,57,middle,75,data/raw/nsynth/extracted/nsynth-valid/audio/guitar_acoustic_015-057-075.wav,5305
guitar_acoustic_021-057-075,valid,guitar,guitar_acoustic_021,57,middle,75,data/raw/nsynth/extracted/nsynth-valid/audio/guitar_acoustic_021-057-075.wav,5305
guitar_electronic_022-057-075,valid,guitar,guitar_electronic_022,57,middle,75,data/raw/nsynth/extracted/nsynth-valid/audio/guitar_electronic_022-057-075.wav,5305
guitar_acoustic_021-057-100,valid,guitar,guitar_acoustic_021,57,middle,100,data/raw/nsynth/extracted/nsynth-valid/audio/guitar_acoustic_021-057-100.wav,5305
guitar_electronic_022-057-100,valid,guitar,guitar_electronic_022,57,middle,100,data/raw/nsynth/extracted/nsynth-valid/audio/guitar_electronic_022-057-100.wav,5305
guitar_electronic_028-057-100,valid,guitar,guitar_electronic_028,57,middle,100,data/raw/nsynth/extracted/nsynth-valid/audio/guitar_electronic_028-057-100.wav,5305
guitar_electronic_022-057-127,valid,guitar,guitar_electronic_022,57,middle,127,data/raw/nsynth/extracted/nsynth-valid/audio/guitar_electronic_022-057-127.wav,5305
guitar_acoustic_010-058-025,valid,guitar,guitar_acoustic_010,58,middle,25,data/raw/nsynth/extracted/nsynth-valid/audio/guitar_acoustic_010-058-025.wav,5305
guitar_acoustic_014-058-025,valid,guitar,guitar_acoustic_014,58,middle,25,data/raw/nsynth/extracted/nsynth-valid/audio/guitar_acoustic_014-058-025.wav,5305
guitar_acoustic_015-058-025,valid,guitar,guitar_acoustic_015,58,middle,25,data/raw/nsynth/extracted/nsynth-valid/audio/guitar_acoustic_015-058-025.wav,5305
guitar_acoustic_021-058-025,valid,guitar,guitar_acoustic_021,58,middle,25,data/raw/nsynth/extracted/nsynth-valid/audio/guitar_acoustic_021-058-025.wav,5305
guitar_acoustic_030-058-025,valid,guitar,guitar_acoustic_030,58,middle,25,data/raw/nsynth/extracted/nsynth-valid/audio/guitar_acoustic_030-058-025.wav,5305
guitar_acoustic_030-058-050,valid,guitar,guitar_acoustic_030,58,middle,50,data/raw/nsynth/extracted/nsynth-valid/audio/guitar_acoustic_030-058-050.wav,5305
guitar_electronic_028-058-050,valid,guitar,guitar_electronic_028,58,middle,50,data/raw/nsynth/extracted/nsynth-valid/audio/guitar_electronic_028-058-050.wav,5305
guitar_acoustic_014-058-075,valid,guitar,guitar_acoustic_014,58,middle,75,data/raw/nsynth/extracted/nsynth-valid/audio/guitar_acoustic_014-058-075.wav,5305
guitar_acoustic_021-058-075,valid,guitar,guitar_acoustic_021,58,middle,75,data/raw/nsynth/extracted/nsynth-valid/audio/guitar_acoustic_021-058-075.wav,5305
guitar_acoustic_030-058-075,valid,guitar,guitar_acoustic_030,58,middle,75,data/raw/nsynth/extracted/nsynth-valid/audio/guitar_acoustic_030-058-075.wav,5305
guitar_electronic_028-058-075,valid,guitar,guitar_electronic_028,58,middle,75,data/raw/nsynth/extracted/nsynth-valid/audio/guitar_electronic_028-058-075.wav,5305
guitar_acoustic_010-058-100,valid,guitar,guitar_acoustic_010,58,middle,100,data/raw/nsynth/extracted/nsynth-valid/audio/guitar_acoustic_010-058-100.wav,5305
guitar_acoustic_014-058-100,valid,guitar,guitar_acoustic_014,58,middle,100,data/raw/nsynth/extracted/nsynth-valid/audio/guitar_acoustic_014-058-100.wav,5305
guitar_acoustic_015-058-100,valid,guitar,guitar_acoustic_015,58,middle,100,data/raw/nsynth/extracted/nsynth-valid/audio/guitar_acoustic_015-058-100.wav,5305
guitar_acoustic_030-058-100,valid,guitar,guitar_acoustic_030,58,middle,100,data/raw/nsynth/extracted/nsynth-valid/audio/guitar_acoustic_030-058-100.wav,5305
guitar_electronic_022-058-100,valid,guitar,guitar_electronic_022,58,middle,100,data/raw/nsynth/extracted/nsynth-valid/audio/guitar_electronic_022-058-100.wav,5305
guitar_electronic_028-058-100,valid,guitar,guitar_electronic_028,58,middle,100,data/raw/nsynth/extracted/nsynth-valid/audio/guitar_electronic_028-058-100.wav,5305
guitar_acoustic_015-058-127,valid,guitar,guitar_acoustic_015,58,middle,127,data/raw/nsynth/extracted/nsynth-valid/audio/guitar_acoustic_015-058-127.wav,5305
guitar_acoustic_021-058-127,valid,guitar,guitar_acoustic_021,58,middle,127,data/raw/nsynth/extracted/nsynth-valid/audio/guitar_acoustic_021-058-127.wav,5305
guitar_acoustic_030-058-127,valid,guitar,guitar_acoustic_030,58,middle,127,data/raw/nsynth/extracted/nsynth-valid/audio/guitar_acoustic_030-058-127.wav,5305
guitar_acoustic_010-059-025,valid,guitar,guitar_acoustic_010,59,middle,25,data/raw/nsynth/extracted/nsynth-valid/audio/guitar_acoustic_010-059-025.wav,5305
guitar_acoustic_014-059-025,valid,guitar,guitar_acoustic_014,59,middle,25,data/raw/nsynth/extracted/nsynth-valid/audio/guitar_acoustic_014-059-025.wav,5305
guitar_acoustic_021-059-025,valid,guitar,guitar_acoustic_021,59,middle,25,data/raw/nsynth/extracted/nsynth-valid/audio/guitar_acoustic_021-059-025.wav,5305
guitar_acoustic_010-059-050,valid,guitar,guitar_acoustic_010,59,middle,50,data/raw/nsynth/extracted/nsynth-valid/audio/guitar_acoustic_010-059-050.wav,5305
guitar_acoustic_014-059-050,valid,guitar,guitar_acoustic_014,59,middle,50,data/raw/nsynth/extracted/nsynth-valid/audio/guitar_acoustic_014-059-050.wav,5305
guitar_acoustic_021-059-050,valid,guitar,guitar_acoustic_021,59,middle,50,data/raw/nsynth/extracted/nsynth-valid/audio/guitar_acoustic_021-059-050.wav,5305
guitar_acoustic_015-059-075,valid,guitar,guitar_acoustic_015,59,middle,75,data/raw/nsynth/extracted/nsynth-valid/audio/guitar_acoustic_015-059-075.wav,5305
guitar_acoustic_010-059-100,valid,guitar,guitar_acoustic_010,59,middle,100,data/raw/nsynth/extracted/nsynth-valid/audio/guitar_acoustic_010-059-100.wav,5305
guitar_acoustic_014-059-100,valid,guitar,guitar_acoustic_014,59,middle,100,data/raw/nsynth/extracted/nsynth-valid/audio/guitar_acoustic_014-059-100.wav,5305
guitar_acoustic_015-059-100,valid,guitar,guitar_acoustic_015,59,middle,100,data/raw/nsynth/extracted/nsynth-valid/audio/guitar_acoustic_015-059-100.wav,5305
guitar_electronic_022-059-100,valid,guitar,guitar_electronic_022,59,middle,100,data/raw/nsynth/extracted/nsynth-valid/audio/guitar_electronic_022-059-100.wav,5305
guitar_electronic_028-059-100,valid,guitar,guitar_electronic_028,59,middle,100,data/raw/nsynth/extracted/nsynth-valid/audio/guitar_electronic_028-059-100.wav,5305
guitar_acoustic_014-059-127,valid,guitar,guitar_acoustic_014,59,middle,127,data/raw/nsynth/extracted/nsynth-valid/audio/guitar_acoustic_014-059-127.wav,5305
guitar_acoustic_015-059-127,valid,guitar,guitar_acoustic_015,59,middle,127,data/raw/nsynth/extracted/nsynth-valid/audio/guitar_acoustic_015-059-127.wav,5305
guitar_acoustic_021-059-127,valid,guitar,guitar_acoustic_021,59,middle,127,data/raw/nsynth/extracted/nsynth-valid/audio/guitar_acoustic_021-059-127.wav,5305
guitar_electronic_022-059-127,valid,guitar,guitar_electronic_022,59,middle,127,data/raw/nsynth/extracted/nsynth-valid/audio/guitar_electronic_022-059-127.wav,5305
guitar_electronic_028-059-127,valid,guitar,guitar_electronic_028,59,middle,127,data/raw/nsynth/extracted/nsynth-valid/audio/guitar_electronic_028-059-127.wav,5305
guitar_acoustic_010-060-025,valid,guitar,guitar_acoustic_010,60,middle,25,data/raw/nsynth/extracted/nsynth-valid/audio/guitar_acoustic_010-060-025.wav,5305
guitar_acoustic_014-060-025,valid,guitar,guitar_acoustic_014,60,middle,25,data/raw/nsynth/extracted/nsynth-valid/audio/guitar_acoustic_014-060-025.wav,5305
guitar_acoustic_030-060-025,valid,guitar,guitar_acoustic_030,60,middle,25,data/raw/nsynth/extracted/nsynth-valid/audio/guitar_acoustic_030-060-025.wav,5305
guitar_acoustic_010-060-050,valid,guitar,guitar_acoustic_010,60,middle,50,data/raw/nsynth/extracted/nsynth-valid/audio/guitar_acoustic_010-060-050.wav,5305
guitar_electronic_022-060-050,valid,guitar,guitar_electronic_022,60,middle,50,data/raw/nsynth/extracted/nsynth-valid/audio/guitar_electronic_022-060-050.wav,5305
guitar_electronic_028-060-050,valid,guitar,guitar_electronic_028,60,middle,50,data/raw/nsynth/extracted/nsynth-valid/audio/guitar_electronic_028-060-050.wav,5305
guitar_acoustic_010-060-075,valid,guitar,guitar_acoustic_010,60,middle,75,data/raw/nsynth/extracted/nsynth-valid/audio/guitar_acoustic_010-060-075.wav,5305
guitar_acoustic_014-060-075,valid,guitar,guitar_acoustic_014,60,middle,75,data/raw/nsynth/extracted/nsynth-valid/audio/guitar_acoustic_014-060-075.wav,5305
guitar_acoustic_015-060-075,valid,guitar,guitar_acoustic_015,60,middle,75,data/raw/nsynth/extracted/nsynth-valid/audio/guitar_acoustic_015-060-075.wav,5305
guitar_acoustic_021-060-075,valid,guitar,guitar_acoustic_021,60,middle,75,data/raw/nsynth/extracted/nsynth-valid/audio/guitar_acoustic_021-060-075.wav,5305
guitar_acoustic_014-060-100,valid,guitar,guitar_acoustic_014,60,middle,100,data/raw/nsynth/extracted/nsynth-valid/audio/guitar_acoustic_014-060-100.wav,5305
guitar_acoustic_015-060-100,valid,guitar,guitar_acoustic_015,60,middle,100,data/raw/nsynth/extracted/nsynth-valid/audio/guitar_acoustic_015-060-100.wav,5305
guitar_electronic_022-060-100,valid,guitar,guitar_electronic_022,60,middle,100,data/raw/nsynth/extracted/nsynth-valid/audio/guitar_electronic_022-060-100.wav,5305
guitar_electronic_028-060-100,valid,guitar,guitar_electronic_028,60,middle,100,data/raw/nsynth/extracted/nsynth-valid/audio/guitar_electronic_028-060-100.wav,5305
guitar_acoustic_030-060-127,valid,guitar,guitar_acoustic_030,60,middle,127,data/raw/nsynth/extracted/nsynth-valid/audio/guitar_acoustic_030-060-127.wav,5305
guitar_electronic_022-060-127,valid,guitar,guitar_electronic_022,60,middle,127,data/raw/nsynth/extracted/nsynth-valid/audio/guitar_electronic_022-060-127.wav,5305
guitar_electronic_028-060-127,valid,guitar,guitar_electronic_028,60,middle,127,data/raw/nsynth/extracted/nsynth-valid/audio/guitar_electronic_028-060-127.wav,5305
guitar_acoustic_014-061-025,valid,guitar,guitar_acoustic_014,61,upper,25,data/raw/nsynth/extracted/nsynth-valid/audio/guitar_acoustic_014-061-025.wav,5305
guitar_acoustic_015-061-025,valid,guitar,guitar_acoustic_015,61,upper,25,data/raw/nsynth/extracted/nsynth-valid/audio/guitar_acoustic_015-061-025.wav,5305
guitar_electronic_028-061-025,valid,guitar,guitar_electronic_028,61,upper,25,data/raw/nsynth/extracted/nsynth-valid/audio/guitar_electronic_028-061-025.wav,5305
guitar_acoustic_010-061-050,valid,guitar,guitar_acoustic_010,61,upper,50,data/raw/nsynth/extracted/nsynth-valid/audio/guitar_acoustic_010-061-050.wav,5305
guitar_acoustic_014-061-075,valid,guitar,guitar_acoustic_014,61,upper,75,data/raw/nsynth/extracted/nsynth-valid/audio/guitar_acoustic_014-061-075.wav,5305
guitar_acoustic_014-061-100,valid,guitar,guitar_acoustic_014,61,upper,100,data/raw/nsynth/extracted/nsynth-valid/audio/guitar_acoustic_014-061-100.wav,5305
guitar_acoustic_015-061-100,valid,guitar,guitar_acoustic_015,61,upper,100,data/raw/nsynth/extracted/nsynth-valid/audio/guitar_acoustic_015-061-100.wav,5305
guitar_acoustic_021-061-100,valid,guitar,guitar_acoustic_021,61,upper,100,data/raw/nsynth/extracted/nsynth-valid/audio/guitar_acoustic_021-061-100.wav,5305
guitar_acoustic_010-061-127,valid,guitar,guitar_acoustic_010,61,upper,127,data/raw/nsynth/extracted/nsynth-valid/audio/guitar_acoustic_010-061-127.wav,5305
guitar_acoustic_021-061-127,valid,guitar,guitar_acoustic_021,61,upper,127,data/raw/nsynth/extracted/nsynth-valid/audio/guitar_acoustic_021-061-127.wav,5305
guitar_electronic_022-061-127,valid,guitar,guitar_electronic_022,61,upper,127,data/raw/nsynth/extracted/nsynth-valid/audio/guitar_electronic_022-061-127.wav,5305
guitar_electronic_028-061-127,valid,guitar,guitar_electronic_028,61,upper,127,data/raw/nsynth/extracted/nsynth-valid/audio/guitar_electronic_028-061-127.wav,5305
guitar_electronic_022-062-025,valid,guitar,guitar_electronic_022,62,upper,25,data/raw/nsynth/extracted/nsynth-valid/audio/guitar_electronic_022-062-025.wav,5305
guitar_acoustic_010-062-050,valid,guitar,guitar_acoustic_010,62,upper,50,data/raw/nsynth/extracted/nsynth-valid/audio/guitar_acoustic_010-062-050.wav,5305
guitar_acoustic_014-062-050,valid,guitar,guitar_acoustic_014,62,upper,50,data/raw/nsynth/extracted/nsynth-valid/audio/guitar_acoustic_014-062-050.wav,5305
guitar_acoustic_010-062-127,valid,guitar,guitar_acoustic_010,62,upper,127,data/raw/nsynth/extracted/nsynth-valid/audio/guitar_acoustic_010-062-127.wav,5305
guitar_electronic_022-062-127,valid,guitar,guitar_electronic_022,62,upper,127,data/raw/nsynth/extracted/nsynth-valid/audio/guitar_electronic_022-062-127.wav,5305
guitar_acoustic_015-063-025,valid,guitar,guitar_acoustic_015,63,upper,25,data/raw/nsynth/extracted/nsynth-valid/audio/guitar_acoustic_015-063-025.wav,5305
guitar_acoustic_021-063-025,valid,guitar,guitar_acoustic_021,63,upper,25,data/raw/nsynth/extracted/nsynth-valid/audio/guitar_acoustic_021-063-025.wav,5305
guitar_acoustic_014-063-050,valid,guitar,guitar_acoustic_014,63,upper,50,data/raw/nsynth/extracted/nsynth-valid/audio/guitar_acoustic_014-063-050.wav,5305
guitar_acoustic_015-063-050,valid,guitar,guitar_acoustic_015,63,upper,50,data/raw/nsynth/extracted/nsynth-valid/audio/guitar_acoustic_015-063-050.wav,5305
guitar_acoustic_030-063-050,valid,guitar,guitar_acoustic_030,63,upper,50,data/raw/nsynth/extracted/nsynth-valid/audio/guitar_acoustic_030-063-050.wav,5305
guitar_acoustic_015-063-100,valid,guitar,guitar_acoustic_015,63,upper,100,data/raw/nsynth/extracted/nsynth-valid/audio/guitar_acoustic_015-063-100.wav,5305
guitar_acoustic_010-064-025,valid,guitar,guitar_acoustic_010,64,upper,25,data/raw/nsynth/extracted/nsynth-valid/audio/guitar_acoustic_010-064-025.wav,5305
guitar_electronic_022-064-025,valid,guitar,guitar_electronic_022,64,upper,25,data/raw/nsynth/extracted/nsynth-valid/audio/guitar_electronic_022-064-025.wav,5305
guitar_acoustic_014-064-050,valid,guitar,guitar_acoustic_014,64,upper,50,data/raw/nsynth/extracted/nsynth-valid/audio/guitar_acoustic_014-064-050.wav,5305
guitar_acoustic_015-064-050,valid,guitar,guitar_acoustic_015,64,upper,50,data/raw/nsynth/extracted/nsynth-valid/audio/guitar_acoustic_015-064-050.wav,5305
guitar_acoustic_021-064-050,valid,guitar,guitar_acoustic_021,64,upper,50,data/raw/nsynth/extracted/nsynth-valid/audio/guitar_acoustic_021-064-050.wav,5305
guitar_acoustic_030-064-050,valid,guitar,guitar_acoustic_030,64,upper,50,data/raw/nsynth/extracted/nsynth-valid/audio/guitar_acoustic_030-064-050.wav,5305
guitar_electronic_028-064-075,valid,guitar,guitar_electronic_028,64,upper,75,data/raw/nsynth/extracted/nsynth-valid/audio/guitar_electronic_028-064-075.wav,5305
guitar_electronic_028-064-100,valid,guitar,guitar_electronic_028,64,upper,100,data/raw/nsynth/extracted/nsynth-valid/audio/guitar_electronic_028-064-100.wav,5305
guitar_acoustic_010-064-127,valid,guitar,guitar_acoustic_010,64,upper,127,data/raw/nsynth/extracted/nsynth-valid/audio/guitar_acoustic_010-064-127.wav,5305
guitar_electronic_028-064-127,valid,guitar,guitar_electronic_028,64,upper,127,data/raw/nsynth/extracted/nsynth-valid/audio/guitar_electronic_028-064-127.wav,5305
guitar_acoustic_014-065-025,valid,guitar,guitar_acoustic_014,65,upper,25,data/raw/nsynth/extracted/nsynth-valid/audio/guitar_acoustic_014-065-025.wav,5305
guitar_acoustic_015-065-025,valid,guitar,guitar_acoustic_015,65,upper,25,data/raw/nsynth/extracted/nsynth-valid/audio/guitar_acoustic_015-065-025.wav,5305
guitar_acoustic_021-065-025,valid,guitar,guitar_acoustic_021,65,upper,25,data/raw/nsynth/extracted/nsynth-valid/audio/guitar_acoustic_021-065-025.wav,5305
guitar_acoustic_010-065-050,valid,guitar,guitar_acoustic_010,65,upper,50,data/raw/nsynth/extracted/nsynth-valid/audio/guitar_acoustic_010-065-050.wav,5305
guitar_acoustic_014-065-050,valid,guitar,guitar_acoustic_014,65,upper,50,data/raw/nsynth/extracted/nsynth-valid/audio/guitar_acoustic_014-065-050.wav,5305
guitar_acoustic_021-065-050,valid,guitar,guitar_acoustic_021,65,upper,50,data/raw/nsynth/extracted/nsynth-valid/audio/guitar_acoustic_021-065-050.wav,5305
guitar_acoustic_014-065-075,valid,guitar,guitar_acoustic_014,65,upper,75,data/raw/nsynth/extracted/nsynth-valid/audio/guitar_acoustic_014-065-075.wav,5305
guitar_acoustic_015-065-075,valid,guitar,guitar_acoustic_015,65,upper,75,data/raw/nsynth/extracted/nsynth-valid/audio/guitar_acoustic_015-065-075.wav,5305
guitar_electronic_028-065-075,valid,guitar,guitar_electronic_028,65,upper,75,data/raw/nsynth/extracted/nsynth-valid/audio/guitar_electronic_028-065-075.wav,5305
guitar_acoustic_021-065-100,valid,guitar,guitar_acoustic_021,65,upper,100,data/raw/nsynth/extracted/nsynth-valid/audio/guitar_acoustic_021-065-100.wav,5305
guitar_electronic_028-065-100,valid,guitar,guitar_electronic_028,65,upper,100,data/raw/nsynth/extracted/nsynth-valid/audio/guitar_electronic_028-065-100.wav,5305
guitar_acoustic_014-065-127,valid,guitar,guitar_acoustic_014,65,upper,127,data/raw/nsynth/extracted/nsynth-valid/audio/guitar_acoustic_014-065-127.wav,5305
guitar_acoustic_014-066-025,valid,guitar,guitar_acoustic_014,66,upper,25,data/raw/nsynth/extracted/nsynth-valid/audio/guitar_acoustic_014-066-025.wav,5305
guitar_acoustic_015-066-025,valid,guitar,guitar_acoustic_015,66,upper,25,data/raw/nsynth/extracted/nsynth-valid/audio/guitar_acoustic_015-066-025.wav,5305
guitar_acoustic_021-066-025,valid,guitar,guitar_acoustic_021,66,upper,25,data/raw/nsynth/extracted/nsynth-valid/audio/guitar_acoustic_021-066-025.wav,5305
guitar_electronic_028-066-025,valid,guitar,guitar_electronic_028,66,upper,25,data/raw/nsynth/extracted/nsynth-valid/audio/guitar_electronic_028-066-025.wav,5305
guitar_acoustic_015-066-050,valid,guitar,guitar_acoustic_015,66,upper,50,data/raw/nsynth/extracted/nsynth-valid/audio/guitar_acoustic_015-066-050.wav,5305
guitar_acoustic_021-066-050,valid,guitar,guitar_acoustic_021,66,upper,50,data/raw/nsynth/extracted/nsynth-valid/audio/guitar_acoustic_021-066-050.wav,5305
guitar_acoustic_015-066-075,valid,guitar,guitar_acoustic_015,66,upper,75,data/raw/nsynth/extracted/nsynth-valid/audio/guitar_acoustic_015-066-075.wav,5305
guitar_acoustic_021-066-075,valid,guitar,guitar_acoustic_021,66,upper,75,data/raw/nsynth/extracted/nsynth-valid/audio/guitar_acoustic_021-066-075.wav,5305
guitar_electronic_022-066-075,valid,guitar,guitar_electronic_022,66,upper,75,data/raw/nsynth/extracted/nsynth-valid/audio/guitar_electronic_022-066-075.wav,5305
guitar_acoustic_014-066-100,valid,guitar,guitar_acoustic_014,66,upper,100,data/raw/nsynth/extracted/nsynth-valid/audio/guitar_acoustic_014-066-100.wav,5305
guitar_acoustic_015-066-127,valid,guitar,guitar_acoustic_015,66,upper,127,data/raw/nsynth/extracted/nsynth-valid/audio/guitar_acoustic_015-066-127.wav,5305
guitar_electronic_028-066-127,valid,guitar,guitar_electronic_028,66,upper,127,data/raw/nsynth/extracted/nsynth-valid/audio/guitar_electronic_028-066-127.wav,5305
guitar_acoustic_015-067-025,valid,guitar,guitar_acoustic_015,67,upper,25,data/raw/nsynth/extracted/nsynth-valid/audio/guitar_acoustic_015-067-025.wav,5305
guitar_electronic_022-067-050,valid,guitar,guitar_electronic_022,67,upper,50,data/raw/nsynth/extracted/nsynth-valid/audio/guitar_electronic_022-067-050.wav,5305
guitar_acoustic_014-067-075,valid,guitar,guitar_acoustic_014,67,upper,75,data/raw/nsynth/extracted/nsynth-valid/audio/guitar_acoustic_014-067-075.wav,5305
guitar_acoustic_015-067-075,valid,guitar,guitar_acoustic_015,67,upper,75,data/raw/nsynth/extracted/nsynth-valid/audio/guitar_acoustic_015-067-075.wav,5305
guitar_electronic_022-067-075,valid,guitar,guitar_electronic_022,67,upper,75,data/raw/nsynth/extracted/nsynth-valid/audio/guitar_electronic_022-067-075.wav,5305
guitar_acoustic_021-067-100,valid,guitar,guitar_acoustic_021,67,upper,100,data/raw/nsynth/extracted/nsynth-valid/audio/guitar_acoustic_021-067-100.wav,5305
guitar_electronic_028-067-100,valid,guitar,guitar_electronic_028,67,upper,100,data/raw/nsynth/extracted/nsynth-valid/audio/guitar_electronic_028-067-100.wav,5305
guitar_acoustic_015-067-127,valid,guitar,guitar_acoustic_015,67,upper,127,data/raw/nsynth/extracted/nsynth-valid/audio/guitar_acoustic_015-067-127.wav,5305
guitar_electronic_028-067-127,valid,guitar,guitar_electronic_028,67,upper,127,data/raw/nsynth/extracted/nsynth-valid/audio/guitar_electronic_028-067-127.wav,5305
guitar_acoustic_010-068-025,valid,guitar,guitar_acoustic_010,68,upper,25,data/raw/nsynth/extracted/nsynth-valid/audio/guitar_acoustic_010-068-025.wav,5305
guitar_acoustic_021-068-025,valid,guitar,guitar_acoustic_021,68,upper,25,data/raw/nsynth/extracted/nsynth-valid/audio/guitar_acoustic_021-068-025.wav,5305
guitar_acoustic_014-068-075,valid,guitar,guitar_acoustic_014,68,upper,75,data/raw/nsynth/extracted/nsynth-valid/audio/guitar_acoustic_014-068-075.wav,5305
guitar_acoustic_021-068-075,valid,guitar,guitar_acoustic_021,68,upper,75,data/raw/nsynth/extracted/nsynth-valid/audio/guitar_acoustic_021-068-075.wav,5305
guitar_acoustic_015-068-100,valid,guitar,guitar_acoustic_015,68,upper,100,data/raw/nsynth/extracted/nsynth-valid/audio/guitar_acoustic_015-068-100.wav,5305
guitar_acoustic_030-069-025,valid,guitar,guitar_acoustic_030,69,upper,25,data/raw/nsynth/extracted/nsynth-valid/audio/guitar_acoustic_030-069-025.wav,5305
guitar_electronic_022-069-050,valid,guitar,guitar_electronic_022,69,upper,50,data/raw/nsynth/extracted/nsynth-valid/audio/guitar_electronic_022-069-050.wav,5305
guitar_electronic_028-069-050,valid,guitar,guitar_electronic_028,69,upper,50,data/raw/nsynth/extracted/nsynth-valid/audio/guitar_electronic_028-069-050.wav,5305
guitar_acoustic_014-069-075,valid,guitar,guitar_acoustic_014,69,upper,75,data/raw/nsynth/extracted/nsynth-valid/audio/guitar_acoustic_014-069-075.wav,5305
guitar_electronic_028-069-075,valid,guitar,guitar_electronic_028,69,upper,75,data/raw/nsynth/extracted/nsynth-valid/audio/guitar_electronic_028-069-075.wav,5305
guitar_acoustic_014-069-100,valid,guitar,guitar_acoustic_014,69,upper,100,data/raw/nsynth/extracted/nsynth-valid/audio/guitar_acoustic_014-069-100.wav,5305
guitar_acoustic_015-069-100,valid,guitar,guitar_acoustic_015,69,upper,100,data/raw/nsynth/extracted/nsynth-valid/audio/guitar_acoustic_015-069-100.wav,5305
guitar_acoustic_021-069-100,valid,guitar,guitar_acoustic_021,69,upper,100,data/raw/nsynth/extracted/nsynth-valid/audio/guitar_acoustic_021-069-100.wav,5305
guitar_acoustic_010-069-127,valid,guitar,guitar_acoustic_010,69,upper,127,data/raw/nsynth/extracted/nsynth-valid/audio/guitar_acoustic_010-069-127.wav,5305
keyboard_acoustic_004-043-025,valid,keyboard,keyboard_acoustic_004,43,lower,25,data/raw/nsynth/extracted/nsynth-valid/audio/keyboard_acoustic_004-043-025.wav,5305
keyboard_acoustic_004-043-050,valid,keyboard,keyboard_acoustic_004,43,lower,50,data/raw/nsynth/extracted/nsynth-valid/audio/keyboard_acoustic_004-043-050.wav,5305
keyboard_synthetic_000-043-050,valid,keyboard,keyboard_synthetic_000,43,lower,50,data/raw/nsynth/extracted/nsynth-valid/audio/keyboard_synthetic_000-043-050.wav,5305
keyboard_electronic_003-043-075,valid,keyboard,keyboard_electronic_003,43,lower,75,data/raw/nsynth/extracted/nsynth-valid/audio/keyboard_electronic_003-043-075.wav,5305
keyboard_electronic_069-043-075,valid,keyboard,keyboard_electronic_069,43,lower,75,data/raw/nsynth/extracted/nsynth-valid/audio/keyboard_electronic_069-043-075.wav,5305
keyboard_synthetic_000-043-100,valid,keyboard,keyboard_synthetic_000,43,lower,100,data/raw/nsynth/extracted/nsynth-valid/audio/keyboard_synthetic_000-043-100.wav,5305
keyboard_electronic_002-043-127,valid,keyboard,keyboard_electronic_002,43,lower,127,data/raw/nsynth/extracted/nsynth-valid/audio/keyboard_electronic_002-043-127.wav,5305
keyboard_acoustic_004-044-025,valid,keyboard,keyboard_acoustic_004,44,lower,25,data/raw/nsynth/extracted/nsynth-valid/audio/keyboard_acoustic_004-044-025.wav,5305
keyboard_electronic_001-044-025,valid,keyboard,keyboard_electronic_001,44,lower,25,data/raw/nsynth/extracted/nsynth-valid/audio/keyboard_electronic_001-044-025.wav,5305
keyboard_electronic_003-044-025,valid,keyboard,keyboard_electronic_003,44,lower,25,data/raw/nsynth/extracted/nsynth-valid/audio/keyboard_electronic_003-044-025.wav,5305
keyboard_electronic_078-044-025,valid,keyboard,keyboard_electronic_078,44,lower,25,data/raw/nsynth/extracted/nsynth-valid/audio/keyboard_electronic_078-044-025.wav,5305
keyboard_acoustic_004-044-050,valid,keyboard,keyboard_acoustic_004,44,lower,50,data/raw/nsynth/extracted/nsynth-valid/audio/keyboard_acoustic_004-044-050.wav,5305
keyboard_electronic_001-044-050,valid,keyboard,keyboard_electronic_001,44,lower,50,data/raw/nsynth/extracted/nsynth-valid/audio/keyboard_electronic_001-044-050.wav,5305
keyboard_electronic_098-044-075,valid,keyboard,keyboard_electronic_098,44,lower,75,data/raw/nsynth/extracted/nsynth-valid/audio/keyboard_electronic_098-044-075.wav,5305
keyboard_electronic_001-044-127,valid,keyboard,keyboard_electronic_001,44,lower,127,data/raw/nsynth/extracted/nsynth-valid/audio/keyboard_electronic_001-044-127.wav,5305
keyboard_electronic_003-044-127,valid,keyboard,keyboard_electronic_003,44,lower,127,data/raw/nsynth/extracted/nsynth-valid/audio/keyboard_electronic_003-044-127.wav,5305
keyboard_electronic_078-044-127,valid,keyboard,keyboard_electronic_078,44,lower,127,data/raw/nsynth/extracted/nsynth-valid/audio/keyboard_electronic_078-044-127.wav,5305
keyboard_synthetic_000-044-127,valid,keyboard,keyboard_synthetic_000,44,lower,127,data/raw/nsynth/extracted/nsynth-valid/audio/keyboard_synthetic_000-044-127.wav,5305
keyboard_electronic_069-045-025,valid,keyboard,keyboard_electronic_069,45,lower,25,data/raw/nsynth/extracted/nsynth-valid/audio/keyboard_electronic_069-045-025.wav,5305
keyboard_acoustic_004-045-050,valid,keyboard,keyboard_acoustic_004,45,lower,50,data/raw/nsynth/extracted/nsynth-valid/audio/keyboard_acoustic_004-045-050.wav,5305
keyboard_synthetic_000-045-050,valid,keyboard,keyboard_synthetic_000,45,lower,50,data/raw/nsynth/extracted/nsynth-valid/audio/keyboard_synthetic_000-045-050.wav,5305
keyboard_electronic_078-045-075,valid,keyboard,keyboard_electronic_078,45,lower,75,data/raw/nsynth/extracted/nsynth-valid/audio/keyboard_electronic_078-045-075.wav,5305
keyboard_electronic_098-045-075,valid,keyboard,keyboard_electronic_098,45,lower,75,data/raw/nsynth/extracted/nsynth-valid/audio/keyboard_electronic_098-045-075.wav,5305
keyboard_acoustic_004-045-100,valid,keyboard,keyboard_acoustic_004,45,lower,100,data/raw/nsynth/extracted/nsynth-valid/audio/keyboard_acoustic_004-045-100.wav,5305
keyboard_electronic_069-045-100,valid,keyboard,keyboard_electronic_069,45,lower,100,data/raw/nsynth/extracted/nsynth-valid/audio/keyboard_electronic_069-045-100.wav,5305
keyboard_synthetic_000-045-100,valid,keyboard,keyboard_synthetic_000,45,lower,100,data/raw/nsynth/extracted/nsynth-valid/audio/keyboard_synthetic_000-045-100.wav,5305
keyboard_electronic_001-045-127,valid,keyboard,keyboard_electronic_001,45,lower,127,data/raw/nsynth/extracted/nsynth-valid/audio/keyboard_electronic_001-045-127.wav,5305
keyboard_electronic_069-045-127,valid,keyboard,keyboard_electronic_069,45,lower,127,data/raw/nsynth/extracted/nsynth-valid/audio/keyboard_electronic_069-045-127.wav,5305
keyboard_electronic_002-046-025,valid,keyboard,keyboard_electronic_002,46,lower,25,data/raw/nsynth/extracted/nsynth-valid/audio/keyboard_electronic_002-046-025.wav,5305
keyboard_electronic_078-046-025,valid,keyboard,keyboard_electronic_078,46,lower,25,data/raw/nsynth/extracted/nsynth-valid/audio/keyboard_electronic_078-046-025.wav,5305
keyboard_acoustic_004-046-050,valid,keyboard,keyboard_acoustic_004,46,lower,50,data/raw/nsynth/extracted/nsynth-valid/audio/keyboard_acoustic_004-046-050.wav,5305
keyboard_synthetic_000-046-050,valid,keyboard,keyboard_synthetic_000,46,lower,50,data/raw/nsynth/extracted/nsynth-valid/audio/keyboard_synthetic_000-046-050.wav,5305
keyboard_electronic_001-046-075,valid,keyboard,keyboard_electronic_001,46,lower,75,data/raw/nsynth/extracted/nsynth-valid/audio/keyboard_electronic_001-046-075.wav,5305
keyboard_electronic_002-046-075,valid,keyboard,keyboard_electronic_002,46,lower,75,data/raw/nsynth/extracted/nsynth-valid/audio/keyboard_electronic_002-046-075.wav,5305
keyboard_electronic_003-046-075,valid,keyboard,keyboard_electronic_003,46,lower,75,data/raw/nsynth/extracted/nsynth-valid/audio/keyboard_electronic_003-046-075.wav,5305
keyboard_electronic_078-046-100,valid,keyboard,keyboard_electronic_078,46,lower,100,data/raw/nsynth/extracted/nsynth-valid/audio/keyboard_electronic_078-046-100.wav,5305
keyboard_acoustic_004-046-127,valid,keyboard,keyboard_acoustic_004,46,lower,127,data/raw/nsynth/extracted/nsynth-valid/audio/keyboard_acoustic_004-046-127.wav,5305
keyboard_electronic_069-046-127,valid,keyboard,keyboard_electronic_069,46,lower,127,data/raw/nsynth/extracted/nsynth-valid/audio/keyboard_electronic_069-046-127.wav,5305
keyboard_electronic_078-046-127,valid,keyboard,keyboard_electronic_078,46,lower,127,data/raw/nsynth/extracted/nsynth-valid/audio/keyboard_electronic_078-046-127.wav,5305
keyboard_acoustic_004-047-025,valid,keyboard,keyboard_acoustic_004,47,lower,25,data/raw/nsynth/extracted/nsynth-valid/audio/keyboard_acoustic_004-047-025.wav,5305
keyboard_electronic_003-047-025,valid,keyboard,keyboard_electronic_003,47,lower,25,data/raw/nsynth/extracted/nsynth-valid/audio/keyboard_electronic_003-047-025.wav,5305
keyboard_electronic_069-047-025,valid,keyboard,keyboard_electronic_069,47,lower,25,data/raw/nsynth/extracted/nsynth-valid/audio/keyboard_electronic_069-047-025.wav,5305
keyboard_electronic_098-047-025,valid,keyboard,keyboard_electronic_098,47,lower,25,data/raw/nsynth/extracted/nsynth-valid/audio/keyboard_electronic_098-047-025.wav,5305
keyboard_electronic_002-047-050,valid,keyboard,keyboard_electronic_002,47,lower,50,data/raw/nsynth/extracted/nsynth-valid/audio/keyboard_electronic_002-047-050.wav,5305
keyboard_electronic_069-047-050,valid,keyboard,keyboard_electronic_069,47,lower,50,data/raw/nsynth/extracted/nsynth-valid/audio/keyboard_electronic_069-047-050.wav,5305
keyboard_electronic_098-047-050,valid,keyboard,keyboard_electronic_098,47,lower,50,data/raw/nsynth/extracted/nsynth-valid/audio/keyboard_electronic_098-047-050.wav,5305
keyboard_electronic_002-047-075,valid,keyboard,keyboard_electronic_002,47,lower,75,data/raw/nsynth/extracted/nsynth-valid/audio/keyboard_electronic_002-047-075.wav,5305
keyboard_electronic_069-047-075,valid,keyboard,keyboard_electronic_069,47,lower,75,data/raw/nsynth/extracted/nsynth-valid/audio/keyboard_electronic_069-047-075.wav,5305
keyboard_electronic_078-047-075,valid,keyboard,keyboard_electronic_078,47,lower,75,data/raw/nsynth/extracted/nsynth-valid/audio/keyboard_electronic_078-047-075.wav,5305
keyboard_electronic_001-047-100,valid,keyboard,keyboard_electronic_001,47,lower,100,data/raw/nsynth/extracted/nsynth-valid/audio/keyboard_electronic_001-047-100.wav,5305
keyboard_electronic_003-047-100,valid,keyboard,keyboard_electronic_003,47,lower,100,data/raw/nsynth/extracted/nsynth-valid/audio/keyboard_electronic_003-047-100.wav,5305
keyboard_electronic_002-047-127,valid,keyboard,keyboard_electronic_002,47,lower,127,data/raw/nsynth/extracted/nsynth-valid/audio/keyboard_electronic_002-047-127.wav,5305
keyboard_electronic_069-047-127,valid,keyboard,keyboard_electronic_069,47,lower,127,data/raw/nsynth/extracted/nsynth-valid/audio/keyboard_electronic_069-047-127.wav,5305
keyboard_electronic_078-047-127,valid,keyboard,keyboard_electronic_078,47,lower,127,data/raw/nsynth/extracted/nsynth-valid/audio/keyboard_electronic_078-047-127.wav,5305
keyboard_acoustic_004-048-025,valid,keyboard,keyboard_acoustic_004,48,lower,25,data/raw/nsynth/extracted/nsynth-valid/audio/keyboard_acoustic_004-048-025.wav,5305
keyboard_electronic_098-048-025,valid,keyboard,keyboard_electronic_098,48,lower,25,data/raw/nsynth/extracted/nsynth-valid/audio/keyboard_electronic_098-048-025.wav,5305
keyboard_electronic_003-048-050,valid,keyboard,keyboard_electronic_003,48,lower,50,data/raw/nsynth/extracted/nsynth-valid/audio/keyboard_electronic_003-048-050.wav,5305
keyboard_electronic_069-048-050,valid,keyboard,keyboard_electronic_069,48,lower,50,data/raw/nsynth/extracted/nsynth-valid/audio/keyboard_electronic_069-048-050.wav,5305
keyboard_electronic_098-048-050,valid,keyboard,keyboard_electronic_098,48,lower,50,data/raw/nsynth/extracted/nsynth-valid/audio/keyboard_electronic_098-048-050.wav,5305
keyboard_electronic_003-048-075,valid,keyboard,keyboard_electronic_003,48,lower,75,data/raw/nsynth/extracted/nsynth-valid/audio/keyboard_electronic_003-048-075.wav,5305
keyboard_electronic_069-048-075,valid,keyboard,keyboard_electronic_069,48,lower,75,data/raw/nsynth/extracted/nsynth-valid/audio/keyboard_electronic_069-048-075.wav,5305
keyboard_electronic_069-048-100,valid,keyboard,keyboard_electronic_069,48,lower,100,data/raw/nsynth/extracted/nsynth-valid/audio/keyboard_electronic_069-048-100.wav,5305
keyboard_electronic_078-048-100,valid,keyboard,keyboard_electronic_078,48,lower,100,data/raw/nsynth/extracted/nsynth-valid/audio/keyboard_electronic_078-048-100.wav,5305
keyboard_acoustic_004-048-127,valid,keyboard,keyboard_acoustic_004,48,lower,127,data/raw/nsynth/extracted/nsynth-valid/audio/keyboard_acoustic_004-048-127.wav,5305
keyboard_electronic_078-048-127,valid,keyboard,keyboard_electronic_078,48,lower,127,data/raw/nsynth/extracted/nsynth-valid/audio/keyboard_electronic_078-048-127.wav,5305
keyboard_electronic_001-049-025,valid,keyboard,keyboard_electronic_001,49,lower,25,data/raw/nsynth/extracted/nsynth-valid/audio/keyboard_electronic_001-049-025.wav,5305
keyboard_electronic_069-049-025,valid,keyboard,keyboard_electronic_069,49,lower,25,data/raw/nsynth/extracted/nsynth-valid/audio/keyboard_electronic_069-049-025.wav,5305
keyboard_electronic_001-049-050,valid,keyboard,keyboard_electronic_001,49,lower,50,data/raw/nsynth/extracted/nsynth-valid/audio/keyboard_electronic_001-049-050.wav,5305
keyboard_electronic_078-049-050,valid,keyboard,keyboard_electronic_078,49,lower,50,data/raw/nsynth/extracted/nsynth-valid/audio/keyboard_electronic_078-049-050.wav,5305
keyboard_electronic_098-049-050,valid,keyboard,keyboard_electronic_098,49,lower,50,data/raw/nsynth/extracted/nsynth-valid/audio/keyboard_electronic_098-049-050.wav,5305
keyboard_acoustic_004-049-075,valid,keyboard,keyboard_acoustic_004,49,lower,75,data/raw/nsynth/extracted/nsynth-valid/audio/keyboard_acoustic_004-049-075.wav,5305
keyboard_electronic_002-049-075,valid,keyboard,keyboard_electronic_002,49,lower,75,data/raw/nsynth/extracted/nsynth-valid/audio/keyboard_electronic_002-049-075.wav,5305
keyboard_electronic_078-049-075,valid,keyboard,keyboard_electronic_078,49,lower,75,data/raw/nsynth/extracted/nsynth-valid/audio/keyboard_electronic_078-049-075.wav,5305
keyboard_electronic_001-049-100,valid,keyboard,keyboard_electronic_001,49,lower,100,data/raw/nsynth/extracted/nsynth-valid/audio/keyboard_electronic_001-049-100.wav,5305
keyboard_acoustic_004-049-127,valid,keyboard,keyboard_acoustic_004,49,lower,127,data/raw/nsynth/extracted/nsynth-valid/audio/keyboard_acoustic_004-049-127.wav,5305
keyboard_synthetic_000-049-127,valid,keyboard,keyboard_synthetic_000,49,lower,127,data/raw/nsynth/extracted/nsynth-valid/audio/keyboard_synthetic_000-049-127.wav,5305
keyboard_electronic_002-050-025,valid,keyboard,keyboard_electronic_002,50,lower,25,data/raw/nsynth/extracted/nsynth-valid/audio/keyboard_electronic_002-050-025.wav,5305
keyboard_electronic_078-050-050,valid,keyboard,keyboard_electronic_078,50,lower,50,data/raw/nsynth/extracted/nsynth-valid/audio/keyboard_electronic_078-050-050.wav,5305
keyboard_electronic_001-050-075,valid,keyboard,keyboard_electronic_001,50,lower,75,data/raw/nsynth/extracted/nsynth-valid/audio/keyboard_electronic_001-050-075.wav,5305
keyboard_electronic_003-050-075,valid,keyboard,keyboard_electronic_003,50,lower,75,data/raw/nsynth/extracted/nsynth-valid/audio/keyboard_electronic_003-050-075.wav,5305
keyboard_electronic_069-050-075,valid,keyboard,keyboard_electronic_069,50,lower,75,data/raw/nsynth/extracted/nsynth-valid/audio/keyboard_electronic_069-050-075.wav,5305
keyboard_electronic_001-050-100,valid,keyboard,keyboard_electronic_001,50,lower,100,data/raw/nsynth/extracted/nsynth-valid/audio/keyboard_electronic_001-050-100.wav,5305
keyboard_electronic_003-050-100,valid,keyboard,keyboard_electronic_003,50,lower,100,data/raw/nsynth/extracted/nsynth-valid/audio/keyboard_electronic_003-050-100.wav,5305
keyboard_electronic_098-050-100,valid,keyboard,keyboard_electronic_098,50,lower,100,data/raw/nsynth/extracted/nsynth-valid/audio/keyboard_electronic_098-050-100.wav,5305
keyboard_electronic_001-050-127,valid,keyboard,keyboard_electronic_001,50,lower,127,data/raw/nsynth/extracted/nsynth-valid/audio/keyboard_electronic_001-050-127.wav,5305
keyboard_electronic_002-050-127,valid,keyboard,keyboard_electronic_002,50,lower,127,data/raw/nsynth/extracted/nsynth-valid/audio/keyboard_electronic_002-050-127.wav,5305
keyboard_electronic_078-051-025,valid,keyboard,keyboard_electronic_078,51,lower,25,data/raw/nsynth/extracted/nsynth-valid/audio/keyboard_electronic_078-051-025.wav,5305
keyboard_acoustic_004-051-050,valid,keyboard,keyboard_acoustic_004,51,lower,50,data/raw/nsynth/extracted/nsynth-valid/audio/keyboard_acoustic_004-051-050.wav,5305
keyboard_electronic_003-051-050,valid,keyboard,keyboard_electronic_003,51,lower,50,data/raw/nsynth/extracted/nsynth-valid/audio/keyboard_electronic_003-051-050.wav,5305
keyboard_electronic_098-051-050,valid,keyboard,keyboard_electronic_098,51,lower,50,data/raw/nsynth/extracted/nsynth-valid/audio/keyboard_electronic_098-051-050.wav,5305
keyboard_electronic_098-051-075,valid,keyboard,keyboard_electronic_098,51,lower,75,data/raw/nsynth/extracted/nsynth-valid/audio/keyboard_electronic_098-051-075.wav,5305
keyboard_synthetic_000-051-075,valid,keyboard,keyboard_synthetic_000,51,lower,75,data/raw/nsynth/extracted/nsynth-valid/audio/keyboard_synthetic_000-051-075.wav,5305
keyboard_electronic_001-051-100,valid,keyboard,keyboard_electronic_001,51,lower,100,data/raw/nsynth/extracted/nsynth-valid/audio/keyboard_electronic_001-051-100.wav,5305
keyboard_electronic_003-051-100,valid,keyboard,keyboard_electronic_003,51,lower,100,data/raw/nsynth/extracted/nsynth-valid/audio/keyboard_electronic_003-051-100.wav,5305
keyboard_electronic_078-051-100,valid,keyboard,keyboard_electronic_078,51,lower,100,data/raw/nsynth/extracted/nsynth-valid/audio/keyboard_electronic_078-051-100.wav,5305
keyboard_electronic_098-051-100,valid,keyboard,keyboard_electronic_098,51,lower,100,data/raw/nsynth/extracted/nsynth-valid/audio/keyboard_electronic_098-051-100.wav,5305
keyboard_synthetic_000-051-100,valid,keyboard,keyboard_synthetic_000,51,lower,100,data/raw/nsynth/extracted/nsynth-valid/audio/keyboard_synthetic_000-051-100.wav,5305
keyboard_electronic_069-051-127,valid,keyboard,keyboard_electronic_069,51,lower,127,data/raw/nsynth/extracted/nsynth-valid/audio/keyboard_electronic_069-051-127.wav,5305
keyboard_synthetic_000-051-127,valid,keyboard,keyboard_synthetic_000,51,lower,127,data/raw/nsynth/extracted/nsynth-valid/audio/keyboard_synthetic_000-051-127.wav,5305
keyboard_electronic_001-052-025,valid,keyboard,keyboard_electronic_001,52,middle,25,data/raw/nsynth/extracted/nsynth-valid/audio/keyboard_electronic_001-052-025.wav,5305
keyboard_electronic_003-052-025,valid,keyboard,keyboard_electronic_003,52,middle,25,data/raw/nsynth/extracted/nsynth-valid/audio/keyboard_electronic_003-052-025.wav,5305
keyboard_electronic_069-052-025,valid,keyboard,keyboard_electronic_069,52,middle,25,data/raw/nsynth/extracted/nsynth-valid/audio/keyboard_electronic_069-052-025.wav,5305
keyboard_electronic_001-052-050,valid,keyboard,keyboard_electronic_001,52,middle,50,data/raw/nsynth/extracted/nsynth-valid/audio/keyboard_electronic_001-052-050.wav,5305
keyboard_electronic_098-052-050,valid,keyboard,keyboard_electronic_098,52,middle,50,data/raw/nsynth/extracted/nsynth-valid/audio/keyboard_electronic_098-052-050.wav,5305
keyboard_electronic_003-052-075,valid,keyboard,keyboard_electronic_003,52,middle,75,data/raw/nsynth/extracted/nsynth-valid/audio/keyboard_electronic_003-052-075.wav,5305
keyboard_electronic_098-052-075,valid,keyboard,keyboard_electronic_098,52,middle,75,data/raw/nsynth/extracted/nsynth-valid/audio/keyboard_electronic_098-052-075.wav,5305
keyboard_synthetic_000-052-075,valid,keyboard,keyboard_synthetic_000,52,middle,75,data/raw/nsynth/extracted/nsynth-valid/audio/keyboard_synthetic_000-052-075.wav,5305
keyboard_electronic_002-052-100,valid,keyboard,keyboard_electronic_002,52,middle,100,data/raw/nsynth/extracted/nsynth-valid/audio/keyboard_electronic_002-052-100.wav,5305
keyboard_electronic_069-052-100,valid,keyboard,keyboard_electronic_069,52,middle,100,data/raw/nsynth/extracted/nsynth-valid/audio/keyboard_electronic_069-052-100.wav,5305
keyboard_electronic_098-052-100,valid,keyboard,keyboard_electronic_098,52,middle,100,data/raw/nsynth/extracted/nsynth-valid/audio/keyboard_electronic_098-052-100.wav,5305
keyboard_acoustic_004-052-127,valid,keyboard,keyboard_acoustic_004,52,middle,127,data/raw/nsynth/extracted/nsynth-valid/audio/keyboard_acoustic_004-052-127.wav,5305
keyboard_electronic_001-052-127,valid,keyboard,keyboard_electronic_001,52,middle,127,data/raw/nsynth/extracted/nsynth-valid/audio/keyboard_electronic_001-052-127.wav,5305
keyboard_electronic_002-052-127,valid,keyboard,keyboard_electronic_002,52,middle,127,data/raw/nsynth/extracted/nsynth-valid/audio/keyboard_electronic_002-052-127.wav,5305
keyboard_electronic_003-052-127,valid,keyboard,keyboard_electronic_003,52,middle,127,data/raw/nsynth/extracted/nsynth-valid/audio/keyboard_electronic_003-052-127.wav,5305
keyboard_electronic_098-052-127,valid,keyboard,keyboard_electronic_098,52,middle,127,data/raw/nsynth/extracted/nsynth-valid/audio/keyboard_electronic_098-052-127.wav,5305
keyboard_synthetic_000-052-127,valid,keyboard,keyboard_synthetic_000,52,middle,127,data/raw/nsynth/extracted/nsynth-valid/audio/keyboard_synthetic_000-052-127.wav,5305
keyboard_electronic_069-053-025,valid,keyboard,keyboard_electronic_069,53,middle,25,data/raw/nsynth/extracted/nsynth-valid/audio/keyboard_electronic_069-053-025.wav,5305
keyboard_electronic_078-053-025,valid,keyboard,keyboard_electronic_078,53,middle,25,data/raw/nsynth/extracted/nsynth-valid/audio/keyboard_electronic_078-053-025.wav,5305
keyboard_electronic_098-053-025,valid,keyboard,keyboard_electronic_098,53,middle,25,data/raw/nsynth/extracted/nsynth-valid/audio/keyboard_electronic_098-053-025.wav,5305
keyboard_acoustic_004-053-050,valid,keyboard,keyboard_acoustic_004,53,middle,50,data/raw/nsynth/extracted/nsynth-valid/audio/keyboard_acoustic_004-053-050.wav,5305
keyboard_acoustic_004-053-075,valid,keyboard,keyboard_acoustic_004,53,middle,75,data/raw/nsynth/extracted/nsynth-valid/audio/keyboard_acoustic_004-053-075.wav,5305
keyboard_electronic_069-053-075,valid,keyboard,keyboard_electronic_069,53,middle,75,data/raw/nsynth/extracted/nsynth-valid/audio/keyboard_electronic_069-053-075.wav,5305
keyboard_electronic_078-053-075,valid,keyboard,keyboard_electronic_078,53,middle,75,data/raw/nsynth/extracted/nsynth-valid/audio/keyboard_electronic_078-053-075.wav,5305
keyboard_synthetic_000-053-075,valid,keyboard,keyboard_synthetic_000,53,middle,75,data/raw/nsynth/extracted/nsynth-valid/audio/keyboard_synthetic_000-053-075.wav,5305
keyboard_acoustic_004-053-100,valid,keyboard,keyboard_acoustic_004,53,middle,100,data/raw/nsynth/extracted/nsynth-valid/audio/keyboard_acoustic_004-053-100.wav,5305
keyboard_electronic_001-053-100,valid,keyboard,keyboard_electronic_001,53,middle,100,data/raw/nsynth/extracted/nsynth-valid/audio/keyboard_electronic_001-053-100.wav,5305
keyboard_electronic_098-053-100,valid,keyboard,keyboard_electronic_098,53,middle,100,data/raw/nsynth/extracted/nsynth-valid/audio/keyboard_electronic_098-053-100.wav,5305
keyboard_electronic_098-053-127,valid,keyboard,keyboard_electronic_098,53,middle,127,data/raw/nsynth/extracted/nsynth-valid/audio/keyboard_electronic_098-053-127.wav,5305
keyboard_electronic_001-054-025,valid,keyboard,keyboard_electronic_001,54,middle,25,data/raw/nsynth/extracted/nsynth-valid/audio/keyboard_electronic_001-054-025.wav,5305
keyboard_electronic_003-054-025,valid,keyboard,keyboard_electronic_003,54,middle,25,data/raw/nsynth/extracted/nsynth-valid/audio/keyboard_electronic_003-054-025.wav,5305
keyboard_electronic_003-054-050,valid,keyboard,keyboard_electronic_003,54,middle,50,data/raw/nsynth/extracted/nsynth-valid/audio/keyboard_electronic_003-054-050.wav,5305
keyboard_electronic_078-054-050,valid,keyboard,keyboard_electronic_078,54,middle,50,data/raw/nsynth/extracted/nsynth-valid/audio/keyboard_electronic_078-054-050.wav,5305
keyboard_electronic_002-054-075,valid,keyboard,keyboard_electronic_002,54,middle,75,data/raw/nsynth/extracted/nsynth-valid/audio/keyboard_electronic_002-054-075.wav,5305
keyboard_electronic_098-054-075,valid,keyboard,keyboard_electronic_098,54,middle,75,data/raw/nsynth/extracted/nsynth-valid/audio/keyboard_electronic_098-054-075.wav,5305
keyboard_electronic_001-054-100,valid,keyboard,keyboard_electronic_001,54,middle,100,data/raw/nsynth/extracted/nsynth-valid/audio/keyboard_electronic_001-054-100.wav,5305
keyboard_electronic_002-054-100,valid,keyboard,keyboard_electronic_002,54,middle,100,data/raw/nsynth/extracted/nsynth-valid/audio/keyboard_electronic_002-054-100.wav,5305
keyboard_electronic_003-054-100,valid,keyboard,keyboard_electronic_003,54,middle,100,data/raw/nsynth/extracted/nsynth-valid/audio/keyboard_electronic_003-054-100.wav,5305
keyboard_electronic_069-054-100,valid,keyboard,keyboard_electronic_069,54,middle,100,data/raw/nsynth/extracted/nsynth-valid/audio/keyboard_electronic_069-054-100.wav,5305
keyboard_electronic_098-054-100,valid,keyboard,keyboard_electronic_098,54,middle,100,data/raw/nsynth/extracted/nsynth-valid/audio/keyboard_electronic_098-054-100.wav,5305
keyboard_acoustic_004-054-127,valid,keyboard,keyboard_acoustic_004,54,middle,127,data/raw/nsynth/extracted/nsynth-valid/audio/keyboard_acoustic_004-054-127.wav,5305
keyboard_electronic_002-054-127,valid,keyboard,keyboard_electronic_002,54,middle,127,data/raw/nsynth/extracted/nsynth-valid/audio/keyboard_electronic_002-054-127.wav,5305
keyboard_electronic_078-054-127,valid,keyboard,keyboard_electronic_078,54,middle,127,data/raw/nsynth/extracted/nsynth-valid/audio/keyboard_electronic_078-054-127.wav,5305
keyboard_electronic_002-055-025,valid,keyboard,keyboard_electronic_002,55,middle,25,data/raw/nsynth/extracted/nsynth-valid/audio/keyboard_electronic_002-055-025.wav,5305
keyboard_acoustic_004-055-050,valid,keyboard,keyboard_acoustic_004,55,middle,50,data/raw/nsynth/extracted/nsynth-valid/audio/keyboard_acoustic_004-055-050.wav,5305
keyboard_electronic_002-055-050,valid,keyboard,keyboard_electronic_002,55,middle,50,data/raw/nsynth/extracted/nsynth-valid/audio/keyboard_electronic_002-055-050.wav,5305
keyboard_electronic_069-055-050,valid,keyboard,keyboard_electronic_069,55,middle,50,data/raw/nsynth/extracted/nsynth-valid/audio/keyboard_electronic_069-055-050.wav,5305
keyboard_electronic_001-055-075,valid,keyboard,keyboard_electronic_001,55,middle,75,data/raw/nsynth/extracted/nsynth-valid/audio/keyboard_electronic_001-055-075.wav,5305
keyboard_electronic_098-055-075,valid,keyboard,keyboard_electronic_098,55,middle,75,data/raw/nsynth/extracted/nsynth-valid/audio/keyboard_electronic_098-055-075.wav,5305
keyboard_electronic_001-055-100,valid,keyboard,keyboard_electronic_001,55,middle,100,data/raw/nsynth/extracted/nsynth-valid/audio/keyboard_electronic_001-055-100.wav,5305
keyboard_electronic_002-055-100,valid,keyboard,keyboard_electronic_002,55,middle,100,data/raw/nsynth/extracted/nsynth-valid/audio/keyboard_electronic_002-055-100.wav,5305
keyboard_electronic_069-055-100,valid,keyboard,keyboard_electronic_069,55,middle,100,data/raw/nsynth/extracted/nsynth-valid/audio/keyboard_electronic_069-055-100.wav,5305
keyboard_synthetic_000-055-100,valid,keyboard,keyboard_synthetic_000,55,middle,100,data/raw/nsynth/extracted/nsynth-valid/audio/keyboard_synthetic_000-055-100.wav,5305
keyboard_electronic_069-055-127,valid,keyboard,keyboard_electronic_069,55,middle,127,data/raw/nsynth/extracted/nsynth-valid/audio/keyboard_electronic_069-055-127.wav,5305
keyboard_synthetic_000-055-127,valid,keyboard,keyboard_synthetic_000,55,middle,127,data/raw/nsynth/extracted/nsynth-valid/audio/keyboard_synthetic_000-055-127.wav,5305
keyboard_acoustic_004-056-025,valid,keyboard,keyboard_acoustic_004,56,middle,25,data/raw/nsynth/extracted/nsynth-valid/audio/keyboard_acoustic_004-056-025.wav,5305
keyboard_electronic_002-056-025,valid,keyboard,keyboard_electronic_002,56,middle,25,data/raw/nsynth/extracted/nsynth-valid/audio/keyboard_electronic_002-056-025.wav,5305
keyboard_electronic_078-056-025,valid,keyboard,keyboard_electronic_078,56,middle,25,data/raw/nsynth/extracted/nsynth-valid/audio/keyboard_electronic_078-056-025.wav,5305
keyboard_electronic_098-056-025,valid,keyboard,keyboard_electronic_098,56,middle,25,data/raw/nsynth/extracted/nsynth-valid/audio/keyboard_electronic_098-056-025.wav,5305
keyboard_acoustic_004-056-050,valid,keyboard,keyboard_acoustic_004,56,middle,50,data/raw/nsynth/extracted/nsynth-valid/audio/keyboard_acoustic_004-056-050.wav,5305
keyboard_electronic_001-056-050,valid,keyboard,keyboard_electronic_001,56,middle,50,data/raw/nsynth/extracted/nsynth-valid/audio/keyboard_electronic_001-056-050.wav,5305
keyboard_electronic_003-056-050,valid,keyboard,keyboard_electronic_003,56,middle,50,data/raw/nsynth/extracted/nsynth-valid/audio/keyboard_electronic_003-056-050.wav,5305
keyboard_electronic_002-056-075,valid,keyboard,keyboard_electronic_002,56,middle,75,data/raw/nsynth/extracted/nsynth-valid/audio/keyboard_electronic_002-056-075.wav,5305
keyboard_electronic_003-056-075,valid,keyboard,keyboard_electronic_003,56,middle,75,data/raw/nsynth/extracted/nsynth-valid/audio/keyboard_electronic_003-056-075.wav,5305
keyboard_electronic_078-056-075,valid,keyboard,keyboard_electronic_078,56,middle,75,data/raw/nsynth/extracted/nsynth-valid/audio/keyboard_electronic_078-056-075.wav,5305
keyboard_electronic_003-056-100,valid,keyboard,keyboard_electronic_003,56,middle,100,data/raw/nsynth/extracted/nsynth-valid/audio/keyboard_electronic_003-056-100.wav,5305
keyboard_electronic_098-056-127,valid,keyboard,keyboard_electronic_098,56,middle,127,data/raw/nsynth/extracted/nsynth-valid/audio/keyboard_electronic_098-056-127.wav,5305
keyboard_synthetic_000-056-127,valid,keyboard,keyboard_synthetic_000,56,middle,127,data/raw/nsynth/extracted/nsynth-valid/audio/keyboard_synthetic_000-056-127.wav,5305
keyboard_electronic_001-057-025,valid,keyboard,keyboard_electronic_001,57,middle,25,data/raw/nsynth/extracted/nsynth-valid/audio/keyboard_electronic_001-057-025.wav,5305
keyboard_electronic_003-057-025,valid,keyboard,keyboard_electronic_003,57,middle,25,data/raw/nsynth/extracted/nsynth-valid/audio/keyboard_electronic_003-057-025.wav,5305
keyboard_electronic_078-057-025,valid,keyboard,keyboard_electronic_078,57,middle,25,data/raw/nsynth/extracted/nsynth-valid/audio/keyboard_electronic_078-057-025.wav,5305
keyboard_acoustic_004-057-050,valid,keyboard,keyboard_acoustic_004,57,middle,50,data/raw/nsynth/extracted/nsynth-valid/audio/keyboard_acoustic_004-057-050.wav,5305
keyboard_electronic_001-057-050,valid,keyboard,keyboard_electronic_001,57,middle,50,data/raw/nsynth/extracted/nsynth-valid/audio/keyboard_electronic_001-057-050.wav,5305
keyboard_electronic_002-057-050,valid,keyboard,keyboard_electronic_002,57,middle,50,data/raw/nsynth/extracted/nsynth-valid/audio/keyboard_electronic_002-057-050.wav,5305
keyboard_electronic_003-057-050,valid,keyboard,keyboard_electronic_003,57,middle,50,data/raw/nsynth/extracted/nsynth-valid/audio/keyboard_electronic_003-057-050.wav,5305
keyboard_electronic_078-057-050,valid,keyboard,keyboard_electronic_078,57,middle,50,data/raw/nsynth/extracted/nsynth-valid/audio/keyboard_electronic_078-057-050.wav,5305
keyboard_synthetic_000-057-050,valid,keyboard,keyboard_synthetic_000,57,middle,50,data/raw/nsynth/extracted/nsynth-valid/audio/keyboard_synthetic_000-057-050.wav,5305
keyboard_synthetic_000-057-075,valid,keyboard,keyboard_synthetic_000,57,middle,75,data/raw/nsynth/extracted/nsynth-valid/audio/keyboard_synthetic_000-057-075.wav,5305
keyboard_electronic_002-057-100,valid,keyboard,keyboard_electronic_002,57,middle,100,data/raw/nsynth/extracted/nsynth-valid/audio/keyboard_electronic_002-057-100.wav,5305
keyboard_electronic_098-057-100,valid,keyboard,keyboard_electronic_098,57,middle,100,data/raw/nsynth/extracted/nsynth-valid/audio/keyboard_electronic_098-057-100.wav,5305
keyboard_electronic_001-057-127,valid,keyboard,keyboard_electronic_001,57,middle,127,data/raw/nsynth/extracted/nsynth-valid/audio/keyboard_electronic_001-057-127.wav,5305
keyboard_electronic_003-057-127,valid,keyboard,keyboard_electronic_003,57,middle,127,data/raw/nsynth/extracted/nsynth-valid/audio/keyboard_electronic_003-057-127.wav,5305
keyboard_acoustic_004-058-025,valid,keyboard,keyboard_acoustic_004,58,middle,25,data/raw/nsynth/extracted/nsynth-valid/audio/keyboard_acoustic_004-058-025.wav,5305
keyboard_electronic_002-058-025,valid,keyboard,keyboard_electronic_002,58,middle,25,data/raw/nsynth/extracted/nsynth-valid/audio/keyboard_electronic_002-058-025.wav,5305
keyboard_acoustic_004-058-050,valid,keyboard,keyboard_acoustic_004,58,middle,50,data/raw/nsynth/extracted/nsynth-valid/audio/keyboard_acoustic_004-058-050.wav,5305
keyboard_electronic_001-058-050,valid,keyboard,keyboard_electronic_001,58,middle,50,data/raw/nsynth/extracted/nsynth-valid/audio/keyboard_electronic_001-058-050.wav,5305
keyboard_electronic_003-058-050,valid,keyboard,keyboard_electronic_003,58,middle,50,data/raw/nsynth/extracted/nsynth-valid/audio/keyboard_electronic_003-058-050.wav,5305
keyboard_electronic_098-058-050,valid,keyboard,keyboard_electronic_098,58,middle,50,data/raw/nsynth/extracted/nsynth-valid/audio/keyboard_electronic_098-058-050.wav,5305
keyboard_electronic_001-058-075,valid,keyboard,keyboard_electronic_001,58,middle,75,data/raw/nsynth/extracted/nsynth-valid/audio/keyboard_electronic_001-058-075.wav,5305
keyboard_electronic_003-058-075,valid,keyboard,keyboard_electronic_003,58,middle,75,data/raw/nsynth/extracted/nsynth-valid/audio/keyboard_electronic_003-058-075.wav,5305
keyboard_electronic_069-058-075,valid,keyboard,keyboard_electronic_069,58,middle,75,data/raw/nsynth/extracted/nsynth-valid/audio/keyboard_electronic_069-058-075.wav,5305
keyboard_electronic_078-058-075,valid,keyboard,keyboard_electronic_078,58,middle,75,data/raw/nsynth/extracted/nsynth-valid/audio/keyboard_electronic_078-058-075.wav,5305
keyboard_electronic_098-058-075,valid,keyboard,keyboard_electronic_098,58,middle,75,data/raw/nsynth/extracted/nsynth-valid/audio/keyboard_electronic_098-058-075.wav,5305
keyboard_synthetic_000-058-075,valid,keyboard,keyboard_synthetic_000,58,middle,75,data/raw/nsynth/extracted/nsynth-valid/audio/keyboard_synthetic_000-058-075.wav,5305
keyboard_electronic_001-058-100,valid,keyboard,keyboard_electronic_001,58,middle,100,data/raw/nsynth/extracted/nsynth-valid/audio/keyboard_electronic_001-058-100.wav,5305
keyboard_electronic_069-058-100,valid,keyboard,keyboard_electronic_069,58,middle,100,data/raw/nsynth/extracted/nsynth-valid/audio/keyboard_electronic_069-058-100.wav,5305
keyboard_electronic_078-058-100,valid,keyboard,keyboard_electronic_078,58,middle,100,data/raw/nsynth/extracted/nsynth-valid/audio/keyboard_electronic_078-058-100.wav,5305
keyboard_electronic_001-058-127,valid,keyboard,keyboard_electronic_001,58,middle,127,data/raw/nsynth/extracted/nsynth-valid/audio/keyboard_electronic_001-058-127.wav,5305
keyboard_electronic_002-058-127,valid,keyboard,keyboard_electronic_002,58,middle,127,data/raw/nsynth/extracted/nsynth-valid/audio/keyboard_electronic_002-058-127.wav,5305
keyboard_electronic_003-058-127,valid,keyboard,keyboard_electronic_003,58,middle,127,data/raw/nsynth/extracted/nsynth-valid/audio/keyboard_electronic_003-058-127.wav,5305
keyboard_electronic_069-058-127,valid,keyboard,keyboard_electronic_069,58,middle,127,data/raw/nsynth/extracted/nsynth-valid/audio/keyboard_electronic_069-058-127.wav,5305
keyboard_electronic_098-058-127,valid,keyboard,keyboard_electronic_098,58,middle,127,data/raw/nsynth/extracted/nsynth-valid/audio/keyboard_electronic_098-058-127.wav,5305
keyboard_electronic_001-059-025,valid,keyboard,keyboard_electronic_001,59,middle,25,data/raw/nsynth/extracted/nsynth-valid/audio/keyboard_electronic_001-059-025.wav,5305
keyboard_electronic_003-059-025,valid,keyboard,keyboard_electronic_003,59,middle,25,data/raw/nsynth/extracted/nsynth-valid/audio/keyboard_electronic_003-059-025.wav,5305
keyboard_electronic_069-059-025,valid,keyboard,keyboard_electronic_069,59,middle,25,data/raw/nsynth/extracted/nsynth-valid/audio/keyboard_electronic_069-059-025.wav,5305
keyboard_electronic_069-059-050,valid,keyboard,keyboard_electronic_069,59,middle,50,data/raw/nsynth/extracted/nsynth-valid/audio/keyboard_electronic_069-059-050.wav,5305
keyboard_electronic_078-059-050,valid,keyboard,keyboard_electronic_078,59,middle,50,data/raw/nsynth/extracted/nsynth-valid/audio/keyboard_electronic_078-059-050.wav,5305
keyboard_synthetic_000-059-050,valid,keyboard,keyboard_synthetic_000,59,middle,50,data/raw/nsynth/extracted/nsynth-valid/audio/keyboard_synthetic_000-059-050.wav,5305
keyboard_electronic_002-059-075,valid,keyboard,keyboard_electronic_002,59,middle,75,data/raw/nsynth/extracted/nsynth-valid/audio/keyboard_electronic_002-059-075.wav,5305
keyboard_electronic_003-059-075,valid,keyboard,keyboard_electronic_003,59,middle,75,data/raw/nsynth/extracted/nsynth-valid/audio/keyboard_electronic_003-059-075.wav,5305
keyboard_electronic_098-059-075,valid,keyboard,keyboard_electronic_098,59,middle,75,data/raw/nsynth/extracted/nsynth-valid/audio/keyboard_electronic_098-059-075.wav,5305
keyboard_synthetic_000-059-075,valid,keyboard,keyboard_synthetic_000,59,middle,75,data/raw/nsynth/extracted/nsynth-valid/audio/keyboard_synthetic_000-059-075.wav,5305
keyboard_acoustic_004-059-100,valid,keyboard,keyboard_acoustic_004,59,middle,100,data/raw/nsynth/extracted/nsynth-valid/audio/keyboard_acoustic_004-059-100.wav,5305
keyboard_electronic_001-059-100,valid,keyboard,keyboard_electronic_001,59,middle,100,data/raw/nsynth/extracted/nsynth-valid/audio/keyboard_electronic_001-059-100.wav,5305
keyboard_electronic_002-059-100,valid,keyboard,keyboard_electronic_002,59,middle,100,data/raw/nsynth/extracted/nsynth-valid/audio/keyboard_electronic_002-059-100.wav,5305
keyboard_electronic_003-059-100,valid,keyboard,keyboard_electronic_003,59,middle,100,data/raw/nsynth/extracted/nsynth-valid/audio/keyboard_electronic_003-059-100.wav,5305
keyboard_electronic_069-059-100,valid,keyboard,keyboard_electronic_069,59,middle,100,data/raw/nsynth/extracted/nsynth-valid/audio/keyboard_electronic_069-059-100.wav,5305
keyboard_synthetic_000-059-100,valid,keyboard,keyboard_synthetic_000,59,middle,100,data/raw/nsynth/extracted/nsynth-valid/audio/keyboard_synthetic_000-059-100.wav,5305
keyboard_electronic_001-059-127,valid,keyboard,keyboard_electronic_001,59,middle,127,data/raw/nsynth/extracted/nsynth-valid/audio/keyboard_electronic_001-059-127.wav,5305
keyboard_acoustic_004-060-025,valid,keyboard,keyboard_acoustic_004,60,middle,25,data/raw/nsynth/extracted/nsynth-valid/audio/keyboard_acoustic_004-060-025.wav,5305
keyboard_electronic_002-060-025,valid,keyboard,keyboard_electronic_002,60,middle,25,data/raw/nsynth/extracted/nsynth-valid/audio/keyboard_electronic_002-060-025.wav,5305
keyboard_electronic_069-060-025,valid,keyboard,keyboard_electronic_069,60,middle,25,data/raw/nsynth/extracted/nsynth-valid/audio/keyboard_electronic_069-060-025.wav,5305
keyboard_electronic_078-060-025,valid,keyboard,keyboard_electronic_078,60,middle,25,data/raw/nsynth/extracted/nsynth-valid/audio/keyboard_electronic_078-060-025.wav,5305
keyboard_acoustic_004-060-050,valid,keyboard,keyboard_acoustic_004,60,middle,50,data/raw/nsynth/extracted/nsynth-valid/audio/keyboard_acoustic_004-060-050.wav,5305
keyboard_electronic_001-060-050,valid,keyboard,keyboard_electronic_001,60,middle,50,data/raw/nsynth/extracted/nsynth-valid/audio/keyboard_electronic_001-060-050.wav,5305
keyboard_electronic_098-060-050,valid,keyboard,keyboard_electronic_098,60,middle,50,data/raw/nsynth/extracted/nsynth-valid/audio/keyboard_electronic_098-060-050.wav,5305
keyboard_electronic_002-060-075,valid,keyboard,keyboard_electronic_002,60,middle,75,data/raw/nsynth/extracted/nsynth-valid/audio/keyboard_electronic_002-060-075.wav,5305
keyboard_electronic_069-060-075,valid,keyboard,keyboard_electronic_069,60,middle,75,data/raw/nsynth/extracted/nsynth-valid/audio/keyboard_electronic_069-060-075.wav,5305
keyboard_synthetic_000-060-075,valid,keyboard,keyboard_synthetic_000,60,middle,75,data/raw/nsynth/extracted/nsynth-valid/audio/keyboard_synthetic_000-060-075.wav,5305
keyboard_electronic_001-060-100,valid,keyboard,keyboard_electronic_001,60,middle,100,data/raw/nsynth/extracted/nsynth-valid/audio/keyboard_electronic_001-060-100.wav,5305
keyboard_synthetic_000-060-100,valid,keyboard,keyboard_synthetic_000,60,middle,100,data/raw/nsynth/extracted/nsynth-valid/audio/keyboard_synthetic_000-060-100.wav,5305
keyboard_acoustic_004-060-127,valid,keyboard,keyboard_acoustic_004,60,middle,127,data/raw/nsynth/extracted/nsynth-valid/audio/keyboard_acoustic_004-060-127.wav,5305
keyboard_electronic_001-060-127,valid,keyboard,keyboard_electronic_001,60,middle,127,data/raw/nsynth/extracted/nsynth-valid/audio/keyboard_electronic_001-060-127.wav,5305
keyboard_electronic_069-060-127,valid,keyboard,keyboard_electronic_069,60,middle,127,data/raw/nsynth/extracted/nsynth-valid/audio/keyboard_electronic_069-060-127.wav,5305
keyboard_electronic_098-060-127,valid,keyboard,keyboard_electronic_098,60,middle,127,data/raw/nsynth/extracted/nsynth-valid/audio/keyboard_electronic_098-060-127.wav,5305
keyboard_electronic_001-061-025,valid,keyboard,keyboard_electronic_001,61,upper,25,data/raw/nsynth/extracted/nsynth-valid/audio/keyboard_electronic_001-061-025.wav,5305
keyboard_electronic_002-061-025,valid,keyboard,keyboard_electronic_002,61,upper,25,data/raw/nsynth/extracted/nsynth-valid/audio/keyboard_electronic_002-061-025.wav,5305
keyboard_synthetic_000-061-025,valid,keyboard,keyboard_synthetic_000,61,upper,25,data/raw/nsynth/extracted/nsynth-valid/audio/keyboard_synthetic_000-061-025.wav,5305
keyboard_electronic_003-061-050,valid,keyboard,keyboard_electronic_003,61,upper,50,data/raw/nsynth/extracted/nsynth-valid/audio/keyboard_electronic_003-061-050.wav,5305
keyboard_electronic_078-061-050,valid,keyboard,keyboard_electronic_078,61,upper,50,data/raw/nsynth/extracted/nsynth-valid/audio/keyboard_electronic_078-061-050.wav,5305
keyboard_electronic_098-061-050,valid,keyboard,keyboard_electronic_098,61,upper,50,data/raw/nsynth/extracted/nsynth-valid/audio/keyboard_electronic_098-061-050.wav,5305
keyboard_synthetic_000-061-075,valid,keyboard,keyboard_synthetic_000,61,upper,75,data/raw/nsynth/extracted/nsynth-valid/audio/keyboard_synthetic_000-061-075.wav,5305
keyboard_electronic_003-061-100,valid,keyboard,keyboard_electronic_003,61,upper,100,data/raw/nsynth/extracted/nsynth-valid/audio/keyboard_electronic_003-061-100.wav,5305
keyboard_electronic_078-061-100,valid,keyboard,keyboard_electronic_078,61,upper,100,data/raw/nsynth/extracted/nsynth-valid/audio/keyboard_electronic_078-061-100.wav,5305
keyboard_electronic_069-062-025,valid,keyboard,keyboard_electronic_069,62,upper,25,data/raw/nsynth/extracted/nsynth-valid/audio/keyboard_electronic_069-062-025.wav,5305
keyboard_synthetic_000-062-025,valid,keyboard,keyboard_synthetic_000,62,upper,25,data/raw/nsynth/extracted/nsynth-valid/audio/keyboard_synthetic_000-062-025.wav,5305
keyboard_acoustic_004-062-050,valid,keyboard,keyboard_acoustic_004,62,upper,50,data/raw/nsynth/extracted/nsynth-valid/audio/keyboard_acoustic_004-062-050.wav,5305
keyboard_electronic_003-062-050,valid,keyboard,keyboard_electronic_003,62,upper,50,data/raw/nsynth/extracted/nsynth-valid/audio/keyboard_electronic_003-062-050.wav,5305
keyboard_electronic_002-062-100,valid,keyboard,keyboard_electronic_002,62,upper,100,data/raw/nsynth/extracted/nsynth-valid/audio/keyboard_electronic_002-062-100.wav,5305
keyboard_electronic_069-062-100,valid,keyboard,keyboard_electronic_069,62,upper,100,data/raw/nsynth/extracted/nsynth-valid/audio/keyboard_electronic_069-062-100.wav,5305
keyboard_synthetic_000-062-127,valid,keyboard,keyboard_synthetic_000,62,upper,127,data/raw/nsynth/extracted/nsynth-valid/audio/keyboard_synthetic_000-062-127.wav,5305
keyboard_electronic_069-063-025,valid,keyboard,keyboard_electronic_069,63,upper,25,data/raw/nsynth/extracted/nsynth-valid/audio/keyboard_electronic_069-063-025.wav,5305
keyboard_electronic_098-063-025,valid,keyboard,keyboard_electronic_098,63,upper,25,data/raw/nsynth/extracted/nsynth-valid/audio/keyboard_electronic_098-063-025.wav,5305
keyboard_electronic_078-063-050,valid,keyboard,keyboard_electronic_078,63,upper,50,data/raw/nsynth/extracted/nsynth-valid/audio/keyboard_electronic_078-063-050.wav,5305
keyboard_electronic_069-063-075,valid,keyboard,keyboard_electronic_069,63,upper,75,data/raw/nsynth/extracted/nsynth-valid/audio/keyboard_electronic_069-063-075.wav,5305
keyboard_electronic_003-063-100,valid,keyboard,keyboard_electronic_003,63,upper,100,data/raw/nsynth/extracted/nsynth-valid/audio/keyboard_electronic_003-063-100.wav,5305
keyboard_electronic_078-063-100,valid,keyboard,keyboard_electronic_078,63,upper,100,data/raw/nsynth/extracted/nsynth-valid/audio/keyboard_electronic_078-063-100.wav,5305
keyboard_electronic_078-064-025,valid,keyboard,keyboard_electronic_078,64,upper,25,data/raw/nsynth/extracted/nsynth-valid/audio/keyboard_electronic_078-064-025.wav,5305
keyboard_electronic_069-064-050,valid,keyboard,keyboard_electronic_069,64,upper,50,data/raw/nsynth/extracted/nsynth-valid/audio/keyboard_electronic_069-064-050.wav,5305
keyboard_electronic_078-064-050,valid,keyboard,keyboard_electronic_078,64,upper,50,data/raw/nsynth/extracted/nsynth-valid/audio/keyboard_electronic_078-064-050.wav,5305
keyboard_electronic_098-064-050,valid,keyboard,keyboard_electronic_098,64,upper,50,data/raw/nsynth/extracted/nsynth-valid/audio/keyboard_electronic_098-064-050.wav,5305
keyboard_electronic_069-064-075,valid,keyboard,keyboard_electronic_069,64,upper,75,data/raw/nsynth/extracted/nsynth-valid/audio/keyboard_electronic_069-064-075.wav,5305
keyboard_acoustic_004-064-100,valid,keyboard,keyboard_acoustic_004,64,upper,100,data/raw/nsynth/extracted/nsynth-valid/audio/keyboard_acoustic_004-064-100.wav,5305
keyboard_electronic_069-064-100,valid,keyboard,keyboard_electronic_069,64,upper,100,data/raw/nsynth/extracted/nsynth-valid/audio/keyboard_electronic_069-064-100.wav,5305
keyboard_electronic_098-064-100,valid,keyboard,keyboard_electronic_098,64,upper,100,data/raw/nsynth/extracted/nsynth-valid/audio/keyboard_electronic_098-064-100.wav,5305
keyboard_synthetic_000-064-100,valid,keyboard,keyboard_synthetic_000,64,upper,100,data/raw/nsynth/extracted/nsynth-valid/audio/keyboard_synthetic_000-064-100.wav,5305
keyboard_acoustic_004-064-127,valid,keyboard,keyboard_acoustic_004,64,upper,127,data/raw/nsynth/extracted/nsynth-valid/audio/keyboard_acoustic_004-064-127.wav,5305
keyboard_electronic_001-064-127,valid,keyboard,keyboard_electronic_001,64,upper,127,data/raw/nsynth/extracted/nsynth-valid/audio/keyboard_electronic_001-064-127.wav,5305
keyboard_electronic_078-064-127,valid,keyboard,keyboard_electronic_078,64,upper,127,data/raw/nsynth/extracted/nsynth-valid/audio/keyboard_electronic_078-064-127.wav,5305
keyboard_electronic_078-065-025,valid,keyboard,keyboard_electronic_078,65,upper,25,data/raw/nsynth/extracted/nsynth-valid/audio/keyboard_electronic_078-065-025.wav,5305
keyboard_electronic_098-065-025,valid,keyboard,keyboard_electronic_098,65,upper,25,data/raw/nsynth/extracted/nsynth-valid/audio/keyboard_electronic_098-065-025.wav,5305
keyboard_electronic_002-065-050,valid,keyboard,keyboard_electronic_002,65,upper,50,data/raw/nsynth/extracted/nsynth-valid/audio/keyboard_electronic_002-065-050.wav,5305
keyboard_electronic_098-065-050,valid,keyboard,keyboard_electronic_098,65,upper,50,data/raw/nsynth/extracted/nsynth-valid/audio/keyboard_electronic_098-065-050.wav,5305
keyboard_electronic_001-065-075,valid,keyboard,keyboard_electronic_001,65,upper,75,data/raw/nsynth/extracted/nsynth-valid/audio/keyboard_electronic_001-065-075.wav,5305
keyboard_electronic_098-065-075,valid,keyboard,keyboard_electronic_098,65,upper,75,data/raw/nsynth/extracted/nsynth-valid/audio/keyboard_electronic_098-065-075.wav,5305
keyboard_synthetic_000-065-075,valid,keyboard,keyboard_synthetic_000,65,upper,75,data/raw/nsynth/extracted/nsynth-valid/audio/keyboard_synthetic_000-065-075.wav,5305
keyboard_electronic_001-066-025,valid,keyboard,keyboard_electronic_001,66,upper,25,data/raw/nsynth/extracted/nsynth-valid/audio/keyboard_electronic_001-066-025.wav,5305
keyboard_electronic_098-066-025,valid,keyboard,keyboard_electronic_098,66,upper,25,data/raw/nsynth/extracted/nsynth-valid/audio/keyboard_electronic_098-066-025.wav,5305
keyboard_electronic_078-066-050,valid,keyboard,keyboard_electronic_078,66,upper,50,data/raw/nsynth/extracted/nsynth-valid/audio/keyboard_electronic_078-066-050.wav,5305
keyboard_electronic_003-066-075,valid,keyboard,keyboard_electronic_003,66,upper,75,data/raw/nsynth/extracted/nsynth-valid/audio/keyboard_electronic_003-066-075.wav,5305
keyboard_acoustic_004-066-100,valid,keyboard,keyboard_acoustic_004,66,upper,100,data/raw/nsynth/extracted/nsynth-valid/audio/keyboard_acoustic_004-066-100.wav,5305
keyboard_electronic_001-066-100,valid,keyboard,keyboard_electronic_001,66,upper,100,data/raw/nsynth/extracted/nsynth-valid/audio/keyboard_electronic_001-066-100.wav,5305
keyboard_electronic_003-066-100,valid,keyboard,keyboard_electronic_003,66,upper,100,data/raw/nsynth/extracted/nsynth-valid/audio/keyboard_electronic_003-066-100.wav,5305
keyboard_acoustic_004-066-127,valid,keyboard,keyboard_acoustic_004,66,upper,127,data/raw/nsynth/extracted/nsynth-valid/audio/keyboard_acoustic_004-066-127.wav,5305
keyboard_electronic_002-066-127,valid,keyboard,keyboard_electronic_002,66,upper,127,data/raw/nsynth/extracted/nsynth-valid/audio/keyboard_electronic_002-066-127.wav,5305
keyboard_electronic_078-066-127,valid,keyboard,keyboard_electronic_078,66,upper,127,data/raw/nsynth/extracted/nsynth-valid/audio/keyboard_electronic_078-066-127.wav,5305
keyboard_electronic_098-066-127,valid,keyboard,keyboard_electronic_098,66,upper,127,data/raw/nsynth/extracted/nsynth-valid/audio/keyboard_electronic_098-066-127.wav,5305
keyboard_electronic_069-067-025,valid,keyboard,keyboard_electronic_069,67,upper,25,data/raw/nsynth/extracted/nsynth-valid/audio/keyboard_electronic_069-067-025.wav,5305
keyboard_electronic_078-067-025,valid,keyboard,keyboard_electronic_078,67,upper,25,data/raw/nsynth/extracted/nsynth-valid/audio/keyboard_electronic_078-067-025.wav,5305
keyboard_electronic_098-067-025,valid,keyboard,keyboard_electronic_098,67,upper,25,data/raw/nsynth/extracted/nsynth-valid/audio/keyboard_electronic_098-067-025.wav,5305
keyboard_synthetic_000-067-075,valid,keyboard,keyboard_synthetic_000,67,upper,75,data/raw/nsynth/extracted/nsynth-valid/audio/keyboard_synthetic_000-067-075.wav,5305
keyboard_electronic_069-067-127,valid,keyboard,keyboard_electronic_069,67,upper,127,data/raw/nsynth/extracted/nsynth-valid/audio/keyboard_electronic_069-067-127.wav,5305
keyboard_electronic_078-067-127,valid,keyboard,keyboard_electronic_078,67,upper,127,data/raw/nsynth/extracted/nsynth-valid/audio/keyboard_electronic_078-067-127.wav,5305
keyboard_acoustic_004-068-025,valid,keyboard,keyboard_acoustic_004,68,upper,25,data/raw/nsynth/extracted/nsynth-valid/audio/keyboard_acoustic_004-068-025.wav,5305
keyboard_electronic_078-068-025,valid,keyboard,keyboard_electronic_078,68,upper,25,data/raw/nsynth/extracted/nsynth-valid/audio/keyboard_electronic_078-068-025.wav,5305
keyboard_electronic_098-068-050,valid,keyboard,keyboard_electronic_098,68,upper,50,data/raw/nsynth/extracted/nsynth-valid/audio/keyboard_electronic_098-068-050.wav,5305
keyboard_synthetic_000-068-050,valid,keyboard,keyboard_synthetic_000,68,upper,50,data/raw/nsynth/extracted/nsynth-valid/audio/keyboard_synthetic_000-068-050.wav,5305
keyboard_electronic_002-068-075,valid,keyboard,keyboard_electronic_002,68,upper,75,data/raw/nsynth/extracted/nsynth-valid/audio/keyboard_electronic_002-068-075.wav,5305
keyboard_electronic_003-068-075,valid,keyboard,keyboard_electronic_003,68,upper,75,data/raw/nsynth/extracted/nsynth-valid/audio/keyboard_electronic_003-068-075.wav,5305
keyboard_electronic_069-068-075,valid,keyboard,keyboard_electronic_069,68,upper,75,data/raw/nsynth/extracted/nsynth-valid/audio/keyboard_electronic_069-068-075.wav,5305
keyboard_electronic_078-068-075,valid,keyboard,keyboard_electronic_078,68,upper,75,data/raw/nsynth/extracted/nsynth-valid/audio/keyboard_electronic_078-068-075.wav,5305
keyboard_electronic_078-068-100,valid,keyboard,keyboard_electronic_078,68,upper,100,data/raw/nsynth/extracted/nsynth-valid/audio/keyboard_electronic_078-068-100.wav,5305
keyboard_acoustic_004-068-127,valid,keyboard,keyboard_acoustic_004,68,upper,127,data/raw/nsynth/extracted/nsynth-valid/audio/keyboard_acoustic_004-068-127.wav,5305
keyboard_electronic_002-068-127,valid,keyboard,keyboard_electronic_002,68,upper,127,data/raw/nsynth/extracted/nsynth-valid/audio/keyboard_electronic_002-068-127.wav,5305
keyboard_electronic_078-068-127,valid,keyboard,keyboard_electronic_078,68,upper,127,data/raw/nsynth/extracted/nsynth-valid/audio/keyboard_electronic_078-068-127.wav,5305
keyboard_electronic_003-069-025,valid,keyboard,keyboard_electronic_003,69,upper,25,data/raw/nsynth/extracted/nsynth-valid/audio/keyboard_electronic_003-069-025.wav,5305
keyboard_synthetic_000-069-025,valid,keyboard,keyboard_synthetic_000,69,upper,25,data/raw/nsynth/extracted/nsynth-valid/audio/keyboard_synthetic_000-069-025.wav,5305
keyboard_acoustic_004-069-050,valid,keyboard,keyboard_acoustic_004,69,upper,50,data/raw/nsynth/extracted/nsynth-valid/audio/keyboard_acoustic_004-069-050.wav,5305
keyboard_electronic_001-069-050,valid,keyboard,keyboard_electronic_001,69,upper,50,data/raw/nsynth/extracted/nsynth-valid/audio/keyboard_electronic_001-069-050.wav,5305
keyboard_electronic_003-069-050,valid,keyboard,keyboard_electronic_003,69,upper,50,data/raw/nsynth/extracted/nsynth-valid/audio/keyboard_electronic_003-069-050.wav,5305
keyboard_synthetic_000-069-050,valid,keyboard,keyboard_synthetic_000,69,upper,50,data/raw/nsynth/extracted/nsynth-valid/audio/keyboard_synthetic_000-069-050.wav,5305
keyboard_electronic_002-069-075,valid,keyboard,keyboard_electronic_002,69,upper,75,data/raw/nsynth/extracted/nsynth-valid/audio/keyboard_electronic_002-069-075.wav,5305
keyboard_electronic_003-069-075,valid,keyboard,keyboard_electronic_003,69,upper,75,data/raw/nsynth/extracted/nsynth-valid/audio/keyboard_electronic_003-069-075.wav,5305
keyboard_synthetic_000-069-075,valid,keyboard,keyboard_synthetic_000,69,upper,75,data/raw/nsynth/extracted/nsynth-valid/audio/keyboard_synthetic_000-069-075.wav,5305
keyboard_electronic_098-069-127,valid,keyboard,keyboard_electronic_098,69,upper,127,data/raw/nsynth/extracted/nsynth-valid/audio/keyboard_electronic_098-069-127.wav,5305
organ_electronic_028-043-050,valid,organ,organ_electronic_028,43,lower,50,data/raw/nsynth/extracted/nsynth-valid/audio/organ_electronic_028-043-050.wav,5305
organ_electronic_057-043-050,valid,organ,organ_electronic_057,43,lower,50,data/raw/nsynth/extracted/nsynth-valid/audio/organ_electronic_057-043-050.wav,5305
organ_electronic_113-043-050,valid,organ,organ_electronic_113,43,lower,50,data/raw/nsynth/extracted/nsynth-valid/audio/organ_electronic_113-043-050.wav,5305
organ_electronic_057-043-075,valid,organ,organ_electronic_057,43,lower,75,data/raw/nsynth/extracted/nsynth-valid/audio/organ_electronic_057-043-075.wav,5305
organ_electronic_104-043-075,valid,organ,organ_electronic_104,43,lower,75,data/raw/nsynth/extracted/nsynth-valid/audio/organ_electronic_104-043-075.wav,5305
organ_electronic_001-043-100,valid,organ,organ_electronic_001,43,lower,100,data/raw/nsynth/extracted/nsynth-valid/audio/organ_electronic_001-043-100.wav,5305
organ_electronic_113-043-100,valid,organ,organ_electronic_113,43,lower,100,data/raw/nsynth/extracted/nsynth-valid/audio/organ_electronic_113-043-100.wav,5305
organ_electronic_028-043-127,valid,organ,organ_electronic_028,43,lower,127,data/raw/nsynth/extracted/nsynth-valid/audio/organ_electronic_028-043-127.wav,5305
organ_electronic_104-043-127,valid,organ,organ_electronic_104,43,lower,127,data/raw/nsynth/extracted/nsynth-valid/audio/organ_electronic_104-043-127.wav,5305
organ_electronic_113-043-127,valid,organ,organ_electronic_113,43,lower,127,data/raw/nsynth/extracted/nsynth-valid/audio/organ_electronic_113-043-127.wav,5305
organ_electronic_113-044-025,valid,organ,organ_electronic_113,44,lower,25,data/raw/nsynth/extracted/nsynth-valid/audio/organ_electronic_113-044-025.wav,5305
organ_electronic_001-044-075,valid,organ,organ_electronic_001,44,lower,75,data/raw/nsynth/extracted/nsynth-valid/audio/organ_electronic_001-044-075.wav,5305
organ_electronic_028-044-075,valid,organ,organ_electronic_028,44,lower,75,data/raw/nsynth/extracted/nsynth-valid/audio/organ_electronic_028-044-075.wav,5305
organ_electronic_057-044-075,valid,organ,organ_electronic_057,44,lower,75,data/raw/nsynth/extracted/nsynth-valid/audio/organ_electronic_057-044-075.wav,5305
organ_electronic_104-044-075,valid,organ,organ_electronic_104,44,lower,75,data/raw/nsynth/extracted/nsynth-valid/audio/organ_electronic_104-044-075.wav,5305
organ_electronic_001-044-100,valid,organ,organ_electronic_001,44,lower,100,data/raw/nsynth/extracted/nsynth-valid/audio/organ_electronic_001-044-100.wav,5305
organ_electronic_001-044-127,valid,organ,organ_electronic_001,44,lower,127,data/raw/nsynth/extracted/nsynth-valid/audio/organ_electronic_001-044-127.wav,5305
organ_electronic_007-045-025,valid,organ,organ_electronic_007,45,lower,25,data/raw/nsynth/extracted/nsynth-valid/audio/organ_electronic_007-045-025.wav,5305
organ_electronic_028-045-025,valid,organ,organ_electronic_028,45,lower,25,data/raw/nsynth/extracted/nsynth-valid/audio/organ_electronic_028-045-025.wav,5305
organ_electronic_007-045-050,valid,organ,organ_electronic_007,45,lower,50,data/raw/nsynth/extracted/nsynth-valid/audio/organ_electronic_007-045-050.wav,5305
organ_electronic_104-045-050,valid,organ,organ_electronic_104,45,lower,50,data/raw/nsynth/extracted/nsynth-valid/audio/organ_electronic_104-045-050.wav,5305
organ_electronic_007-045-075,valid,organ,organ_electronic_007,45,lower,75,data/raw/nsynth/extracted/nsynth-valid/audio/organ_electronic_007-045-075.wav,5305
organ_electronic_057-045-075,valid,organ,organ_electronic_057,45,lower,75,data/raw/nsynth/extracted/nsynth-valid/audio/organ_electronic_057-045-075.wav,5305
organ_electronic_113-045-075,valid,organ,organ_electronic_113,45,lower,75,data/raw/nsynth/extracted/nsynth-valid/audio/organ_electronic_113-045-075.wav,5305
organ_electronic_001-045-100,valid,organ,organ_electronic_001,45,lower,100,data/raw/nsynth/extracted/nsynth-valid/audio/organ_electronic_001-045-100.wav,5305
organ_electronic_113-045-100,valid,organ,organ_electronic_113,45,lower,100,data/raw/nsynth/extracted/nsynth-valid/audio/organ_electronic_113-045-100.wav,5305
organ_electronic_001-045-127,valid,organ,organ_electronic_001,45,lower,127,data/raw/nsynth/extracted/nsynth-valid/audio/organ_electronic_001-045-127.wav,5305
organ_electronic_028-045-127,valid,organ,organ_electronic_028,45,lower,127,data/raw/nsynth/extracted/nsynth-valid/audio/organ_electronic_028-045-127.wav,5305
organ_electronic_057-046-025,valid,organ,organ_electronic_057,46,lower,25,data/raw/nsynth/extracted/nsynth-valid/audio/organ_electronic_057-046-025.wav,5305
organ_electronic_104-046-025,valid,organ,organ_electronic_104,46,lower,25,data/raw/nsynth/extracted/nsynth-valid/audio/organ_electronic_104-046-025.wav,5305
organ_electronic_007-046-050,valid,organ,organ_electronic_007,46,lower,50,data/raw/nsynth/extracted/nsynth-valid/audio/organ_electronic_007-046-050.wav,5305
organ_electronic_028-046-050,valid,organ,organ_electronic_028,46,lower,50,data/raw/nsynth/extracted/nsynth-valid/audio/organ_electronic_028-046-050.wav,5305
organ_electronic_057-046-050,valid,organ,organ_electronic_057,46,lower,50,data/raw/nsynth/extracted/nsynth-valid/audio/organ_electronic_057-046-050.wav,5305
organ_electronic_104-046-050,valid,organ,organ_electronic_104,46,lower,50,data/raw/nsynth/extracted/nsynth-valid/audio/organ_electronic_104-046-050.wav,5305
organ_electronic_001-046-075,valid,organ,organ_electronic_001,46,lower,75,data/raw/nsynth/extracted/nsynth-valid/audio/organ_electronic_001-046-075.wav,5305
organ_electronic_028-046-075,valid,organ,organ_electronic_028,46,lower,75,data/raw/nsynth/extracted/nsynth-valid/audio/organ_electronic_028-046-075.wav,5305
organ_electronic_104-046-075,valid,organ,organ_electronic_104,46,lower,75,data/raw/nsynth/extracted/nsynth-valid/audio/organ_electronic_104-046-075.wav,5305
organ_electronic_028-046-100,valid,organ,organ_electronic_028,46,lower,100,data/raw/nsynth/extracted/nsynth-valid/audio/organ_electronic_028-046-100.wav,5305
organ_electronic_057-046-100,valid,organ,organ_electronic_057,46,lower,100,data/raw/nsynth/extracted/nsynth-valid/audio/organ_electronic_057-046-100.wav,5305
organ_electronic_028-046-127,valid,organ,organ_electronic_028,46,lower,127,data/raw/nsynth/extracted/nsynth-valid/audio/organ_electronic_028-046-127.wav,5305
organ_electronic_057-046-127,valid,organ,organ_electronic_057,46,lower,127,data/raw/nsynth/extracted/nsynth-valid/audio/organ_electronic_057-046-127.wav,5305
organ_electronic_001-047-025,valid,organ,organ_electronic_001,47,lower,25,data/raw/nsynth/extracted/nsynth-valid/audio/organ_electronic_001-047-025.wav,5305
organ_electronic_057-047-025,valid,organ,organ_electronic_057,47,lower,25,data/raw/nsynth/extracted/nsynth-valid/audio/organ_electronic_057-047-025.wav,5305
organ_electronic_028-047-050,valid,organ,organ_electronic_028,47,lower,50,data/raw/nsynth/extracted/nsynth-valid/audio/organ_electronic_028-047-050.wav,5305
organ_electronic_057-047-050,valid,organ,organ_electronic_057,47,lower,50,data/raw/nsynth/extracted/nsynth-valid/audio/organ_electronic_057-047-050.wav,5305
organ_electronic_007-047-075,valid,organ,organ_electronic_007,47,lower,75,data/raw/nsynth/extracted/nsynth-valid/audio/organ_electronic_007-047-075.wav,5305
organ_electronic_057-047-075,valid,organ,organ_electronic_057,47,lower,75,data/raw/nsynth/extracted/nsynth-valid/audio/organ_electronic_057-047-075.wav,5305
organ_electronic_001-047-100,valid,organ,organ_electronic_001,47,lower,100,data/raw/nsynth/extracted/nsynth-valid/audio/organ_electronic_001-047-100.wav,5305
organ_electronic_113-047-100,valid,organ,organ_electronic_113,47,lower,100,data/raw/nsynth/extracted/nsynth-valid/audio/organ_electronic_113-047-100.wav,5305
organ_electronic_001-047-127,valid,organ,organ_electronic_001,47,lower,127,data/raw/nsynth/extracted/nsynth-valid/audio/organ_electronic_001-047-127.wav,5305
organ_electronic_007-047-127,valid,organ,organ_electronic_007,47,lower,127,data/raw/nsynth/extracted/nsynth-valid/audio/organ_electronic_007-047-127.wav,5305
organ_electronic_104-047-127,valid,organ,organ_electronic_104,47,lower,127,data/raw/nsynth/extracted/nsynth-valid/audio/organ_electronic_104-047-127.wav,5305
organ_electronic_001-048-025,valid,organ,organ_electronic_001,48,lower,25,data/raw/nsynth/extracted/nsynth-valid/audio/organ_electronic_001-048-025.wav,5305
organ_electronic_104-048-025,valid,organ,organ_electronic_104,48,lower,25,data/raw/nsynth/extracted/nsynth-valid/audio/organ_electronic_104-048-025.wav,5305
organ_electronic_007-048-050,valid,organ,organ_electronic_007,48,lower,50,data/raw/nsynth/extracted/nsynth-valid/audio/organ_electronic_007-048-050.wav,5305
organ_electronic_057-048-050,valid,organ,organ_electronic_057,48,lower,50,data/raw/nsynth/extracted/nsynth-valid/audio/organ_electronic_057-048-050.wav,5305
organ_electronic_104-048-050,valid,organ,organ_electronic_104,48,lower,50,data/raw/nsynth/extracted/nsynth-valid/audio/organ_electronic_104-048-050.wav,5305
organ_electronic_028-048-075,valid,organ,organ_electronic_028,48,lower,75,data/raw/nsynth/extracted/nsynth-valid/audio/organ_electronic_028-048-075.wav,5305
organ_electronic_001-048-100,valid,organ,organ_electronic_001,48,lower,100,data/raw/nsynth/extracted/nsynth-valid/audio/organ_electronic_001-048-100.wav,5305
organ_electronic_104-048-100,valid,organ,organ_electronic_104,48,lower,100,data/raw/nsynth/extracted/nsynth-valid/audio/organ_electronic_104-048-100.wav,5305
organ_electronic_113-048-100,valid,organ,organ_electronic_113,48,lower,100,data/raw/nsynth/extracted/nsynth-valid/audio/organ_electronic_113-048-100.wav,5305
organ_electronic_057-048-127,valid,organ,organ_electronic_057,48,lower,127,data/raw/nsynth/extracted/nsynth-valid/audio/organ_electronic_057-048-127.wav,5305
organ_electronic_001-049-025,valid,organ,organ_electronic_001,49,lower,25,data/raw/nsynth/extracted/nsynth-valid/audio/organ_electronic_001-049-025.wav,5305
organ_electronic_007-049-025,valid,organ,organ_electronic_007,49,lower,25,data/raw/nsynth/extracted/nsynth-valid/audio/organ_electronic_007-049-025.wav,5305
organ_electronic_113-049-025,valid,organ,organ_electronic_113,49,lower,25,data/raw/nsynth/extracted/nsynth-valid/audio/organ_electronic_113-049-025.wav,5305
organ_electronic_007-049-050,valid,organ,organ_electronic_007,49,lower,50,data/raw/nsynth/extracted/nsynth-valid/audio/organ_electronic_007-049-050.wav,5305
organ_electronic_028-049-050,valid,organ,organ_electronic_028,49,lower,50,data/raw/nsynth/extracted/nsynth-valid/audio/organ_electronic_028-049-050.wav,5305
organ_electronic_113-049-050,valid,organ,organ_electronic_113,49,lower,50,data/raw/nsynth/extracted/nsynth-valid/audio/organ_electronic_113-049-050.wav,5305
organ_electronic_028-049-075,valid,organ,organ_electronic_028,49,lower,75,data/raw/nsynth/extracted/nsynth-valid/audio/organ_electronic_028-049-075.wav,5305
organ_electronic_057-049-075,valid,organ,organ_electronic_057,49,lower,75,data/raw/nsynth/extracted/nsynth-valid/audio/organ_electronic_057-049-075.wav,5305
organ_electronic_057-049-100,valid,organ,organ_electronic_057,49,lower,100,data/raw/nsynth/extracted/nsynth-valid/audio/organ_electronic_057-049-100.wav,5305
organ_electronic_113-049-100,valid,organ,organ_electronic_113,49,lower,100,data/raw/nsynth/extracted/nsynth-valid/audio/organ_electronic_113-049-100.wav,5305
organ_electronic_028-049-127,valid,organ,organ_electronic_028,49,lower,127,data/raw/nsynth/extracted/nsynth-valid/audio/organ_electronic_028-049-127.wav,5305
organ_electronic_057-049-127,valid,organ,organ_electronic_057,49,lower,127,data/raw/nsynth/extracted/nsynth-valid/audio/organ_electronic_057-049-127.wav,5305
organ_electronic_113-050-025,valid,organ,organ_electronic_113,50,lower,25,data/raw/nsynth/extracted/nsynth-valid/audio/organ_electronic_113-050-025.wav,5305
organ_electronic_028-050-050,valid,organ,organ_electronic_028,50,lower,50,data/raw/nsynth/extracted/nsynth-valid/audio/organ_electronic_028-050-050.wav,5305
organ_electronic_057-050-050,valid,organ,organ_electronic_057,50,lower,50,data/raw/nsynth/extracted/nsynth-valid/audio/organ_electronic_057-050-050.wav,5305
organ_electronic_001-050-075,valid,organ,organ_electronic_001,50,lower,75,data/raw/nsynth/extracted/nsynth-valid/audio/organ_electronic_001-050-075.wav,5305
organ_electronic_007-050-075,valid,organ,organ_electronic_007,50,lower,75,data/raw/nsynth/extracted/nsynth-valid/audio/organ_electronic_007-050-075.wav,5305
organ_electronic_113-050-075,valid,organ,organ_electronic_113,50,lower,75,data/raw/nsynth/extracted/nsynth-valid/audio/organ_electronic_113-050-075.wav,5305
organ_electronic_001-050-127,valid,organ,organ_electronic_001,50,lower,127,data/raw/nsynth/extracted/nsynth-valid/audio/organ_electronic_001-050-127.wav,5305
organ_electronic_007-050-127,valid,organ,organ_electronic_007,50,lower,127,data/raw/nsynth/extracted/nsynth-valid/audio/organ_electronic_007-050-127.wav,5305
organ_electronic_104-050-127,valid,organ,organ_electronic_104,50,lower,127,data/raw/nsynth/extracted/nsynth-valid/audio/organ_electronic_104-050-127.wav,5305
organ_electronic_001-051-025,valid,organ,organ_electronic_001,51,lower,25,data/raw/nsynth/extracted/nsynth-valid/audio/organ_electronic_001-051-025.wav,5305
organ_electronic_007-051-025,valid,organ,organ_electronic_007,51,lower,25,data/raw/nsynth/extracted/nsynth-valid/audio/organ_electronic_007-051-025.wav,5305
organ_electronic_057-051-025,valid,organ,organ_electronic_057,51,lower,25,data/raw/nsynth/extracted/nsynth-valid/audio/organ_electronic_057-051-025.wav,5305
organ_electronic_104-051-025,valid,organ,organ_electronic_104,51,lower,25,data/raw/nsynth/extracted/nsynth-valid/audio/organ_electronic_104-051-025.wav,5305
organ_electronic_113-051-025,valid,organ,organ_electronic_113,51,lower,25,data/raw/nsynth/extracted/nsynth-valid/audio/organ_electronic_113-051-025.wav,5305
organ_electronic_001-051-050,valid,organ,organ_electronic_001,51,lower,50,data/raw/nsynth/extracted/nsynth-valid/audio/organ_electronic_001-051-050.wav,5305
organ_electronic_028-051-050,valid,organ,organ_electronic_028,51,lower,50,data/raw/nsynth/extracted/nsynth-valid/audio/organ_electronic_028-051-050.wav,5305
organ_electronic_007-051-075,valid,organ,organ_electronic_007,51,lower,75,data/raw/nsynth/extracted/nsynth-valid/audio/organ_electronic_007-051-075.wav,5305
organ_electronic_007-051-100,valid,organ,organ_electronic_007,51,lower,100,data/raw/nsynth/extracted/nsynth-valid/audio/organ_electronic_007-051-100.wav,5305
organ_electronic_028-051-100,valid,organ,organ_electronic_028,51,lower,100,data/raw/nsynth/extracted/nsynth-valid/audio/organ_electronic_028-051-100.wav,5305
organ_electronic_057-051-100,valid,organ,organ_electronic_057,51,lower,100,data/raw/nsynth/extracted/nsynth-valid/audio/organ_electronic_057-051-100.wav,5305
organ_electronic_113-051-100,valid,organ,organ_electronic_113,51,lower,100,data/raw/nsynth/extracted/nsynth-valid/audio/organ_electronic_113-051-100.wav,5305
organ_electronic_001-051-127,valid,organ,organ_electronic_001,51,lower,127,data/raw/nsynth/extracted/nsynth-valid/audio/organ_electronic_001-051-127.wav,5305
organ_electronic_028-051-127,valid,organ,organ_electronic_028,51,lower,127,data/raw/nsynth/extracted/nsynth-valid/audio/organ_electronic_028-051-127.wav,5305
organ_electronic_057-051-127,valid,organ,organ_electronic_057,51,lower,127,data/raw/nsynth/extracted/nsynth-valid/audio/organ_electronic_057-051-127.wav,5305
organ_electronic_104-051-127,valid,organ,organ_electronic_104,51,lower,127,data/raw/nsynth/extracted/nsynth-valid/audio/organ_electronic_104-051-127.wav,5305
organ_electronic_001-052-025,valid,organ,organ_electronic_001,52,middle,25,data/raw/nsynth/extracted/nsynth-valid/audio/organ_electronic_001-052-025.wav,5305
organ_electronic_028-052-025,valid,organ,organ_electronic_028,52,middle,25,data/raw/nsynth/extracted/nsynth-valid/audio/organ_electronic_028-052-025.wav,5305
organ_electronic_057-052-025,valid,organ,organ_electronic_057,52,middle,25,data/raw/nsynth/extracted/nsynth-valid/audio/organ_electronic_057-052-025.wav,5305
organ_electronic_104-052-025,valid,organ,organ_electronic_104,52,middle,25,data/raw/nsynth/extracted/nsynth-valid/audio/organ_electronic_104-052-025.wav,5305
organ_electronic_007-052-050,valid,organ,organ_electronic_007,52,middle,50,data/raw/nsynth/extracted/nsynth-valid/audio/organ_electronic_007-052-050.wav,5305
organ_electronic_113-052-050,valid,organ,organ_electronic_113,52,middle,50,data/raw/nsynth/extracted/nsynth-valid/audio/organ_electronic_113-052-050.wav,5305
organ_electronic_001-052-075,valid,organ,organ_electronic_001,52,middle,75,data/raw/nsynth/extracted/nsynth-valid/audio/organ_electronic_001-052-075.wav,5305
organ_electronic_113-052-075,valid,organ,organ_electronic_113,52,middle,75,data/raw/nsynth/extracted/nsynth-valid/audio/organ_electronic_113-052-075.wav,5305
organ_electronic_001-052-100,valid,organ,organ_electronic_001,52,middle,100,data/raw/nsynth/extracted/nsynth-valid/audio/organ_electronic_001-052-100.wav,5305
organ_electronic_007-052-100,valid,organ,organ_electronic_007,52,middle,100,data/raw/nsynth/extracted/nsynth-valid/audio/organ_electronic_007-052-100.wav,5305
organ_electronic_028-052-100,valid,organ,organ_electronic_028,52,middle,100,data/raw/nsynth/extracted/nsynth-valid/audio/organ_electronic_028-052-100.wav,5305
organ_electronic_001-052-127,valid,organ,organ_electronic_001,52,middle,127,data/raw/nsynth/extracted/nsynth-valid/audio/organ_electronic_001-052-127.wav,5305
organ_electronic_007-052-127,valid,organ,organ_electronic_007,52,middle,127,data/raw/nsynth/extracted/nsynth-valid/audio/organ_electronic_007-052-127.wav,5305
organ_electronic_057-052-127,valid,organ,organ_electronic_057,52,middle,127,data/raw/nsynth/extracted/nsynth-valid/audio/organ_electronic_057-052-127.wav,5305
organ_electronic_104-052-127,valid,organ,organ_electronic_104,52,middle,127,data/raw/nsynth/extracted/nsynth-valid/audio/organ_electronic_104-052-127.wav,5305
organ_electronic_007-053-025,valid,organ,organ_electronic_007,53,middle,25,data/raw/nsynth/extracted/nsynth-valid/audio/organ_electronic_007-053-025.wav,5305
organ_electronic_028-053-025,valid,organ,organ_electronic_028,53,middle,25,data/raw/nsynth/extracted/nsynth-valid/audio/organ_electronic_028-053-025.wav,5305
organ_electronic_104-053-025,valid,organ,organ_electronic_104,53,middle,25,data/raw/nsynth/extracted/nsynth-valid/audio/organ_electronic_104-053-025.wav,5305
organ_electronic_001-053-050,valid,organ,organ_electronic_001,53,middle,50,data/raw/nsynth/extracted/nsynth-valid/audio/organ_electronic_001-053-050.wav,5305
organ_electronic_028-053-050,valid,organ,organ_electronic_028,53,middle,50,data/raw/nsynth/extracted/nsynth-valid/audio/organ_electronic_028-053-050.wav,5305
organ_electronic_057-053-050,valid,organ,organ_electronic_057,53,middle,50,data/raw/nsynth/extracted/nsynth-valid/audio/organ_electronic_057-053-050.wav,5305
organ_electronic_104-053-050,valid,organ,organ_electronic_104,53,middle,50,data/raw/nsynth/extracted/nsynth-valid/audio/organ_electronic_104-053-050.wav,5305
organ_electronic_007-053-075,valid,organ,organ_electronic_007,53,middle,75,data/raw/nsynth/extracted/nsynth-valid/audio/organ_electronic_007-053-075.wav,5305
organ_electronic_028-053-075,valid,organ,organ_electronic_028,53,middle,75,data/raw/nsynth/extracted/nsynth-valid/audio/organ_electronic_028-053-075.wav,5305
organ_electronic_057-053-075,valid,organ,organ_electronic_057,53,middle,75,data/raw/nsynth/extracted/nsynth-valid/audio/organ_electronic_057-053-075.wav,5305
organ_electronic_113-053-075,valid,organ,organ_electronic_113,53,middle,75,data/raw/nsynth/extracted/nsynth-valid/audio/organ_electronic_113-053-075.wav,5305
organ_electronic_007-053-100,valid,organ,organ_electronic_007,53,middle,100,data/raw/nsynth/extracted/nsynth-valid/audio/organ_electronic_007-053-100.wav,5305
organ_electronic_113-053-100,valid,organ,organ_electronic_113,53,middle,100,data/raw/nsynth/extracted/nsynth-valid/audio/organ_electronic_113-053-100.wav,5305
organ_electronic_001-053-127,valid,organ,organ_electronic_001,53,middle,127,data/raw/nsynth/extracted/nsynth-valid/audio/organ_electronic_001-053-127.wav,5305
organ_electronic_028-053-127,valid,organ,organ_electronic_028,53,middle,127,data/raw/nsynth/extracted/nsynth-valid/audio/organ_electronic_028-053-127.wav,5305
organ_electronic_057-053-127,valid,organ,organ_electronic_057,53,middle,127,data/raw/nsynth/extracted/nsynth-valid/audio/organ_electronic_057-053-127.wav,5305
organ_electronic_104-053-127,valid,organ,organ_electronic_104,53,middle,127,data/raw/nsynth/extracted/nsynth-valid/audio/organ_electronic_104-053-127.wav,5305
organ_electronic_001-054-025,valid,organ,organ_electronic_001,54,middle,25,data/raw/nsynth/extracted/nsynth-valid/audio/organ_electronic_001-054-025.wav,5305
organ_electronic_007-054-025,valid,organ,organ_electronic_007,54,middle,25,data/raw/nsynth/extracted/nsynth-valid/audio/organ_electronic_007-054-025.wav,5305
organ_electronic_028-054-025,valid,organ,organ_electronic_028,54,middle,25,data/raw/nsynth/extracted/nsynth-valid/audio/organ_electronic_028-054-025.wav,5305
organ_electronic_057-054-025,valid,organ,organ_electronic_057,54,middle,25,data/raw/nsynth/extracted/nsynth-valid/audio/organ_electronic_057-054-025.wav,5305
organ_electronic_104-054-025,valid,organ,organ_electronic_104,54,middle,25,data/raw/nsynth/extracted/nsynth-valid/audio/organ_electronic_104-054-025.wav,5305
organ_electronic_001-054-050,valid,organ,organ_electronic_001,54,middle,50,data/raw/nsynth/extracted/nsynth-valid/audio/organ_electronic_001-054-050.wav,5305
organ_electronic_007-054-050,valid,organ,organ_electronic_007,54,middle,50,data/raw/nsynth/extracted/nsynth-valid/audio/organ_electronic_007-054-050.wav,5305
organ_electronic_113-054-050,valid,organ,organ_electronic_113,54,middle,50,data/raw/nsynth/extracted/nsynth-valid/audio/organ_electronic_113-054-050.wav,5305
organ_electronic_001-054-075,valid,organ,organ_electronic_001,54,middle,75,data/raw/nsynth/extracted/nsynth-valid/audio/organ_electronic_001-054-075.wav,5305
organ_electronic_007-054-075,valid,organ,organ_electronic_007,54,middle,75,data/raw/nsynth/extracted/nsynth-valid/audio/organ_electronic_007-054-075.wav,5305
organ_electronic_028-054-075,valid,organ,organ_electronic_028,54,middle,75,data/raw/nsynth/extracted/nsynth-valid/audio/organ_electronic_028-054-075.wav,5305
organ_electronic_057-054-075,valid,organ,organ_electronic_057,54,middle,75,data/raw/nsynth/extracted/nsynth-valid/audio/organ_electronic_057-054-075.wav,5305
organ_electronic_104-054-075,valid,organ,organ_electronic_104,54,middle,75,data/raw/nsynth/extracted/nsynth-valid/audio/organ_electronic_104-054-075.wav,5305
organ_electronic_028-054-100,valid,organ,organ_electronic_028,54,middle,100,data/raw/nsynth/extracted/nsynth-valid/audio/organ_electronic_028-054-100.wav,5305
organ_electronic_104-054-100,valid,organ,organ_electronic_104,54,middle,100,data/raw/nsynth/extracted/nsynth-valid/audio/organ_electronic_104-054-100.wav,5305
organ_electronic_001-054-127,valid,organ,organ_electronic_001,54,middle,127,data/raw/nsynth/extracted/nsynth-valid/audio/organ_electronic_001-054-127.wav,5305
organ_electronic_007-054-127,valid,organ,organ_electronic_007,54,middle,127,data/raw/nsynth/extracted/nsynth-valid/audio/organ_electronic_007-054-127.wav,5305
organ_electronic_028-054-127,valid,organ,organ_electronic_028,54,middle,127,data/raw/nsynth/extracted/nsynth-valid/audio/organ_electronic_028-054-127.wav,5305
organ_electronic_057-054-127,valid,organ,organ_electronic_057,54,middle,127,data/raw/nsynth/extracted/nsynth-valid/audio/organ_electronic_057-054-127.wav,5305
organ_electronic_104-054-127,valid,organ,organ_electronic_104,54,middle,127,data/raw/nsynth/extracted/nsynth-valid/audio/organ_electronic_104-054-127.wav,5305
organ_electronic_007-055-025,valid,organ,organ_electronic_007,55,middle,25,data/raw/nsynth/extracted/nsynth-valid/audio/organ_electronic_007-055-025.wav,5305
organ_electronic_057-055-025,valid,organ,organ_electronic_057,55,middle,25,data/raw/nsynth/extracted/nsynth-valid/audio/organ_electronic_057-055-025.wav,5305
organ_electronic_001-055-050,valid,organ,organ_electronic_001,55,middle,50,data/raw/nsynth/extracted/nsynth-valid/audio/organ_electronic_001-055-050.wav,5305
organ_electronic_028-055-050,valid,organ,organ_electronic_028,55,middle,50,data/raw/nsynth/extracted/nsynth-valid/audio/organ_electronic_028-055-050.wav,5305
organ_electronic_104-055-050,valid,organ,organ_electronic_104,55,middle,50,data/raw/nsynth/extracted/nsynth-valid/audio/organ_electronic_104-055-050.wav,5305
organ_electronic_001-055-075,valid,organ,organ_electronic_001,55,middle,75,data/raw/nsynth/extracted/nsynth-valid/audio/organ_electronic_001-055-075.wav,5305
organ_electronic_028-055-075,valid,organ,organ_electronic_028,55,middle,75,data/raw/nsynth/extracted/nsynth-valid/audio/organ_electronic_028-055-075.wav,5305
organ_electronic_007-055-100,valid,organ,organ_electronic_007,55,middle,100,data/raw/nsynth/extracted/nsynth-valid/audio/organ_electronic_007-055-100.wav,5305
organ_electronic_057-055-100,valid,organ,organ_electronic_057,55,middle,100,data/raw/nsynth/extracted/nsynth-valid/audio/organ_electronic_057-055-100.wav,5305
organ_electronic_113-055-100,valid,organ,organ_electronic_113,55,middle,100,data/raw/nsynth/extracted/nsynth-valid/audio/organ_electronic_113-055-100.wav,5305
organ_electronic_007-055-127,valid,organ,organ_electronic_007,55,middle,127,data/raw/nsynth/extracted/nsynth-valid/audio/organ_electronic_007-055-127.wav,5305
organ_electronic_028-055-127,valid,organ,organ_electronic_028,55,middle,127,data/raw/nsynth/extracted/nsynth-valid/audio/organ_electronic_028-055-127.wav,5305
organ_electronic_057-055-127,valid,organ,organ_electronic_057,55,middle,127,data/raw/nsynth/extracted/nsynth-valid/audio/organ_electronic_057-055-127.wav,5305
organ_electronic_104-055-127,valid,organ,organ_electronic_104,55,middle,127,data/raw/nsynth/extracted/nsynth-valid/audio/organ_electronic_104-055-127.wav,5305
organ_electronic_007-056-025,valid,organ,organ_electronic_007,56,middle,25,data/raw/nsynth/extracted/nsynth-valid/audio/organ_electronic_007-056-025.wav,5305
organ_electronic_028-056-025,valid,organ,organ_electronic_028,56,middle,25,data/raw/nsynth/extracted/nsynth-valid/audio/organ_electronic_028-056-025.wav,5305
organ_electronic_104-056-025,valid,organ,organ_electronic_104,56,middle,25,data/raw/nsynth/extracted/nsynth-valid/audio/organ_electronic_104-056-025.wav,5305
organ_electronic_001-056-050,valid,organ,organ_electronic_001,56,middle,50,data/raw/nsynth/extracted/nsynth-valid/audio/organ_electronic_001-056-050.wav,5305
organ_electronic_028-056-050,valid,organ,organ_electronic_028,56,middle,50,data/raw/nsynth/extracted/nsynth-valid/audio/organ_electronic_028-056-050.wav,5305
organ_electronic_057-056-050,valid,organ,organ_electronic_057,56,middle,50,data/raw/nsynth/extracted/nsynth-valid/audio/organ_electronic_057-056-050.wav,5305
organ_electronic_104-056-050,valid,organ,organ_electronic_104,56,middle,50,data/raw/nsynth/extracted/nsynth-valid/audio/organ_electronic_104-056-050.wav,5305
organ_electronic_001-056-075,valid,organ,organ_electronic_001,56,middle,75,data/raw/nsynth/extracted/nsynth-valid/audio/organ_electronic_001-056-075.wav,5305
organ_electronic_113-056-075,valid,organ,organ_electronic_113,56,middle,75,data/raw/nsynth/extracted/nsynth-valid/audio/organ_electronic_113-056-075.wav,5305
organ_electronic_001-056-127,valid,organ,organ_electronic_001,56,middle,127,data/raw/nsynth/extracted/nsynth-valid/audio/organ_electronic_001-056-127.wav,5305
organ_electronic_104-056-127,valid,organ,organ_electronic_104,56,middle,127,data/raw/nsynth/extracted/nsynth-valid/audio/organ_electronic_104-056-127.wav,5305
organ_electronic_113-056-127,valid,organ,organ_electronic_113,56,middle,127,data/raw/nsynth/extracted/nsynth-valid/audio/organ_electronic_113-056-127.wav,5305
organ_electronic_028-057-025,valid,organ,organ_electronic_028,57,middle,25,data/raw/nsynth/extracted/nsynth-valid/audio/organ_electronic_028-057-025.wav,5305
organ_electronic_057-057-025,valid,organ,organ_electronic_057,57,middle,25,data/raw/nsynth/extracted/nsynth-valid/audio/organ_electronic_057-057-025.wav,5305
organ_electronic_113-057-025,valid,organ,organ_electronic_113,57,middle,25,data/raw/nsynth/extracted/nsynth-valid/audio/organ_electronic_113-057-025.wav,5305
organ_electronic_007-057-050,valid,organ,organ_electronic_007,57,middle,50,data/raw/nsynth/extracted/nsynth-valid/audio/organ_electronic_007-057-050.wav,5305
organ_electronic_028-057-050,valid,organ,organ_electronic_028,57,middle,50,data/raw/nsynth/extracted/nsynth-valid/audio/organ_electronic_028-057-050.wav,5305
organ_electronic_104-057-050,valid,organ,organ_electronic_104,57,middle,50,data/raw/nsynth/extracted/nsynth-valid/audio/organ_electronic_104-057-050.wav,5305
organ_electronic_028-057-075,valid,organ,organ_electronic_028,57,middle,75,data/raw/nsynth/extracted/nsynth-valid/audio/organ_electronic_028-057-075.wav,5305
organ_electronic_057-057-075,valid,organ,organ_electronic_057,57,middle,75,data/raw/nsynth/extracted/nsynth-valid/audio/organ_electronic_057-057-075.wav,5305
organ_electronic_104-057-075,valid,organ,organ_electronic_104,57,middle,75,data/raw/nsynth/extracted/nsynth-valid/audio/organ_electronic_104-057-075.wav,5305
organ_electronic_001-057-100,valid,organ,organ_electronic_001,57,middle,100,data/raw/nsynth/extracted/nsynth-valid/audio/organ_electronic_001-057-100.wav,5305
organ_electronic_007-057-100,valid,organ,organ_electronic_007,57,middle,100,data/raw/nsynth/extracted/nsynth-valid/audio/organ_electronic_007-057-100.wav,5305
organ_electronic_028-057-100,valid,organ,organ_electronic_028,57,middle,100,data/raw/nsynth/extracted/nsynth-valid/audio/organ_electronic_028-057-100.wav,5305
organ_electronic_057-057-100,valid,organ,organ_electronic_057,57,middle,100,data/raw/nsynth/extracted/nsynth-valid/audio/organ_electronic_057-057-100.wav,5305
organ_electronic_113-057-100,valid,organ,organ_electronic_113,57,middle,100,data/raw/nsynth/extracted/nsynth-valid/audio/organ_electronic_113-057-100.wav,5305
organ_electronic_001-057-127,valid,organ,organ_electronic_001,57,middle,127,data/raw/nsynth/extracted/nsynth-valid/audio/organ_electronic_001-057-127.wav,5305
organ_electronic_104-057-127,valid,organ,organ_electronic_104,57,middle,127,data/raw/nsynth/extracted/nsynth-valid/audio/organ_electronic_104-057-127.wav,5305
organ_electronic_028-058-025,valid,organ,organ_electronic_028,58,middle,25,data/raw/nsynth/extracted/nsynth-valid/audio/organ_electronic_028-058-025.wav,5305
organ_electronic_057-058-025,valid,organ,organ_electronic_057,58,middle,25,data/raw/nsynth/extracted/nsynth-valid/audio/organ_electronic_057-058-025.wav,5305
organ_electronic_104-058-025,valid,organ,organ_electronic_104,58,middle,25,data/raw/nsynth/extracted/nsynth-valid/audio/organ_electronic_104-058-025.wav,5305
organ_electronic_028-058-050,valid,organ,organ_electronic_028,58,middle,50,data/raw/nsynth/extracted/nsynth-valid/audio/organ_electronic_028-058-050.wav,5305
organ_electronic_057-058-050,valid,organ,organ_electronic_057,58,middle,50,data/raw/nsynth/extracted/nsynth-valid/audio/organ_electronic_057-058-050.wav,5305
organ_electronic_007-058-075,valid,organ,organ_electronic_007,58,middle,75,data/raw/nsynth/extracted/nsynth-valid/audio/organ_electronic_007-058-075.wav,5305
organ_electronic_028-058-075,valid,organ,organ_electronic_028,58,middle,75,data/raw/nsynth/extracted/nsynth-valid/audio/organ_electronic_028-058-075.wav,5305
organ_electronic_057-058-075,valid,organ,organ_electronic_057,58,middle,75,data/raw/nsynth/extracted/nsynth-valid/audio/organ_electronic_057-058-075.wav,5305
organ_electronic_113-058-075,valid,organ,organ_electronic_113,58,middle,75,data/raw/nsynth/extracted/nsynth-valid/audio/organ_electronic_113-058-075.wav,5305
organ_electronic_001-058-100,valid,organ,organ_electronic_001,58,middle,100,data/raw/nsynth/extracted/nsynth-valid/audio/organ_electronic_001-058-100.wav,5305
organ_electronic_007-058-100,valid,organ,organ_electronic_007,58,middle,100,data/raw/nsynth/extracted/nsynth-valid/audio/organ_electronic_007-058-100.wav,5305
organ_electronic_028-058-100,valid,organ,organ_electronic_028,58,middle,100,data/raw/nsynth/extracted/nsynth-valid/audio/organ_electronic_028-058-100.wav,5305
organ_electronic_057-058-100,valid,organ,organ_electronic_057,58,middle,100,data/raw/nsynth/extracted/nsynth-valid/audio/organ_electronic_057-058-100.wav,5305
organ_electronic_104-058-100,valid,organ,organ_electronic_104,58,middle,100,data/raw/nsynth/extracted/nsynth-valid/audio/organ_electronic_104-058-100.wav,5305
organ_electronic_057-059-025,valid,organ,organ_electronic_057,59,middle,25,data/raw/nsynth/extracted/nsynth-valid/audio/organ_electronic_057-059-025.wav,5305
organ_electronic_001-059-050,valid,organ,organ_electronic_001,59,middle,50,data/raw/nsynth/extracted/nsynth-valid/audio/organ_electronic_001-059-050.wav,5305
organ_electronic_007-059-050,valid,organ,organ_electronic_007,59,middle,50,data/raw/nsynth/extracted/nsynth-valid/audio/organ_electronic_007-059-050.wav,5305
organ_electronic_028-059-050,valid,organ,organ_electronic_028,59,middle,50,data/raw/nsynth/extracted/nsynth-valid/audio/organ_electronic_028-059-050.wav,5305
organ_electronic_057-059-050,valid,organ,organ_electronic_057,59,middle,50,data/raw/nsynth/extracted/nsynth-valid/audio/organ_electronic_057-059-050.wav,5305
organ_electronic_113-059-050,valid,organ,organ_electronic_113,59,middle,50,data/raw/nsynth/extracted/nsynth-valid/audio/organ_electronic_113-059-050.wav,5305
organ_electronic_028-059-075,valid,organ,organ_electronic_028,59,middle,75,data/raw/nsynth/extracted/nsynth-valid/audio/organ_electronic_028-059-075.wav,5305
organ_electronic_057-059-075,valid,organ,organ_electronic_057,59,middle,75,data/raw/nsynth/extracted/nsynth-valid/audio/organ_electronic_057-059-075.wav,5305
organ_electronic_104-059-075,valid,organ,organ_electronic_104,59,middle,75,data/raw/nsynth/extracted/nsynth-valid/audio/organ_electronic_104-059-075.wav,5305
organ_electronic_113-059-075,valid,organ,organ_electronic_113,59,middle,75,data/raw/nsynth/extracted/nsynth-valid/audio/organ_electronic_113-059-075.wav,5305
organ_electronic_001-059-100,valid,organ,organ_electronic_001,59,middle,100,data/raw/nsynth/extracted/nsynth-valid/audio/organ_electronic_001-059-100.wav,5305
organ_electronic_028-059-100,valid,organ,organ_electronic_028,59,middle,100,data/raw/nsynth/extracted/nsynth-valid/audio/organ_electronic_028-059-100.wav,5305
organ_electronic_057-059-100,valid,organ,organ_electronic_057,59,middle,100,data/raw/nsynth/extracted/nsynth-valid/audio/organ_electronic_057-059-100.wav,5305
organ_electronic_104-059-100,valid,organ,organ_electronic_104,59,middle,100,data/raw/nsynth/extracted/nsynth-valid/audio/organ_electronic_104-059-100.wav,5305
organ_electronic_113-059-100,valid,organ,organ_electronic_113,59,middle,100,data/raw/nsynth/extracted/nsynth-valid/audio/organ_electronic_113-059-100.wav,5305
organ_electronic_104-059-127,valid,organ,organ_electronic_104,59,middle,127,data/raw/nsynth/extracted/nsynth-valid/audio/organ_electronic_104-059-127.wav,5305
organ_electronic_001-060-025,valid,organ,organ_electronic_001,60,middle,25,data/raw/nsynth/extracted/nsynth-valid/audio/organ_electronic_001-060-025.wav,5305
organ_electronic_104-060-050,valid,organ,organ_electronic_104,60,middle,50,data/raw/nsynth/extracted/nsynth-valid/audio/organ_electronic_104-060-050.wav,5305
organ_electronic_007-060-075,valid,organ,organ_electronic_007,60,middle,75,data/raw/nsynth/extracted/nsynth-valid/audio/organ_electronic_007-060-075.wav,5305
organ_electronic_113-060-075,valid,organ,organ_electronic_113,60,middle,75,data/raw/nsynth/extracted/nsynth-valid/audio/organ_electronic_113-060-075.wav,5305
organ_electronic_007-060-100,valid,organ,organ_electronic_007,60,middle,100,data/raw/nsynth/extracted/nsynth-valid/audio/organ_electronic_007-060-100.wav,5305
organ_electronic_028-060-100,valid,organ,organ_electronic_028,60,middle,100,data/raw/nsynth/extracted/nsynth-valid/audio/organ_electronic_028-060-100.wav,5305
organ_electronic_057-060-100,valid,organ,organ_electronic_057,60,middle,100,data/raw/nsynth/extracted/nsynth-valid/audio/organ_electronic_057-060-100.wav,5305
organ_electronic_113-060-100,valid,organ,organ_electronic_113,60,middle,100,data/raw/nsynth/extracted/nsynth-valid/audio/organ_electronic_113-060-100.wav,5305
organ_electronic_028-060-127,valid,organ,organ_electronic_028,60,middle,127,data/raw/nsynth/extracted/nsynth-valid/audio/organ_electronic_028-060-127.wav,5305
organ_electronic_057-060-127,valid,organ,organ_electronic_057,60,middle,127,data/raw/nsynth/extracted/nsynth-valid/audio/organ_electronic_057-060-127.wav,5305
organ_electronic_113-060-127,valid,organ,organ_electronic_113,60,middle,127,data/raw/nsynth/extracted/nsynth-valid/audio/organ_electronic_113-060-127.wav,5305
organ_electronic_007-061-025,valid,organ,organ_electronic_007,61,upper,25,data/raw/nsynth/extracted/nsynth-valid/audio/organ_electronic_007-061-025.wav,5305
organ_electronic_028-061-025,valid,organ,organ_electronic_028,61,upper,25,data/raw/nsynth/extracted/nsynth-valid/audio/organ_electronic_028-061-025.wav,5305
organ_electronic_104-061-025,valid,organ,organ_electronic_104,61,upper,25,data/raw/nsynth/extracted/nsynth-valid/audio/organ_electronic_104-061-025.wav,5305
organ_electronic_113-061-025,valid,organ,organ_electronic_113,61,upper,25,data/raw/nsynth/extracted/nsynth-valid/audio/organ_electronic_113-061-025.wav,5305
organ_electronic_104-061-050,valid,organ,organ_electronic_104,61,upper,50,data/raw/nsynth/extracted/nsynth-valid/audio/organ_electronic_104-061-050.wav,5305
organ_electronic_104-061-075,valid,organ,organ_electronic_104,61,upper,75,data/raw/nsynth/extracted/nsynth-valid/audio/organ_electronic_104-061-075.wav,5305
organ_electronic_113-061-075,valid,organ,organ_electronic_113,61,upper,75,data/raw/nsynth/extracted/nsynth-valid/audio/organ_electronic_113-061-075.wav,5305
organ_electronic_001-061-100,valid,organ,organ_electronic_001,61,upper,100,data/raw/nsynth/extracted/nsynth-valid/audio/organ_electronic_001-061-100.wav,5305
organ_electronic_007-061-100,valid,organ,organ_electronic_007,61,upper,100,data/raw/nsynth/extracted/nsynth-valid/audio/organ_electronic_007-061-100.wav,5305
organ_electronic_104-061-100,valid,organ,organ_electronic_104,61,upper,100,data/raw/nsynth/extracted/nsynth-valid/audio/organ_electronic_104-061-100.wav,5305
organ_electronic_001-061-127,valid,organ,organ_electronic_001,61,upper,127,data/raw/nsynth/extracted/nsynth-valid/audio/organ_electronic_001-061-127.wav,5305
organ_electronic_007-062-025,valid,organ,organ_electronic_007,62,upper,25,data/raw/nsynth/extracted/nsynth-valid/audio/organ_electronic_007-062-025.wav,5305
organ_electronic_028-062-025,valid,organ,organ_electronic_028,62,upper,25,data/raw/nsynth/extracted/nsynth-valid/audio/organ_electronic_028-062-025.wav,5305
organ_electronic_057-062-025,valid,organ,organ_electronic_057,62,upper,25,data/raw/nsynth/extracted/nsynth-valid/audio/organ_electronic_057-062-025.wav,5305
organ_electronic_007-062-050,valid,organ,organ_electronic_007,62,upper,50,data/raw/nsynth/extracted/nsynth-valid/audio/organ_electronic_007-062-050.wav,5305
organ_electronic_104-062-050,valid,organ,organ_electronic_104,62,upper,50,data/raw/nsynth/extracted/nsynth-valid/audio/organ_electronic_104-062-050.wav,5305
organ_electronic_113-062-050,valid,organ,organ_electronic_113,62,upper,50,data/raw/nsynth/extracted/nsynth-valid/audio/organ_electronic_113-062-050.wav,5305
organ_electronic_001-062-075,valid,organ,organ_electronic_001,62,upper,75,data/raw/nsynth/extracted/nsynth-valid/audio/organ_electronic_001-062-075.wav,5305
organ_electronic_057-062-075,valid,organ,organ_electronic_057,62,upper,75,data/raw/nsynth/extracted/nsynth-valid/audio/organ_electronic_057-062-075.wav,5305
organ_electronic_113-062-075,valid,organ,organ_electronic_113,62,upper,75,data/raw/nsynth/extracted/nsynth-valid/audio/organ_electronic_113-062-075.wav,5305
organ_electronic_104-062-100,valid,organ,organ_electronic_104,62,upper,100,data/raw/nsynth/extracted/nsynth-valid/audio/organ_electronic_104-062-100.wav,5305
organ_electronic_104-062-127,valid,organ,organ_electronic_104,62,upper,127,data/raw/nsynth/extracted/nsynth-valid/audio/organ_electronic_104-062-127.wav,5305
organ_electronic_113-062-127,valid,organ,organ_electronic_113,62,upper,127,data/raw/nsynth/extracted/nsynth-valid/audio/organ_electronic_113-062-127.wav,5305
organ_electronic_028-063-025,valid,organ,organ_electronic_028,63,upper,25,data/raw/nsynth/extracted/nsynth-valid/audio/organ_electronic_028-063-025.wav,5305
organ_electronic_057-063-050,valid,organ,organ_electronic_057,63,upper,50,data/raw/nsynth/extracted/nsynth-valid/audio/organ_electronic_057-063-050.wav,5305
organ_electronic_104-063-050,valid,organ,organ_electronic_104,63,upper,50,data/raw/nsynth/extracted/nsynth-valid/audio/organ_electronic_104-063-050.wav,5305
organ_electronic_113-063-050,valid,organ,organ_electronic_113,63,upper,50,data/raw/nsynth/extracted/nsynth-valid/audio/organ_electronic_113-063-050.wav,5305
organ_electronic_028-063-075,valid,organ,organ_electronic_028,63,upper,75,data/raw/nsynth/extracted/nsynth-valid/audio/organ_electronic_028-063-075.wav,5305
organ_electronic_057-063-100,valid,organ,organ_electronic_057,63,upper,100,data/raw/nsynth/extracted/nsynth-valid/audio/organ_electronic_057-063-100.wav,5305
organ_electronic_028-063-127,valid,organ,organ_electronic_028,63,upper,127,data/raw/nsynth/extracted/nsynth-valid/audio/organ_electronic_028-063-127.wav,5305
organ_electronic_028-064-025,valid,organ,organ_electronic_028,64,upper,25,data/raw/nsynth/extracted/nsynth-valid/audio/organ_electronic_028-064-025.wav,5305
organ_electronic_007-064-050,valid,organ,organ_electronic_007,64,upper,50,data/raw/nsynth/extracted/nsynth-valid/audio/organ_electronic_007-064-050.wav,5305
organ_electronic_001-064-075,valid,organ,organ_electronic_001,64,upper,75,data/raw/nsynth/extracted/nsynth-valid/audio/organ_electronic_001-064-075.wav,5305
organ_electronic_028-064-075,valid,organ,organ_electronic_028,64,upper,75,data/raw/nsynth/extracted/nsynth-valid/audio/organ_electronic_028-064-075.wav,5305
organ_electronic_113-064-075,valid,organ,organ_electronic_113,64,upper,75,data/raw/nsynth/extracted/nsynth-valid/audio/organ_electronic_113-064-075.wav,5305
organ_electronic_028-064-100,valid,organ,organ_electronic_028,64,upper,100,data/raw/nsynth/extracted/nsynth-valid/audio/organ_electronic_028-064-100.wav,5305
organ_electronic_104-064-100,valid,organ,organ_electronic_104,64,upper,100,data/raw/nsynth/extracted/nsynth-valid/audio/organ_electronic_104-064-100.wav,5305
organ_electronic_113-064-100,valid,organ,organ_electronic_113,64,upper,100,data/raw/nsynth/extracted/nsynth-valid/audio/organ_electronic_113-064-100.wav,5305
organ_electronic_028-064-127,valid,organ,organ_electronic_028,64,upper,127,data/raw/nsynth/extracted/nsynth-valid/audio/organ_electronic_028-064-127.wav,5305
organ_electronic_104-064-127,valid,organ,organ_electronic_104,64,upper,127,data/raw/nsynth/extracted/nsynth-valid/audio/organ_electronic_104-064-127.wav,5305
organ_electronic_001-065-025,valid,organ,organ_electronic_001,65,upper,25,data/raw/nsynth/extracted/nsynth-valid/audio/organ_electronic_001-065-025.wav,5305
organ_electronic_057-065-025,valid,organ,organ_electronic_057,65,upper,25,data/raw/nsynth/extracted/nsynth-valid/audio/organ_electronic_057-065-025.wav,5305
organ_electronic_001-065-050,valid,organ,organ_electronic_001,65,upper,50,data/raw/nsynth/extracted/nsynth-valid/audio/organ_electronic_001-065-050.wav,5305
organ_electronic_007-065-050,valid,organ,organ_electronic_007,65,upper,50,data/raw/nsynth/extracted/nsynth-valid/audio/organ_electronic_007-065-050.wav,5305
organ_electronic_113-065-050,valid,organ,organ_electronic_113,65,upper,50,data/raw/nsynth/extracted/nsynth-valid/audio/organ_electronic_113-065-050.wav,5305
organ_electronic_057-065-100,valid,organ,organ_electronic_057,65,upper,100,data/raw/nsynth/extracted/nsynth-valid/audio/organ_electronic_057-065-100.wav,5305
organ_electronic_001-065-127,valid,organ,organ_electronic_001,65,upper,127,data/raw/nsynth/extracted/nsynth-valid/audio/organ_electronic_001-065-127.wav,5305
organ_electronic_028-065-127,valid,organ,organ_electronic_028,65,upper,127,data/raw/nsynth/extracted/nsynth-valid/audio/organ_electronic_028-065-127.wav,5305
organ_electronic_113-065-127,valid,organ,organ_electronic_113,65,upper,127,data/raw/nsynth/extracted/nsynth-valid/audio/organ_electronic_113-065-127.wav,5305
organ_electronic_104-066-025,valid,organ,organ_electronic_104,66,upper,25,data/raw/nsynth/extracted/nsynth-valid/audio/organ_electronic_104-066-025.wav,5305
organ_electronic_113-066-025,valid,organ,organ_electronic_113,66,upper,25,data/raw/nsynth/extracted/nsynth-valid/audio/organ_electronic_113-066-025.wav,5305
organ_electronic_001-066-050,valid,organ,organ_electronic_001,66,upper,50,data/raw/nsynth/extracted/nsynth-valid/audio/organ_electronic_001-066-050.wav,5305
organ_electronic_007-066-050,valid,organ,organ_electronic_007,66,upper,50,data/raw/nsynth/extracted/nsynth-valid/audio/organ_electronic_007-066-050.wav,5305
organ_electronic_104-066-075,valid,organ,organ_electronic_104,66,upper,75,data/raw/nsynth/extracted/nsynth-valid/audio/organ_electronic_104-066-075.wav,5305
organ_electronic_001-066-100,valid,organ,organ_electronic_001,66,upper,100,data/raw/nsynth/extracted/nsynth-valid/audio/organ_electronic_001-066-100.wav,5305
organ_electronic_007-066-100,valid,organ,organ_electronic_007,66,upper,100,data/raw/nsynth/extracted/nsynth-valid/audio/organ_electronic_007-066-100.wav,5305
organ_electronic_057-066-100,valid,organ,organ_electronic_057,66,upper,100,data/raw/nsynth/extracted/nsynth-valid/audio/organ_electronic_057-066-100.wav,5305
organ_electronic_001-066-127,valid,organ,organ_electronic_001,66,upper,127,data/raw/nsynth/extracted/nsynth-valid/audio/organ_electronic_001-066-127.wav,5305
organ_electronic_028-067-025,valid,organ,organ_electronic_028,67,upper,25,data/raw/nsynth/extracted/nsynth-valid/audio/organ_electronic_028-067-025.wav,5305
organ_electronic_104-067-025,valid,organ,organ_electronic_104,67,upper,25,data/raw/nsynth/extracted/nsynth-valid/audio/organ_electronic_104-067-025.wav,5305
organ_electronic_113-067-025,valid,organ,organ_electronic_113,67,upper,25,data/raw/nsynth/extracted/nsynth-valid/audio/organ_electronic_113-067-025.wav,5305
organ_electronic_104-067-050,valid,organ,organ_electronic_104,67,upper,50,data/raw/nsynth/extracted/nsynth-valid/audio/organ_electronic_104-067-050.wav,5305
organ_electronic_001-067-075,valid,organ,organ_electronic_001,67,upper,75,data/raw/nsynth/extracted/nsynth-valid/audio/organ_electronic_001-067-075.wav,5305
organ_electronic_113-067-075,valid,organ,organ_electronic_113,67,upper,75,data/raw/nsynth/extracted/nsynth-valid/audio/organ_electronic_113-067-075.wav,5305
organ_electronic_057-067-100,valid,organ,organ_electronic_057,67,upper,100,data/raw/nsynth/extracted/nsynth-valid/audio/organ_electronic_057-067-100.wav,5305
organ_electronic_113-067-100,valid,organ,organ_electronic_113,67,upper,100,data/raw/nsynth/extracted/nsynth-valid/audio/organ_electronic_113-067-100.wav,5305
organ_electronic_113-067-127,valid,organ,organ_electronic_113,67,upper,127,data/raw/nsynth/extracted/nsynth-valid/audio/organ_electronic_113-067-127.wav,5305
organ_electronic_057-068-025,valid,organ,organ_electronic_057,68,upper,25,data/raw/nsynth/extracted/nsynth-valid/audio/organ_electronic_057-068-025.wav,5305
organ_electronic_113-068-025,valid,organ,organ_electronic_113,68,upper,25,data/raw/nsynth/extracted/nsynth-valid/audio/organ_electronic_113-068-025.wav,5305
organ_electronic_028-068-050,valid,organ,organ_electronic_028,68,upper,50,data/raw/nsynth/extracted/nsynth-valid/audio/organ_electronic_028-068-050.wav,5305
organ_electronic_057-068-050,valid,organ,organ_electronic_057,68,upper,50,data/raw/nsynth/extracted/nsynth-valid/audio/organ_electronic_057-068-050.wav,5305
organ_electronic_001-068-075,valid,organ,organ_electronic_001,68,upper,75,data/raw/nsynth/extracted/nsynth-valid/audio/organ_electronic_001-068-075.wav,5305
organ_electronic_028-068-075,valid,organ,organ_electronic_028,68,upper,75,data/raw/nsynth/extracted/nsynth-valid/audio/organ_electronic_028-068-075.wav,5305
organ_electronic_113-068-127,valid,organ,organ_electronic_113,68,upper,127,data/raw/nsynth/extracted/nsynth-valid/audio/organ_electronic_113-068-127.wav,5305
organ_electronic_028-069-025,valid,organ,organ_electronic_028,69,upper,25,data/raw/nsynth/extracted/nsynth-valid/audio/organ_electronic_028-069-025.wav,5305
organ_electronic_057-069-050,valid,organ,organ_electronic_057,69,upper,50,data/raw/nsynth/extracted/nsynth-valid/audio/organ_electronic_057-069-050.wav,5305
organ_electronic_104-069-050,valid,organ,organ_electronic_104,69,upper,50,data/raw/nsynth/extracted/nsynth-valid/audio/organ_electronic_104-069-050.wav,5305
organ_electronic_001-069-075,valid,organ,organ_electronic_001,69,upper,75,data/raw/nsynth/extracted/nsynth-valid/audio/organ_electronic_001-069-075.wav,5305
organ_electronic_028-069-127,valid,organ,organ_electronic_028,69,upper,127,data/raw/nsynth/extracted/nsynth-valid/audio/organ_electronic_028-069-127.wav,5305
organ_electronic_113-069-127,valid,organ,organ_electronic_113,69,upper,127,data/raw/nsynth/extracted/nsynth-valid/audio/organ_electronic_113-069-127.wav,5305
string_acoustic_014-043-025,valid,string,string_acoustic_014,43,lower,25,data/raw/nsynth/extracted/nsynth-valid/audio/string_acoustic_014-043-025.wav,5305
string_acoustic_012-043-050,valid,string,string_acoustic_012,43,lower,50,data/raw/nsynth/extracted/nsynth-valid/audio/string_acoustic_012-043-050.wav,5305
string_acoustic_056-043-050,valid,string,string_acoustic_056,43,lower,50,data/raw/nsynth/extracted/nsynth-valid/audio/string_acoustic_056-043-050.wav,5305
string_acoustic_080-043-050,valid,string,string_acoustic_080,43,lower,50,data/raw/nsynth/extracted/nsynth-valid/audio/string_acoustic_080-043-050.wav,5305
string_acoustic_014-043-075,valid,string,string_acoustic_014,43,lower,75,data/raw/nsynth/extracted/nsynth-valid/audio/string_acoustic_014-043-075.wav,5305
string_acoustic_071-043-075,valid,string,string_acoustic_071,43,lower,75,data/raw/nsynth/extracted/nsynth-valid/audio/string_acoustic_071-043-075.wav,5305
string_acoustic_012-043-100,valid,string,string_acoustic_012,43,lower,100,data/raw/nsynth/extracted/nsynth-valid/audio/string_acoustic_012-043-100.wav,5305
string_acoustic_080-043-100,valid,string,string_acoustic_080,43,lower,100,data/raw/nsynth/extracted/nsynth-valid/audio/string_acoustic_080-043-100.wav,5305
string_acoustic_056-043-127,valid,string,string_acoustic_056,43,lower,127,data/raw/nsynth/extracted/nsynth-valid/audio/string_acoustic_056-043-127.wav,5305
string_acoustic_080-043-127,valid,string,string_acoustic_080,43,lower,127,data/raw/nsynth/extracted/nsynth-valid/audio/string_acoustic_080-043-127.wav,5305
string_acoustic_056-044-025,valid,string,string_acoustic_056,44,lower,25,data/raw/nsynth/extracted/nsynth-valid/audio/string_acoustic_056-044-025.wav,5305
string_acoustic_071-044-025,valid,string,string_acoustic_071,44,lower,25,data/raw/nsynth/extracted/nsynth-valid/audio/string_acoustic_071-044-025.wav,5305
string_acoustic_080-044-025,valid,string,string_acoustic_080,44,lower,25,data/raw/nsynth/extracted/nsynth-valid/audio/string_acoustic_080-044-025.wav,5305
string_acoustic_012-044-050,valid,string,string_acoustic_012,44,lower,50,data/raw/nsynth/extracted/nsynth-valid/audio/string_acoustic_012-044-050.wav,5305
string_acoustic_014-044-050,valid,string,string_acoustic_014,44,lower,50,data/raw/nsynth/extracted/nsynth-valid/audio/string_acoustic_014-044-050.wav,5305
string_acoustic_056-044-050,valid,string,string_acoustic_056,44,lower,50,data/raw/nsynth/extracted/nsynth-valid/audio/string_acoustic_056-044-050.wav,5305
string_acoustic_080-044-050,valid,string,string_acoustic_080,44,lower,50,data/raw/nsynth/extracted/nsynth-valid/audio/string_acoustic_080-044-050.wav,5305
string_acoustic_012-044-075,valid,string,string_acoustic_012,44,lower,75,data/raw/nsynth/extracted/nsynth-valid/audio/string_acoustic_012-044-075.wav,5305
string_acoustic_056-044-075,valid,string,string_acoustic_056,44,lower,75,data/raw/nsynth/extracted/nsynth-valid/audio/string_acoustic_056-044-075.wav,5305
string_acoustic_014-044-100,valid,string,string_acoustic_014,44,lower,100,data/raw/nsynth/extracted/nsynth-valid/audio/string_acoustic_014-044-100.wav,5305
string_acoustic_080-044-100,valid,string,string_acoustic_080,44,lower,100,data/raw/nsynth/extracted/nsynth-valid/audio/string_acoustic_080-044-100.wav,5305
string_acoustic_056-044-127,valid,string,string_acoustic_056,44,lower,127,data/raw/nsynth/extracted/nsynth-valid/audio/string_acoustic_056-044-127.wav,5305
string_acoustic_012-045-025,valid,string,string_acoustic_012,45,lower,25,data/raw/nsynth/extracted/nsynth-valid/audio/string_acoustic_012-045-025.wav,5305
string_acoustic_080-045-025,valid,string,string_acoustic_080,45,lower,25,data/raw/nsynth/extracted/nsynth-valid/audio/string_acoustic_080-045-025.wav,5305
string_acoustic_014-045-050,valid,string,string_acoustic_014,45,lower,50,data/raw/nsynth/extracted/nsynth-valid/audio/string_acoustic_014-045-050.wav,5305
string_acoustic_012-045-075,valid,string,string_acoustic_012,45,lower,75,data/raw/nsynth/extracted/nsynth-valid/audio/string_acoustic_012-045-075.wav,5305
string_acoustic_071-045-075,valid,string,string_acoustic_071,45,lower,75,data/raw/nsynth/extracted/nsynth-valid/audio/string_acoustic_071-045-075.wav,5305
string_acoustic_080-045-075,valid,string,string_acoustic_080,45,lower,75,data/raw/nsynth/extracted/nsynth-valid/audio/string_acoustic_080-045-075.wav,5305
string_acoustic_014-045-100,valid,string,string_acoustic_014,45,lower,100,data/raw/nsynth/extracted/nsynth-valid/audio/string_acoustic_014-045-100.wav,5305
string_acoustic_071-045-100,valid,string,string_acoustic_071,45,lower,100,data/raw/nsynth/extracted/nsynth-valid/audio/string_acoustic_071-045-100.wav,5305
string_acoustic_080-045-100,valid,string,string_acoustic_080,45,lower,100,data/raw/nsynth/extracted/nsynth-valid/audio/string_acoustic_080-045-100.wav,5305
string_acoustic_012-045-127,valid,string,string_acoustic_012,45,lower,127,data/raw/nsynth/extracted/nsynth-valid/audio/string_acoustic_012-045-127.wav,5305
string_acoustic_014-045-127,valid,string,string_acoustic_014,45,lower,127,data/raw/nsynth/extracted/nsynth-valid/audio/string_acoustic_014-045-127.wav,5305
string_acoustic_056-045-127,valid,string,string_acoustic_056,45,lower,127,data/raw/nsynth/extracted/nsynth-valid/audio/string_acoustic_056-045-127.wav,5305
string_acoustic_080-045-127,valid,string,string_acoustic_080,45,lower,127,data/raw/nsynth/extracted/nsynth-valid/audio/string_acoustic_080-045-127.wav,5305
string_acoustic_014-046-025,valid,string,string_acoustic_014,46,lower,25,data/raw/nsynth/extracted/nsynth-valid/audio/string_acoustic_014-046-025.wav,5305
string_acoustic_012-046-050,valid,string,string_acoustic_012,46,lower,50,data/raw/nsynth/extracted/nsynth-valid/audio/string_acoustic_012-046-050.wav,5305
string_acoustic_071-046-050,valid,string,string_acoustic_071,46,lower,50,data/raw/nsynth/extracted/nsynth-valid/audio/string_acoustic_071-046-050.wav,5305
string_acoustic_080-046-050,valid,string,string_acoustic_080,46,lower,50,data/raw/nsynth/extracted/nsynth-valid/audio/string_acoustic_080-046-050.wav,5305
string_acoustic_012-046-075,valid,string,string_acoustic_012,46,lower,75,data/raw/nsynth/extracted/nsynth-valid/audio/string_acoustic_012-046-075.wav,5305
string_acoustic_056-046-075,valid,string,string_acoustic_056,46,lower,75,data/raw/nsynth/extracted/nsynth-valid/audio/string_acoustic_056-046-075.wav,5305
string_acoustic_071-046-075,valid,string,string_acoustic_071,46,lower,75,data/raw/nsynth/extracted/nsynth-valid/audio/string_acoustic_071-046-075.wav,5305
string_acoustic_071-046-100,valid,string,string_acoustic_071,46,lower,100,data/raw/nsynth/extracted/nsynth-valid/audio/string_acoustic_071-046-100.wav,5305
string_acoustic_012-046-127,valid,string,string_acoustic_012,46,lower,127,data/raw/nsynth/extracted/nsynth-valid/audio/string_acoustic_012-046-127.wav,5305
string_acoustic_014-046-127,valid,string,string_acoustic_014,46,lower,127,data/raw/nsynth/extracted/nsynth-valid/audio/string_acoustic_014-046-127.wav,5305
string_acoustic_071-046-127,valid,string,string_acoustic_071,46,lower,127,data/raw/nsynth/extracted/nsynth-valid/audio/string_acoustic_071-046-127.wav,5305
string_acoustic_012-047-050,valid,string,string_acoustic_012,47,lower,50,data/raw/nsynth/extracted/nsynth-valid/audio/string_acoustic_012-047-050.wav,5305
string_acoustic_012-047-075,valid,string,string_acoustic_012,47,lower,75,data/raw/nsynth/extracted/nsynth-valid/audio/string_acoustic_012-047-075.wav,5305
string_acoustic_014-047-075,valid,string,string_acoustic_014,47,lower,75,data/raw/nsynth/extracted/nsynth-valid/audio/string_acoustic_014-047-075.wav,5305
string_acoustic_080-047-075,valid,string,string_acoustic_080,47,lower,75,data/raw/nsynth/extracted/nsynth-valid/audio/string_acoustic_080-047-075.wav,5305
string_acoustic_012-047-100,valid,string,string_acoustic_012,47,lower,100,data/raw/nsynth/extracted/nsynth-valid/audio/string_acoustic_012-047-100.wav,5305
string_acoustic_012-047-127,valid,string,string_acoustic_012,47,lower,127,data/raw/nsynth/extracted/nsynth-valid/audio/string_acoustic_012-047-127.wav,5305
string_acoustic_014-047-127,valid,string,string_acoustic_014,47,lower,127,data/raw/nsynth/extracted/nsynth-valid/audio/string_acoustic_014-047-127.wav,5305
string_acoustic_080-047-127,valid,string,string_acoustic_080,47,lower,127,data/raw/nsynth/extracted/nsynth-valid/audio/string_acoustic_080-047-127.wav,5305
string_acoustic_012-048-025,valid,string,string_acoustic_012,48,lower,25,data/raw/nsynth/extracted/nsynth-valid/audio/string_acoustic_012-048-025.wav,5305
string_acoustic_014-048-025,valid,string,string_acoustic_014,48,lower,25,data/raw/nsynth/extracted/nsynth-valid/audio/string_acoustic_014-048-025.wav,5305
string_acoustic_056-048-025,valid,string,string_acoustic_056,48,lower,25,data/raw/nsynth/extracted/nsynth-valid/audio/string_acoustic_056-048-025.wav,5305
string_acoustic_012-048-050,valid,string,string_acoustic_012,48,lower,50,data/raw/nsynth/extracted/nsynth-valid/audio/string_acoustic_012-048-050.wav,5305
string_acoustic_014-048-050,valid,string,string_acoustic_014,48,lower,50,data/raw/nsynth/extracted/nsynth-valid/audio/string_acoustic_014-048-050.wav,5305
string_acoustic_056-048-050,valid,string,string_acoustic_056,48,lower,50,data/raw/nsynth/extracted/nsynth-valid/audio/string_acoustic_056-048-050.wav,5305
string_acoustic_071-048-075,valid,string,string_acoustic_071,48,lower,75,data/raw/nsynth/extracted/nsynth-valid/audio/string_acoustic_071-048-075.wav,5305
string_acoustic_080-048-075,valid,string,string_acoustic_080,48,lower,75,data/raw/nsynth/extracted/nsynth-valid/audio/string_acoustic_080-048-075.wav,5305
string_acoustic_056-048-100,valid,string,string_acoustic_056,48,lower,100,data/raw/nsynth/extracted/nsynth-valid/audio/string_acoustic_056-048-100.wav,5305
string_acoustic_080-048-100,valid,string,string_acoustic_080,48,lower,100,data/raw/nsynth/extracted/nsynth-valid/audio/string_acoustic_080-048-100.wav,5305
string_acoustic_012-048-127,valid,string,string_acoustic_012,48,lower,127,data/raw/nsynth/extracted/nsynth-valid/audio/string_acoustic_012-048-127.wav,5305
string_acoustic_014-048-127,valid,string,string_acoustic_014,48,lower,127,data/raw/nsynth/extracted/nsynth-valid/audio/string_acoustic_014-048-127.wav,5305
string_acoustic_071-048-127,valid,string,string_acoustic_071,48,lower,127,data/raw/nsynth/extracted/nsynth-valid/audio/string_acoustic_071-048-127.wav,5305
string_acoustic_014-049-025,valid,string,string_acoustic_014,49,lower,25,data/raw/nsynth/extracted/nsynth-valid/audio/string_acoustic_014-049-025.wav,5305
string_acoustic_056-049-025,valid,string,string_acoustic_056,49,lower,25,data/raw/nsynth/extracted/nsynth-valid/audio/string_acoustic_056-049-025.wav,5305
string_acoustic_014-049-050,valid,string,string_acoustic_014,49,lower,50,data/raw/nsynth/extracted/nsynth-valid/audio/string_acoustic_014-049-050.wav,5305
string_acoustic_056-049-050,valid,string,string_acoustic_056,49,lower,50,data/raw/nsynth/extracted/nsynth-valid/audio/string_acoustic_056-049-050.wav,5305
string_acoustic_071-049-050,valid,string,string_acoustic_071,49,lower,50,data/raw/nsynth/extracted/nsynth-valid/audio/string_acoustic_071-049-050.wav,5305
string_acoustic_080-049-050,valid,string,string_acoustic_080,49,lower,50,data/raw/nsynth/extracted/nsynth-valid/audio/string_acoustic_080-049-050.wav,5305
string_acoustic_012-049-075,valid,string,string_acoustic_012,49,lower,75,data/raw/nsynth/extracted/nsynth-valid/audio/string_acoustic_012-049-075.wav,5305
string_acoustic_056-049-075,valid,string,string_acoustic_056,49,lower,75,data/raw/nsynth/extracted/nsynth-valid/audio/string_acoustic_056-049-075.wav,5305
string_acoustic_071-049-075,valid,string,string_acoustic_071,49,lower,75,data/raw/nsynth/extracted/nsynth-valid/audio/string_acoustic_071-049-075.wav,5305
string_acoustic_012-049-100,valid,string,string_acoustic_012,49,lower,100,data/raw/nsynth/extracted/nsynth-valid/audio/string_acoustic_012-049-100.wav,5305
string_acoustic_071-049-100,valid,string,string_acoustic_071,49,lower,100,data/raw/nsynth/extracted/nsynth-valid/audio/string_acoustic_071-049-100.wav,5305
string_acoustic_056-049-127,valid,string,string_acoustic_056,49,lower,127,data/raw/nsynth/extracted/nsynth-valid/audio/string_acoustic_056-049-127.wav,5305
string_acoustic_071-049-127,valid,string,string_acoustic_071,49,lower,127,data/raw/nsynth/extracted/nsynth-valid/audio/string_acoustic_071-049-127.wav,5305
string_acoustic_012-050-025,valid,string,string_acoustic_012,50,lower,25,data/raw/nsynth/extracted/nsynth-valid/audio/string_acoustic_012-050-025.wav,5305
string_acoustic_014-050-025,valid,string,string_acoustic_014,50,lower,25,data/raw/nsynth/extracted/nsynth-valid/audio/string_acoustic_014-050-025.wav,5305
string_acoustic_056-050-025,valid,string,string_acoustic_056,50,lower,25,data/raw/nsynth/extracted/nsynth-valid/audio/string_acoustic_056-050-025.wav,5305
string_acoustic_080-050-025,valid,string,string_acoustic_080,50,lower,25,data/raw/nsynth/extracted/nsynth-valid/audio/string_acoustic_080-050-025.wav,5305
string_acoustic_080-050-050,valid,string,string_acoustic_080,50,lower,50,data/raw/nsynth/extracted/nsynth-valid/audio/string_acoustic_080-050-050.wav,5305
string_acoustic_014-050-075,valid,string,string_acoustic_014,50,lower,75,data/raw/nsynth/extracted/nsynth-valid/audio/string_acoustic_014-050-075.wav,5305
string_acoustic_012-050-100,valid,string,string_acoustic_012,50,lower,100,data/raw/nsynth/extracted/nsynth-valid/audio/string_acoustic_012-050-100.wav,5305
string_acoustic_014-050-100,valid,string,string_acoustic_014,50,lower,100,data/raw/nsynth/extracted/nsynth-valid/audio/string_acoustic_014-050-100.wav,5305
string_acoustic_056-050-100,valid,string,string_acoustic_056,50,lower,100,data/raw/nsynth/extracted/nsynth-valid/audio/string_acoustic_056-050-100.wav,5305
string_acoustic_071-050-100,valid,string,string_acoustic_071,50,lower,100,data/raw/nsynth/extracted/nsynth-valid/audio/string_acoustic_071-050-100.wav,5305
string_acoustic_012-050-127,valid,string,string_acoustic_012,50,lower,127,data/raw/nsynth/extracted/nsynth-valid/audio/string_acoustic_012-050-127.wav,5305
string_acoustic_080-050-127,valid,string,string_acoustic_080,50,lower,127,data/raw/nsynth/extracted/nsynth-valid/audio/string_acoustic_080-050-127.wav,5305
string_acoustic_012-051-025,valid,string,string_acoustic_012,51,lower,25,data/raw/nsynth/extracted/nsynth-valid/audio/string_acoustic_012-051-025.wav,5305
string_acoustic_080-051-025,valid,string,string_acoustic_080,51,lower,25,data/raw/nsynth/extracted/nsynth-valid/audio/string_acoustic_080-051-025.wav,5305
string_acoustic_080-051-050,valid,string,string_acoustic_080,51,lower,50,data/raw/nsynth/extracted/nsynth-valid/audio/string_acoustic_080-051-050.wav,5305
string_acoustic_012-051-075,valid,string,string_acoustic_012,51,lower,75,data/raw/nsynth/extracted/nsynth-valid/audio/string_acoustic_012-051-075.wav,5305
string_acoustic_056-051-075,valid,string,string_acoustic_056,51,lower,75,data/raw/nsynth/extracted/nsynth-valid/audio/string_acoustic_056-051-075.wav,5305
string_acoustic_012-051-100,valid,string,string_acoustic_012,51,lower,100,data/raw/nsynth/extracted/nsynth-valid/audio/string_acoustic_012-051-100.wav,5305
string_acoustic_014-051-127,valid,string,string_acoustic_014,51,lower,127,data/raw/nsynth/extracted/nsynth-valid/audio/string_acoustic_014-051-127.wav,5305
string_acoustic_012-052-025,valid,string,string_acoustic_012,52,middle,25,data/raw/nsynth/extracted/nsynth-valid/audio/string_acoustic_012-052-025.wav,5305
string_acoustic_014-052-025,valid,string,string_acoustic_014,52,middle,25,data/raw/nsynth/extracted/nsynth-valid/audio/string_acoustic_014-052-025.wav,5305
string_acoustic_056-052-025,valid,string,string_acoustic_056,52,middle,25,data/raw/nsynth/extracted/nsynth-valid/audio/string_acoustic_056-052-025.wav,5305
string_acoustic_080-052-025,valid,string,string_acoustic_080,52,middle,25,data/raw/nsynth/extracted/nsynth-valid/audio/string_acoustic_080-052-025.wav,5305
string_acoustic_012-052-050,valid,string,string_acoustic_012,52,middle,50,data/raw/nsynth/extracted/nsynth-valid/audio/string_acoustic_012-052-050.wav,5305
string_acoustic_014-052-050,valid,string,string_acoustic_014,52,middle,50,data/raw/nsynth/extracted/nsynth-valid/audio/string_acoustic_014-052-050.wav,5305
string_acoustic_056-052-050,valid,string,string_acoustic_056,52,middle,50,data/raw/nsynth/extracted/nsynth-valid/audio/string_acoustic_056-052-050.wav,5305
string_acoustic_071-052-050,valid,string,string_acoustic_071,52,middle,50,data/raw/nsynth/extracted/nsynth-valid/audio/string_acoustic_071-052-050.wav,5305
string_acoustic_080-052-050,valid,string,string_acoustic_080,52,middle,50,data/raw/nsynth/extracted/nsynth-valid/audio/string_acoustic_080-052-050.wav,5305
string_acoustic_012-052-075,valid,string,string_acoustic_012,52,middle,75,data/raw/nsynth/extracted/nsynth-valid/audio/string_acoustic_012-052-075.wav,5305
string_acoustic_014-052-075,valid,string,string_acoustic_014,52,middle,75,data/raw/nsynth/extracted/nsynth-valid/audio/string_acoustic_014-052-075.wav,5305
string_acoustic_080-052-075,valid,string,string_acoustic_080,52,middle,75,data/raw/nsynth/extracted/nsynth-valid/audio/string_acoustic_080-052-075.wav,5305
string_acoustic_012-052-100,valid,string,string_acoustic_012,52,middle,100,data/raw/nsynth/extracted/nsynth-valid/audio/string_acoustic_012-052-100.wav,5305
string_acoustic_014-052-100,valid,string,string_acoustic_014,52,middle,100,data/raw/nsynth/extracted/nsynth-valid/audio/string_acoustic_014-052-100.wav,5305
string_acoustic_056-052-100,valid,string,string_acoustic_056,52,middle,100,data/raw/nsynth/extracted/nsynth-valid/audio/string_acoustic_056-052-100.wav,5305
string_acoustic_071-052-100,valid,string,string_acoustic_071,52,middle,100,data/raw/nsynth/extracted/nsynth-valid/audio/string_acoustic_071-052-100.wav,5305
string_acoustic_080-052-100,valid,string,string_acoustic_080,52,middle,100,data/raw/nsynth/extracted/nsynth-valid/audio/string_acoustic_080-052-100.wav,5305
string_acoustic_056-052-127,valid,string,string_acoustic_056,52,middle,127,data/raw/nsynth/extracted/nsynth-valid/audio/string_acoustic_056-052-127.wav,5305
string_acoustic_080-052-127,valid,string,string_acoustic_080,52,middle,127,data/raw/nsynth/extracted/nsynth-valid/audio/string_acoustic_080-052-127.wav,5305
string_acoustic_071-053-025,valid,string,string_acoustic_071,53,middle,25,data/raw/nsynth/extracted/nsynth-valid/audio/string_acoustic_071-053-025.wav,5305
string_acoustic_080-053-025,valid,string,string_acoustic_080,53,middle,25,data/raw/nsynth/extracted/nsynth-valid/audio/string_acoustic_080-053-025.wav,5305
string_acoustic_012-053-050,valid,string,string_acoustic_012,53,middle,50,data/raw/nsynth/extracted/nsynth-valid/audio/string_acoustic_012-053-050.wav,5305
string_acoustic_056-053-050,valid,string,string_acoustic_056,53,middle,50,data/raw/nsynth/extracted/nsynth-valid/audio/string_acoustic_056-053-050.wav,5305
string_acoustic_071-053-050,valid,string,string_acoustic_071,53,middle,50,data/raw/nsynth/extracted/nsynth-valid/audio/string_acoustic_071-053-050.wav,5305
string_acoustic_012-053-075,valid,string,string_acoustic_012,53,middle,75,data/raw/nsynth/extracted/nsynth-valid/audio/string_acoustic_012-053-075.wav,5305
string_acoustic_014-053-075,valid,string,string_acoustic_014,53,middle,75,data/raw/nsynth/extracted/nsynth-valid/audio/string_acoustic_014-053-075.wav,5305
string_acoustic_056-053-075,valid,string,string_acoustic_056,53,middle,75,data/raw/nsynth/extracted/nsynth-valid/audio/string_acoustic_056-053-075.wav,5305
string_acoustic_080-053-075,valid,string,string_acoustic_080,53,middle,75,data/raw/nsynth/extracted/nsynth-valid/audio/string_acoustic_080-053-075.wav,5305
string_acoustic_012-053-100,valid,string,string_acoustic_012,53,middle,100,data/raw/nsynth/extracted/nsynth-valid/audio/string_acoustic_012-053-100.wav,5305
string_acoustic_014-053-100,valid,string,string_acoustic_014,53,middle,100,data/raw/nsynth/extracted/nsynth-valid/audio/string_acoustic_014-053-100.wav,5305
string_acoustic_056-053-100,valid,string,string_acoustic_056,53,middle,100,data/raw/nsynth/extracted/nsynth-valid/audio/string_acoustic_056-053-100.wav,5305
string_acoustic_071-053-100,valid,string,string_acoustic_071,53,middle,100,data/raw/nsynth/extracted/nsynth-valid/audio/string_acoustic_071-053-100.wav,5305
string_acoustic_080-053-100,valid,string,string_acoustic_080,53,middle,100,data/raw/nsynth/extracted/nsynth-valid/audio/string_acoustic_080-053-100.wav,5305
string_acoustic_012-053-127,valid,string,string_acoustic_012,53,middle,127,data/raw/nsynth/extracted/nsynth-valid/audio/string_acoustic_012-053-127.wav,5305
string_acoustic_014-053-127,valid,string,string_acoustic_014,53,middle,127,data/raw/nsynth/extracted/nsynth-valid/audio/string_acoustic_014-053-127.wav,5305
string_acoustic_056-053-127,valid,string,string_acoustic_056,53,middle,127,data/raw/nsynth/extracted/nsynth-valid/audio/string_acoustic_056-053-127.wav,5305
string_acoustic_071-053-127,valid,string,string_acoustic_071,53,middle,127,data/raw/nsynth/extracted/nsynth-valid/audio/string_acoustic_071-053-127.wav,5305
string_acoustic_080-053-127,valid,string,string_acoustic_080,53,middle,127,data/raw/nsynth/extracted/nsynth-valid/audio/string_acoustic_080-053-127.wav,5305
string_acoustic_012-054-025,valid,string,string_acoustic_012,54,middle,25,data/raw/nsynth/extracted/nsynth-valid/audio/string_acoustic_012-054-025.wav,5305
string_acoustic_014-054-025,valid,string,string_acoustic_014,54,middle,25,data/raw/nsynth/extracted/nsynth-valid/audio/string_acoustic_014-054-025.wav,5305
string_acoustic_056-054-025,valid,string,string_acoustic_056,54,middle,25,data/raw/nsynth/extracted/nsynth-valid/audio/string_acoustic_056-054-025.wav,5305
string_acoustic_071-054-025,valid,string,string_acoustic_071,54,middle,25,data/raw/nsynth/extracted/nsynth-valid/audio/string_acoustic_071-054-025.wav,5305
string_acoustic_080-054-025,valid,string,string_acoustic_080,54,middle,25,data/raw/nsynth/extracted/nsynth-valid/audio/string_acoustic_080-054-025.wav,5305
string_acoustic_014-054-050,valid,string,string_acoustic_014,54,middle,50,data/raw/nsynth/extracted/nsynth-valid/audio/string_acoustic_014-054-050.wav,5305
string_acoustic_071-054-050,valid,string,string_acoustic_071,54,middle,50,data/raw/nsynth/extracted/nsynth-valid/audio/string_acoustic_071-054-050.wav,5305
string_acoustic_012-054-075,valid,string,string_acoustic_012,54,middle,75,data/raw/nsynth/extracted/nsynth-valid/audio/string_acoustic_012-054-075.wav,5305
string_acoustic_014-054-075,valid,string,string_acoustic_014,54,middle,75,data/raw/nsynth/extracted/nsynth-valid/audio/string_acoustic_014-054-075.wav,5305
string_acoustic_056-054-075,valid,string,string_acoustic_056,54,middle,75,data/raw/nsynth/extracted/nsynth-valid/audio/string_acoustic_056-054-075.wav,5305
string_acoustic_080-054-075,valid,string,string_acoustic_080,54,middle,75,data/raw/nsynth/extracted/nsynth-valid/audio/string_acoustic_080-054-075.wav,5305
string_acoustic_012-054-100,valid,string,string_acoustic_012,54,middle,100,data/raw/nsynth/extracted/nsynth-valid/audio/string_acoustic_012-054-100.wav,5305
string_acoustic_071-054-100,valid,string,string_acoustic_071,54,middle,100,data/raw/nsynth/extracted/nsynth-valid/audio/string_acoustic_071-054-100.wav,5305
string_acoustic_080-054-100,valid,string,string_acoustic_080,54,middle,100,data/raw/nsynth/extracted/nsynth-valid/audio/string_acoustic_080-054-100.wav,5305
string_acoustic_012-054-127,valid,string,string_acoustic_012,54,middle,127,data/raw/nsynth/extracted/nsynth-valid/audio/string_acoustic_012-054-127.wav,5305
string_acoustic_056-054-127,valid,string,string_acoustic_056,54,middle,127,data/raw/nsynth/extracted/nsynth-valid/audio/string_acoustic_056-054-127.wav,5305
string_acoustic_071-054-127,valid,string,string_acoustic_071,54,middle,127,data/raw/nsynth/extracted/nsynth-valid/audio/string_acoustic_071-054-127.wav,5305
string_acoustic_080-054-127,valid,string,string_acoustic_080,54,middle,127,data/raw/nsynth/extracted/nsynth-valid/audio/string_acoustic_080-054-127.wav,5305
string_acoustic_057-055-025,valid,string,string_acoustic_057,55,middle,25,data/raw/nsynth/extracted/nsynth-valid/audio/string_acoustic_057-055-025.wav,5305
string_acoustic_071-055-025,valid,string,string_acoustic_071,55,middle,25,data/raw/nsynth/extracted/nsynth-valid/audio/string_acoustic_071-055-025.wav,5305
string_acoustic_080-055-025,valid,string,string_acoustic_080,55,middle,25,data/raw/nsynth/extracted/nsynth-valid/audio/string_acoustic_080-055-025.wav,5305
string_acoustic_014-055-050,valid,string,string_acoustic_014,55,middle,50,data/raw/nsynth/extracted/nsynth-valid/audio/string_acoustic_014-055-050.wav,5305
string_acoustic_056-055-050,valid,string,string_acoustic_056,55,middle,50,data/raw/nsynth/extracted/nsynth-valid/audio/string_acoustic_056-055-050.wav,5305
string_acoustic_057-055-050,valid,string,string_acoustic_057,55,middle,50,data/raw/nsynth/extracted/nsynth-valid/audio/string_acoustic_057-055-050.wav,5305
string_acoustic_080-055-050,valid,string,string_acoustic_080,55,middle,50,data/raw/nsynth/extracted/nsynth-valid/audio/string_acoustic_080-055-050.wav,5305
string_acoustic_012-055-075,valid,string,string_acoustic_012,55,middle,75,data/raw/nsynth/extracted/nsynth-valid/audio/string_acoustic_012-055-075.wav,5305
string_acoustic_014-055-075,valid,string,string_acoustic_014,55,middle,75,data/raw/nsynth/extracted/nsynth-valid/audio/string_acoustic_014-055-075.wav,5305
string_acoustic_056-055-075,valid,string,string_acoustic_056,55,middle,75,data/raw/nsynth/extracted/nsynth-valid/audio/string_acoustic_056-055-075.wav,5305
string_acoustic_057-055-075,valid,string,string_acoustic_057,55,middle,75,data/raw/nsynth/extracted/nsynth-valid/audio/string_acoustic_057-055-075.wav,5305
string_acoustic_071-055-075,valid,string,string_acoustic_071,55,middle,75,data/raw/nsynth/extracted/nsynth-valid/audio/string_acoustic_071-055-075.wav,5305
string_acoustic_080-055-075,valid,string,string_acoustic_080,55,middle,75,data/raw/nsynth/extracted/nsynth-valid/audio/string_acoustic_080-055-075.wav,5305
string_acoustic_012-055-100,valid,string,string_acoustic_012,55,middle,100,data/raw/nsynth/extracted/nsynth-valid/audio/string_acoustic_012-055-100.wav,5305
string_acoustic_014-055-100,valid,string,string_acoustic_014,55,middle,100,data/raw/nsynth/extracted/nsynth-valid/audio/string_acoustic_014-055-100.wav,5305
string_acoustic_071-055-100,valid,string,string_acoustic_071,55,middle,100,data/raw/nsynth/extracted/nsynth-valid/audio/string_acoustic_071-055-100.wav,5305
string_acoustic_080-055-100,valid,string,string_acoustic_080,55,middle,100,data/raw/nsynth/extracted/nsynth-valid/audio/string_acoustic_080-055-100.wav,5305
string_acoustic_012-055-127,valid,string,string_acoustic_012,55,middle,127,data/raw/nsynth/extracted/nsynth-valid/audio/string_acoustic_012-055-127.wav,5305
string_acoustic_014-055-127,valid,string,string_acoustic_014,55,middle,127,data/raw/nsynth/extracted/nsynth-valid/audio/string_acoustic_014-055-127.wav,5305
string_acoustic_056-055-127,valid,string,string_acoustic_056,55,middle,127,data/raw/nsynth/extracted/nsynth-valid/audio/string_acoustic_056-055-127.wav,5305
string_acoustic_057-055-127,valid,string,string_acoustic_057,55,middle,127,data/raw/nsynth/extracted/nsynth-valid/audio/string_acoustic_057-055-127.wav,5305
string_acoustic_071-055-127,valid,string,string_acoustic_071,55,middle,127,data/raw/nsynth/extracted/nsynth-valid/audio/string_acoustic_071-055-127.wav,5305
string_acoustic_080-055-127,valid,string,string_acoustic_080,55,middle,127,data/raw/nsynth/extracted/nsynth-valid/audio/string_acoustic_080-055-127.wav,5305
string_acoustic_014-056-025,valid,string,string_acoustic_014,56,middle,25,data/raw/nsynth/extracted/nsynth-valid/audio/string_acoustic_014-056-025.wav,5305
string_acoustic_057-056-025,valid,string,string_acoustic_057,56,middle,25,data/raw/nsynth/extracted/nsynth-valid/audio/string_acoustic_057-056-025.wav,5305
string_acoustic_014-056-050,valid,string,string_acoustic_014,56,middle,50,data/raw/nsynth/extracted/nsynth-valid/audio/string_acoustic_014-056-050.wav,5305
string_acoustic_056-056-050,valid,string,string_acoustic_056,56,middle,50,data/raw/nsynth/extracted/nsynth-valid/audio/string_acoustic_056-056-050.wav,5305
string_acoustic_057-056-050,valid,string,string_acoustic_057,56,middle,50,data/raw/nsynth/extracted/nsynth-valid/audio/string_acoustic_057-056-050.wav,5305
string_acoustic_014-056-075,valid,string,string_acoustic_014,56,middle,75,data/raw/nsynth/extracted/nsynth-valid/audio/string_acoustic_014-056-075.wav,5305
string_acoustic_057-056-075,valid,string,string_acoustic_057,56,middle,75,data/raw/nsynth/extracted/nsynth-valid/audio/string_acoustic_057-056-075.wav,5305
string_acoustic_014-056-100,valid,string,string_acoustic_014,56,middle,100,data/raw/nsynth/extracted/nsynth-valid/audio/string_acoustic_014-056-100.wav,5305
string_acoustic_056-056-100,valid,string,string_acoustic_056,56,middle,100,data/raw/nsynth/extracted/nsynth-valid/audio/string_acoustic_056-056-100.wav,5305
string_acoustic_057-056-100,valid,string,string_acoustic_057,56,middle,100,data/raw/nsynth/extracted/nsynth-valid/audio/string_acoustic_057-056-100.wav,5305
string_acoustic_014-056-127,valid,string,string_acoustic_014,56,middle,127,data/raw/nsynth/extracted/nsynth-valid/audio/string_acoustic_014-056-127.wav,5305
string_acoustic_056-056-127,valid,string,string_acoustic_056,56,middle,127,data/raw/nsynth/extracted/nsynth-valid/audio/string_acoustic_056-056-127.wav,5305
string_acoustic_057-056-127,valid,string,string_acoustic_057,56,middle,127,data/raw/nsynth/extracted/nsynth-valid/audio/string_acoustic_057-056-127.wav,5305
string_acoustic_014-057-025,valid,string,string_acoustic_014,57,middle,25,data/raw/nsynth/extracted/nsynth-valid/audio/string_acoustic_014-057-025.wav,5305
string_acoustic_056-057-025,valid,string,string_acoustic_056,57,middle,25,data/raw/nsynth/extracted/nsynth-valid/audio/string_acoustic_056-057-025.wav,5305
string_acoustic_057-057-025,valid,string,string_acoustic_057,57,middle,25,data/raw/nsynth/extracted/nsynth-valid/audio/string_acoustic_057-057-025.wav,5305
string_acoustic_014-057-050,valid,string,string_acoustic_014,57,middle,50,data/raw/nsynth/extracted/nsynth-valid/audio/string_acoustic_014-057-050.wav,5305
string_acoustic_056-057-050,valid,string,string_acoustic_056,57,middle,50,data/raw/nsynth/extracted/nsynth-valid/audio/string_acoustic_056-057-050.wav,5305
string_acoustic_057-057-050,valid,string,string_acoustic_057,57,middle,50,data/raw/nsynth/extracted/nsynth-valid/audio/string_acoustic_057-057-050.wav,5305
string_acoustic_014-057-075,valid,string,string_acoustic_014,57,middle,75,data/raw/nsynth/extracted/nsynth-valid/audio/string_acoustic_014-057-075.wav,5305
string_acoustic_056-057-075,valid,string,string_acoustic_056,57,middle,75,data/raw/nsynth/extracted/nsynth-valid/audio/string_acoustic_056-057-075.wav,5305
string_acoustic_057-057-075,valid,string,string_acoustic_057,57,middle,75,data/raw/nsynth/extracted/nsynth-valid/audio/string_acoustic_057-057-075.wav,5305
string_acoustic_014-057-100,valid,string,string_acoustic_014,57,middle,100,data/raw/nsynth/extracted/nsynth-valid/audio/string_acoustic_014-057-100.wav,5305
string_acoustic_056-057-100,valid,string,string_acoustic_056,57,middle,100,data/raw/nsynth/extracted/nsynth-valid/audio/string_acoustic_056-057-100.wav,5305
string_acoustic_057-057-100,valid,string,string_acoustic_057,57,middle,100,data/raw/nsynth/extracted/nsynth-valid/audio/string_acoustic_057-057-100.wav,5305
string_acoustic_014-057-127,valid,string,string_acoustic_014,57,middle,127,data/raw/nsynth/extracted/nsynth-valid/audio/string_acoustic_014-057-127.wav,5305
string_acoustic_057-057-127,valid,string,string_acoustic_057,57,middle,127,data/raw/nsynth/extracted/nsynth-valid/audio/string_acoustic_057-057-127.wav,5305
string_acoustic_014-058-025,valid,string,string_acoustic_014,58,middle,25,data/raw/nsynth/extracted/nsynth-valid/audio/string_acoustic_014-058-025.wav,5305
string_acoustic_057-058-025,valid,string,string_acoustic_057,58,middle,25,data/raw/nsynth/extracted/nsynth-valid/audio/string_acoustic_057-058-025.wav,5305
string_acoustic_056-058-050,valid,string,string_acoustic_056,58,middle,50,data/raw/nsynth/extracted/nsynth-valid/audio/string_acoustic_056-058-050.wav,5305
string_acoustic_057-058-050,valid,string,string_acoustic_057,58,middle,50,data/raw/nsynth/extracted/nsynth-valid/audio/string_acoustic_057-058-050.wav,5305
string_acoustic_014-058-075,valid,string,string_acoustic_014,58,middle,75,data/raw/nsynth/extracted/nsynth-valid/audio/string_acoustic_014-058-075.wav,5305
string_acoustic_056-058-075,valid,string,string_acoustic_056,58,middle,75,data/raw/nsynth/extracted/nsynth-valid/audio/string_acoustic_056-058-075.wav,5305
string_acoustic_057-058-075,valid,string,string_acoustic_057,58,middle,75,data/raw/nsynth/extracted/nsynth-valid/audio/string_acoustic_057-058-075.wav,5305
string_acoustic_056-058-100,valid,string,string_acoustic_056,58,middle,100,data/raw/nsynth/extracted/nsynth-valid/audio/string_acoustic_056-058-100.wav,5305
string_acoustic_057-058-100,valid,string,string_acoustic_057,58,middle,100,data/raw/nsynth/extracted/nsynth-valid/audio/string_acoustic_057-058-100.wav,5305
string_acoustic_014-058-127,valid,string,string_acoustic_014,58,middle,127,data/raw/nsynth/extracted/nsynth-valid/audio/string_acoustic_014-058-127.wav,5305
string_acoustic_014-059-025,valid,string,string_acoustic_014,59,middle,25,data/raw/nsynth/extracted/nsynth-valid/audio/string_acoustic_014-059-025.wav,5305
string_acoustic_056-059-025,valid,string,string_acoustic_056,59,middle,25,data/raw/nsynth/extracted/nsynth-valid/audio/string_acoustic_056-059-025.wav,5305
string_acoustic_056-059-050,valid,string,string_acoustic_056,59,middle,50,data/raw/nsynth/extracted/nsynth-valid/audio/string_acoustic_056-059-050.wav,5305
string_acoustic_057-059-050,valid,string,string_acoustic_057,59,middle,50,data/raw/nsynth/extracted/nsynth-valid/audio/string_acoustic_057-059-050.wav,5305
string_acoustic_057-059-075,valid,string,string_acoustic_057,59,middle,75,data/raw/nsynth/extracted/nsynth-valid/audio/string_acoustic_057-059-075.wav,5305
string_acoustic_014-059-100,valid,string,string_acoustic_014,59,middle,100,data/raw/nsynth/extracted/nsynth-valid/audio/string_acoustic_014-059-100.wav,5305
string_acoustic_057-059-100,valid,string,string_acoustic_057,59,middle,100,data/raw/nsynth/extracted/nsynth-valid/audio/string_acoustic_057-059-100.wav,5305
string_acoustic_014-059-127,valid,string,string_acoustic_014,59,middle,127,data/raw/nsynth/extracted/nsynth-valid/audio/string_acoustic_014-059-127.wav,5305
string_acoustic_057-059-127,valid,string,string_acoustic_057,59,middle,127,data/raw/nsynth/extracted/nsynth-valid/audio/string_acoustic_057-059-127.wav,5305
string_acoustic_056-060-025,valid,string,string_acoustic_056,60,middle,25,data/raw/nsynth/extracted/nsynth-valid/audio/string_acoustic_056-060-025.wav,5305
string_acoustic_057-060-025,valid,string,string_acoustic_057,60,middle,25,data/raw/nsynth/extracted/nsynth-valid/audio/string_acoustic_057-060-025.wav,5305
string_acoustic_014-060-050,valid,string,string_acoustic_014,60,middle,50,data/raw/nsynth/extracted/nsynth-valid/audio/string_acoustic_014-060-050.wav,5305
string_acoustic_056-060-050,valid,string,string_acoustic_056,60,middle,50,data/raw/nsynth/extracted/nsynth-valid/audio/string_acoustic_056-060-050.wav,5305
string_acoustic_057-060-050,valid,string,string_acoustic_057,60,middle,50,data/raw/nsynth/extracted/nsynth-valid/audio/string_acoustic_057-060-050.wav,5305
string_acoustic_014-060-075,valid,string,string_acoustic_014,60,middle,75,data/raw/nsynth/extracted/nsynth-valid/audio/string_acoustic_014-060-075.wav,5305
string_acoustic_057-060-075,valid,string,string_acoustic_057,60,middle,75,data/raw/nsynth/extracted/nsynth-valid/audio/string_acoustic_057-060-075.wav,5305
string_acoustic_014-060-100,valid,string,string_acoustic_014,60,middle,100,data/raw/nsynth/extracted/nsynth-valid/audio/string_acoustic_014-060-100.wav,5305
string_acoustic_056-060-100,valid,string,string_acoustic_056,60,middle,100,data/raw/nsynth/extracted/nsynth-valid/audio/string_acoustic_056-060-100.wav,5305
string_acoustic_014-060-127,valid,string,string_acoustic_014,60,middle,127,data/raw/nsynth/extracted/nsynth-valid/audio/string_acoustic_014-060-127.wav,5305
string_acoustic_056-061-025,valid,string,string_acoustic_056,61,upper,25,data/raw/nsynth/extracted/nsynth-valid/audio/string_acoustic_056-061-025.wav,5305
string_acoustic_057-061-025,valid,string,string_acoustic_057,61,upper,25,data/raw/nsynth/extracted/nsynth-valid/audio/string_acoustic_057-061-025.wav,5305
string_acoustic_014-061-050,valid,string,string_acoustic_014,61,upper,50,data/raw/nsynth/extracted/nsynth-valid/audio/string_acoustic_014-061-050.wav,5305
string_acoustic_056-061-050,valid,string,string_acoustic_056,61,upper,50,data/raw/nsynth/extracted/nsynth-valid/audio/string_acoustic_056-061-050.wav,5305
string_acoustic_014-061-075,valid,string,string_acoustic_014,61,upper,75,data/raw/nsynth/extracted/nsynth-valid/audio/string_acoustic_014-061-075.wav,5305
string_acoustic_057-061-075,valid,string,string_acoustic_057,61,upper,75,data/raw/nsynth/extracted/nsynth-valid/audio/string_acoustic_057-061-075.wav,5305
string_acoustic_056-061-127,valid,string,string_acoustic_056,61,upper,127,data/raw/nsynth/extracted/nsynth-valid/audio/string_acoustic_056-061-127.wav,5305
string_acoustic_057-061-127,valid,string,string_acoustic_057,61,upper,127,data/raw/nsynth/extracted/nsynth-valid/audio/string_acoustic_057-061-127.wav,5305
string_acoustic_014-062-025,valid,string,string_acoustic_014,62,upper,25,data/raw/nsynth/extracted/nsynth-valid/audio/string_acoustic_014-062-025.wav,5305
string_acoustic_056-062-025,valid,string,string_acoustic_056,62,upper,25,data/raw/nsynth/extracted/nsynth-valid/audio/string_acoustic_056-062-025.wav,5305
string_acoustic_057-062-025,valid,string,string_acoustic_057,62,upper,25,data/raw/nsynth/extracted/nsynth-valid/audio/string_acoustic_057-062-025.wav,5305
string_acoustic_014-062-050,valid,string,string_acoustic_014,62,upper,50,data/raw/nsynth/extracted/nsynth-valid/audio/string_acoustic_014-062-050.wav,5305
string_acoustic_056-062-050,valid,string,string_acoustic_056,62,upper,50,data/raw/nsynth/extracted/nsynth-valid/audio/string_acoustic_056-062-050.wav,5305
string_acoustic_057-062-075,valid,string,string_acoustic_057,62,upper,75,data/raw/nsynth/extracted/nsynth-valid/audio/string_acoustic_057-062-075.wav,5305
string_acoustic_014-062-100,valid,string,string_acoustic_014,62,upper,100,data/raw/nsynth/extracted/nsynth-valid/audio/string_acoustic_014-062-100.wav,5305
string_acoustic_056-062-100,valid,string,string_acoustic_056,62,upper,100,data/raw/nsynth/extracted/nsynth-valid/audio/string_acoustic_056-062-100.wav,5305
string_acoustic_057-062-100,valid,string,string_acoustic_057,62,upper,100,data/raw/nsynth/extracted/nsynth-valid/audio/string_acoustic_057-062-100.wav,5305
string_acoustic_057-062-127,valid,string,string_acoustic_057,62,upper,127,data/raw/nsynth/extracted/nsynth-valid/audio/string_acoustic_057-062-127.wav,5305
string_acoustic_014-063-025,valid,string,string_acoustic_014,63,upper,25,data/raw/nsynth/extracted/nsynth-valid/audio/string_acoustic_014-063-025.wav,5305
string_acoustic_056-063-025,valid,string,string_acoustic_056,63,upper,25,data/raw/nsynth/extracted/nsynth-valid/audio/string_acoustic_056-063-025.wav,5305
string_acoustic_057-063-025,valid,string,string_acoustic_057,63,upper,25,data/raw/nsynth/extracted/nsynth-valid/audio/string_acoustic_057-063-025.wav,5305
string_acoustic_056-063-050,valid,string,string_acoustic_056,63,upper,50,data/raw/nsynth/extracted/nsynth-valid/audio/string_acoustic_056-063-050.wav,5305
string_acoustic_057-063-050,valid,string,string_acoustic_057,63,upper,50,data/raw/nsynth/extracted/nsynth-valid/audio/string_acoustic_057-063-050.wav,5305
string_acoustic_014-063-075,valid,string,string_acoustic_014,63,upper,75,data/raw/nsynth/extracted/nsynth-valid/audio/string_acoustic_014-063-075.wav,5305
string_acoustic_056-063-075,valid,string,string_acoustic_056,63,upper,75,data/raw/nsynth/extracted/nsynth-valid/audio/string_acoustic_056-063-075.wav,5305
string_acoustic_014-063-100,valid,string,string_acoustic_014,63,upper,100,data/raw/nsynth/extracted/nsynth-valid/audio/string_acoustic_014-063-100.wav,5305
string_acoustic_056-063-100,valid,string,string_acoustic_056,63,upper,100,data/raw/nsynth/extracted/nsynth-valid/audio/string_acoustic_056-063-100.wav,5305
string_acoustic_014-063-127,valid,string,string_acoustic_014,63,upper,127,data/raw/nsynth/extracted/nsynth-valid/audio/string_acoustic_014-063-127.wav,5305
string_acoustic_014-064-025,valid,string,string_acoustic_014,64,upper,25,data/raw/nsynth/extracted/nsynth-valid/audio/string_acoustic_014-064-025.wav,5305
string_acoustic_056-064-025,valid,string,string_acoustic_056,64,upper,25,data/raw/nsynth/extracted/nsynth-valid/audio/string_acoustic_056-064-025.wav,5305
string_acoustic_056-064-050,valid,string,string_acoustic_056,64,upper,50,data/raw/nsynth/extracted/nsynth-valid/audio/string_acoustic_056-064-050.wav,5305
string_acoustic_056-064-075,valid,string,string_acoustic_056,64,upper,75,data/raw/nsynth/extracted/nsynth-valid/audio/string_acoustic_056-064-075.wav,5305
string_acoustic_014-064-100,valid,string,string_acoustic_014,64,upper,100,data/raw/nsynth/extracted/nsynth-valid/audio/string_acoustic_014-064-100.wav,5305
string_acoustic_057-064-100,valid,string,string_acoustic_057,64,upper,100,data/raw/nsynth/extracted/nsynth-valid/audio/string_acoustic_057-064-100.wav,5305
string_acoustic_014-064-127,valid,string,string_acoustic_014,64,upper,127,data/raw/nsynth/extracted/nsynth-valid/audio/string_acoustic_014-064-127.wav,5305
string_acoustic_056-064-127,valid,string,string_acoustic_056,64,upper,127,data/raw/nsynth/extracted/nsynth-valid/audio/string_acoustic_056-064-127.wav,5305
string_acoustic_057-064-127,valid,string,string_acoustic_057,64,upper,127,data/raw/nsynth/extracted/nsynth-valid/audio/string_acoustic_057-064-127.wav,5305
string_acoustic_014-065-025,valid,string,string_acoustic_014,65,upper,25,data/raw/nsynth/extracted/nsynth-valid/audio/string_acoustic_014-065-025.wav,5305
string_acoustic_056-065-025,valid,string,string_acoustic_056,65,upper,25,data/raw/nsynth/extracted/nsynth-valid/audio/string_acoustic_056-065-025.wav,5305
string_acoustic_057-065-025,valid,string,string_acoustic_057,65,upper,25,data/raw/nsynth/extracted/nsynth-valid/audio/string_acoustic_057-065-025.wav,5305
string_acoustic_014-065-050,valid,string,string_acoustic_014,65,upper,50,data/raw/nsynth/extracted/nsynth-valid/audio/string_acoustic_014-065-050.wav,5305
string_acoustic_056-065-050,valid,string,string_acoustic_056,65,upper,50,data/raw/nsynth/extracted/nsynth-valid/audio/string_acoustic_056-065-050.wav,5305
string_acoustic_057-065-050,valid,string,string_acoustic_057,65,upper,50,data/raw/nsynth/extracted/nsynth-valid/audio/string_acoustic_057-065-050.wav,5305
string_acoustic_056-065-075,valid,string,string_acoustic_056,65,upper,75,data/raw/nsynth/extracted/nsynth-valid/audio/string_acoustic_056-065-075.wav,5305
string_acoustic_057-065-075,valid,string,string_acoustic_057,65,upper,75,data/raw/nsynth/extracted/nsynth-valid/audio/string_acoustic_057-065-075.wav,5305
string_acoustic_014-065-100,valid,string,string_acoustic_014,65,upper,100,data/raw/nsynth/extracted/nsynth-valid/audio/string_acoustic_014-065-100.wav,5305
string_acoustic_057-065-127,valid,string,string_acoustic_057,65,upper,127,data/raw/nsynth/extracted/nsynth-valid/audio/string_acoustic_057-065-127.wav,5305
string_acoustic_056-066-025,valid,string,string_acoustic_056,66,upper,25,data/raw/nsynth/extracted/nsynth-valid/audio/string_acoustic_056-066-025.wav,5305
string_acoustic_057-066-025,valid,string,string_acoustic_057,66,upper,25,data/raw/nsynth/extracted/nsynth-valid/audio/string_acoustic_057-066-025.wav,5305
string_acoustic_056-066-050,valid,string,string_acoustic_056,66,upper,50,data/raw/nsynth/extracted/nsynth-valid/audio/string_acoustic_056-066-050.wav,5305
string_acoustic_057-066-050,valid,string,string_acoustic_057,66,upper,50,data/raw/nsynth/extracted/nsynth-valid/audio/string_acoustic_057-066-050.wav,5305
string_acoustic_056-066-075,valid,string,string_acoustic_056,66,upper,75,data/raw/nsynth/extracted/nsynth-valid/audio/string_acoustic_056-066-075.wav,5305
string_acoustic_057-066-075,valid,string,string_acoustic_057,66,upper,75,data/raw/nsynth/extracted/nsynth-valid/audio/string_acoustic_057-066-075.wav,5305
string_acoustic_056-066-100,valid,string,string_acoustic_056,66,upper,100,data/raw/nsynth/extracted/nsynth-valid/audio/string_acoustic_056-066-100.wav,5305
string_acoustic_057-066-100,valid,string,string_acoustic_057,66,upper,100,data/raw/nsynth/extracted/nsynth-valid/audio/string_acoustic_057-066-100.wav,5305
string_acoustic_056-066-127,valid,string,string_acoustic_056,66,upper,127,data/raw/nsynth/extracted/nsynth-valid/audio/string_acoustic_056-066-127.wav,5305
string_acoustic_057-067-025,valid,string,string_acoustic_057,67,upper,25,data/raw/nsynth/extracted/nsynth-valid/audio/string_acoustic_057-067-025.wav,5305
string_acoustic_056-067-050,valid,string,string_acoustic_056,67,upper,50,data/raw/nsynth/extracted/nsynth-valid/audio/string_acoustic_056-067-050.wav,5305
string_acoustic_057-067-050,valid,string,string_acoustic_057,67,upper,50,data/raw/nsynth/extracted/nsynth-valid/audio/string_acoustic_057-067-050.wav,5305
string_acoustic_056-067-075,valid,string,string_acoustic_056,67,upper,75,data/raw/nsynth/extracted/nsynth-valid/audio/string_acoustic_056-067-075.wav,5305
string_acoustic_057-067-075,valid,string,string_acoustic_057,67,upper,75,data/raw/nsynth/extracted/nsynth-valid/audio/string_acoustic_057-067-075.wav,5305
string_acoustic_056-067-100,valid,string,string_acoustic_056,67,upper,100,data/raw/nsynth/extracted/nsynth-valid/audio/string_acoustic_056-067-100.wav,5305
string_acoustic_057-067-127,valid,string,string_acoustic_057,67,upper,127,data/raw/nsynth/extracted/nsynth-valid/audio/string_acoustic_057-067-127.wav,5305
string_acoustic_056-068-025,valid,string,string_acoustic_056,68,upper,25,data/raw/nsynth/extracted/nsynth-valid/audio/string_acoustic_056-068-025.wav,5305
string_acoustic_057-068-025,valid,string,string_acoustic_057,68,upper,25,data/raw/nsynth/extracted/nsynth-valid/audio/string_acoustic_057-068-025.wav,5305
string_acoustic_056-068-050,valid,string,string_acoustic_056,68,upper,50,data/raw/nsynth/extracted/nsynth-valid/audio/string_acoustic_056-068-050.wav,5305
string_acoustic_057-068-050,valid,string,string_acoustic_057,68,upper,50,data/raw/nsynth/extracted/nsynth-valid/audio/string_acoustic_057-068-050.wav,5305
string_acoustic_056-068-075,valid,string,string_acoustic_056,68,upper,75,data/raw/nsynth/extracted/nsynth-valid/audio/string_acoustic_056-068-075.wav,5305
string_acoustic_057-068-075,valid,string,string_acoustic_057,68,upper,75,data/raw/nsynth/extracted/nsynth-valid/audio/string_acoustic_057-068-075.wav,5305
string_acoustic_056-068-100,valid,string,string_acoustic_056,68,upper,100,data/raw/nsynth/extracted/nsynth-valid/audio/string_acoustic_056-068-100.wav,5305
string_acoustic_056-068-127,valid,string,string_acoustic_056,68,upper,127,data/raw/nsynth/extracted/nsynth-valid/audio/string_acoustic_056-068-127.wav,5305
string_acoustic_057-068-127,valid,string,string_acoustic_057,68,upper,127,data/raw/nsynth/extracted/nsynth-valid/audio/string_acoustic_057-068-127.wav,5305
string_acoustic_057-069-025,valid,string,string_acoustic_057,69,upper,25,data/raw/nsynth/extracted/nsynth-valid/audio/string_acoustic_057-069-025.wav,5305
string_acoustic_056-069-050,valid,string,string_acoustic_056,69,upper,50,data/raw/nsynth/extracted/nsynth-valid/audio/string_acoustic_056-069-050.wav,5305
string_acoustic_057-069-050,valid,string,string_acoustic_057,69,upper,50,data/raw/nsynth/extracted/nsynth-valid/audio/string_acoustic_057-069-050.wav,5305
string_acoustic_056-069-075,valid,string,string_acoustic_056,69,upper,75,data/raw/nsynth/extracted/nsynth-valid/audio/string_acoustic_056-069-075.wav,5305
string_acoustic_056-069-100,valid,string,string_acoustic_056,69,upper,100,data/raw/nsynth/extracted/nsynth-valid/audio/string_acoustic_056-069-100.wav,5305
string_acoustic_057-069-100,valid,string,string_acoustic_057,69,upper,100,data/raw/nsynth/extracted/nsynth-valid/audio/string_acoustic_057-069-100.wav,5305
string_acoustic_056-069-127,valid,string,string_acoustic_056,69,upper,127,data/raw/nsynth/extracted/nsynth-valid/audio/string_acoustic_056-069-127.wav,5305
string_acoustic_057-069-127,valid,string,string_acoustic_057,69,upper,127,data/raw/nsynth/extracted/nsynth-valid/audio/string_acoustic_057-069-127.wav,5305
